time,enrolled,available,waitlisted,total
2024-02-16T04:29:14,0,9999,0,9999
2024-02-16T04:44:36,0,9999,0,9999
2024-02-16T05:01:31,0,9999,0,9999
2024-02-16T05:17:01,0,9999,0,9999
2024-02-16T05:32:21,0,9999,0,9999
2024-02-16T05:47:44,0,9999,0,9999
2024-02-16T06:03:05,0,9999,0,9999
2024-02-16T06:18:24,0,9999,0,9999
2024-02-16T06:33:50,0,9999,0,9999
2024-02-16T06:49:36,0,9999,0,9999
2024-02-16T07:05:20,0,9999,0,9999
2024-02-16T07:20:34,0,9999,0,9999
2024-02-16T07:35:56,0,9999,0,9999
2024-02-16T07:51:22,0,9999,0,9999
2024-02-16T08:06:43,0,9999,0,9999
2024-02-16T08:21:57,0,9999,0,9999
2024-02-16T08:37:13,0,9999,0,9999
2024-02-16T08:52:38,0,9999,0,9999
2024-02-16T09:08:04,0,9999,0,9999
2024-02-16T09:23:49,0,9999,0,9999
2024-02-16T09:40:09,0,9999,0,9999
2024-02-16T09:55:30,0,9999,0,9999
2024-02-16T10:10:44,0,9999,0,9999
2024-02-16T10:26:08,0,9999,0,9999
2024-02-16T10:41:25,0,9999,0,9999
2024-02-16T10:56:46,0,9999,0,9999
2024-02-16T11:12:14,0,9999,0,9999
2024-02-16T11:27:34,0,9999,0,9999
2024-02-16T11:42:52,0,9999,0,9999
2024-02-16T11:58:12,0,9999,0,9999
2024-02-16T12:13:31,0,9999,0,9999
2024-02-16T12:29:03,0,9999,0,9999
2024-02-16T12:44:18,0,9999,0,9999
2024-02-16T12:59:38,0,9999,0,9999
2024-02-16T13:15:00,0,9999,0,9999
2024-02-16T13:30:17,0,9999,0,9999
2024-02-16T13:45:48,0,9999,0,9999
2024-02-16T14:01:04,0,9999,0,9999
2024-02-16T14:16:20,0,9999,0,9999
2024-02-16T14:31:39,0,9999,0,9999
2024-02-16T14:46:55,0,9999,0,9999
2024-02-16T15:02:14,0,9999,0,9999
2024-02-16T15:17:43,0,9999,0,9999
2024-02-16T15:32:58,0,9999,0,9999
2024-02-16T15:48:24,0,9999,0,9999
2024-02-16T16:03:40,0,9999,0,9999
2024-02-16T16:19:11,0,9999,0,9999
2024-02-16T16:34:27,0,9999,0,9999
2024-02-16T16:49:48,0,9999,0,9999
2024-02-16T17:05:07,0,9999,0,9999
2024-02-16T17:20:36,0,9999,0,9999
2024-02-16T17:36:02,0,9999,0,9999
2024-02-16T17:51:21,0,9999,0,9999
2024-02-16T18:06:44,0,9999,0,9999
2024-02-16T18:22:04,0,9999,0,9999
2024-02-16T18:37:19,0,9999,0,9999
2024-02-16T18:52:37,0,9999,0,9999
2024-02-16T19:08:05,0,9999,0,9999
2024-02-16T19:23:27,0,9999,0,9999
2024-02-16T19:38:51,0,9999,0,9999
2024-02-16T19:54:21,0,9999,0,9999
2024-02-16T20:09:47,0,9999,0,9999
2024-02-16T20:25:17,0,9999,0,9999
2024-02-16T20:40:38,0,9999,0,9999
2024-02-16T20:57:58,0,9999,0,9999
2024-02-16T21:13:21,0,9999,0,9999
2024-02-16T21:28:38,0,9999,0,9999
2024-02-16T21:44:03,0,9999,0,9999
2024-02-16T21:59:27,0,9999,0,9999
2024-02-16T22:14:51,0,9999,0,9999
2024-02-16T22:30:12,0,9999,0,9999
2024-02-16T22:45:28,0,9999,0,9999
2024-02-16T23:00:48,0,9999,0,9999
2024-02-16T23:16:05,0,9999,0,9999
2024-02-16T23:31:31,0,9999,0,9999
2024-02-16T23:46:50,0,9999,0,9999
2024-02-17T00:03:55,0,9999,0,9999
2024-02-17T00:28:34,0,9999,0,9999
2024-02-17T00:50:39,0,9999,0,9999
2024-02-17T01:12:41,0,9999,0,9999
2024-02-17T01:31:49,0,9999,0,9999
2024-02-17T01:47:09,0,9999,0,9999
2024-02-17T02:02:39,0,9999,0,9999
2024-02-17T02:18:05,0,9999,0,9999
2024-02-17T02:33:24,0,9999,0,9999
2024-02-17T02:48:49,0,9999,0,9999
2024-02-17T03:04:08,0,9999,0,9999
2024-02-17T03:19:31,0,9999,0,9999
2024-02-17T03:34:51,0,9999,0,9999
2024-02-17T03:50:14,0,9999,0,9999
2024-02-17T04:05:47,0,9999,0,9999
2024-02-17T04:30:07,0,9999,0,9999
2024-02-17T04:45:58,0,9999,0,9999
2024-02-17T05:01:31,0,9999,0,9999
2024-02-17T05:16:53,0,9999,0,9999
2024-02-17T05:32:13,0,9999,0,9999
2024-02-17T05:47:38,0,9999,0,9999
2024-02-17T06:03:00,0,9999,0,9999
2024-02-17T06:19:31,0,9999,0,9999
2024-02-17T10:04:01,0,9999,0,9999
2024-02-17T10:19:30,0,9999,0,9999
2024-02-17T10:29:56,0,9999,0,9999
2024-02-17T10:45:25,0,9999,0,9999
2024-02-17T11:00:45,0,9999,0,9999
2024-02-17T11:16:09,0,9999,0,9999
2024-02-17T11:31:34,0,9999,0,9999
2024-02-17T11:46:50,0,9999,0,9999
2024-02-17T12:02:09,0,9999,0,9999
2024-02-17T12:17:48,0,9999,0,9999
2024-02-17T12:33:08,0,9999,0,9999
2024-02-17T12:48:27,0,9999,0,9999
2024-02-17T13:03:44,0,9999,0,9999
2024-02-17T13:19:02,0,9999,0,9999
2024-02-17T13:34:31,0,9999,0,9999
2024-02-17T13:49:56,0,9999,0,9999
2024-02-17T14:05:20,0,9999,0,9999
2024-02-17T14:20:36,0,9999,0,9999
2024-02-17T14:35:57,0,9999,0,9999
2024-02-17T14:51:33,0,9999,0,9999
2024-02-17T15:06:56,0,9999,0,9999
2024-02-17T15:22:10,0,9999,0,9999
2024-02-17T15:37:27,0,9999,0,9999
2024-02-17T15:53:01,0,9999,0,9999
2024-02-17T16:08:22,0,9999,0,9999
2024-02-17T16:23:37,0,9999,0,9999
2024-02-17T16:38:51,0,9999,0,9999
2024-02-17T16:54:10,0,9999,0,9999
2024-02-17T17:09:30,0,9999,0,9999
2024-02-17T17:25:05,0,9999,0,9999
2024-02-17T17:40:24,0,9999,0,9999
2024-02-17T17:55:49,0,9999,0,9999
2024-02-17T18:11:13,0,9999,0,9999
2024-02-17T18:26:37,0,9999,0,9999
2024-02-17T18:41:58,0,9999,0,9999
2024-02-17T18:57:19,0,9999,0,9999
2024-02-17T19:12:49,0,9999,0,9999
2024-02-17T19:28:10,0,9999,0,9999
2024-02-17T19:43:31,0,9999,0,9999
2024-02-17T19:58:52,0,9999,0,9999
2024-02-17T20:14:10,0,9999,0,9999
2024-02-17T20:29:26,0,9999,0,9999
2024-02-17T20:44:57,0,9999,0,9999
2024-02-17T21:00:18,0,9999,0,9999
2024-02-17T21:15:41,0,9999,0,9999
2024-02-17T21:31:00,0,9999,0,9999
2024-02-17T21:46:24,0,9999,0,9999
2024-02-17T22:01:41,0,9999,0,9999
2024-02-17T22:17:03,0,9999,0,9999
2024-02-17T22:32:30,0,9999,0,9999
2024-02-17T22:48:03,0,9999,0,9999
2024-02-17T23:03:25,0,9999,0,9999
2024-02-17T23:18:46,0,9999,0,9999
2024-02-17T23:34:07,0,9999,0,9999
2024-02-17T23:49:29,0,9999,0,9999
2024-02-18T00:04:49,0,9999,0,9999
2024-02-18T00:20:15,0,9999,0,9999
2024-02-18T00:35:36,0,9999,0,9999
2024-02-18T00:54:31,0,9999,0,9999
2024-02-18T01:09:54,0,9999,0,9999
2024-02-18T01:25:27,0,9999,0,9999
2024-02-18T01:40:49,0,9999,0,9999
2024-02-18T01:56:12,0,9999,0,9999
2024-02-18T02:11:39,0,9999,0,9999
2024-02-18T02:27:00,0,9999,0,9999
2024-02-18T02:42:22,0,9999,0,9999
2024-02-18T02:57:41,0,9999,0,9999
2024-02-18T03:12:59,0,9999,0,9999
2024-02-18T03:28:29,0,9999,0,9999
2024-02-18T03:43:55,0,9999,0,9999
2024-02-18T03:59:10,0,9999,0,9999
2024-02-18T04:27:32,0,9999,0,9999
2024-02-18T04:43:09,0,9999,0,9999
2024-02-18T04:58:35,0,9999,0,9999
2024-02-18T05:14:05,0,9999,0,9999
2024-02-18T05:29:31,0,9999,0,9999
2024-02-18T05:44:51,0,9999,0,9999
2024-02-18T06:00:18,0,9999,0,9999
2024-02-18T06:15:51,0,9999,0,9999
2024-02-18T06:31:20,0,9999,0,9999
2024-02-18T06:46:48,0,9999,0,9999
2024-02-18T07:02:09,0,9999,0,9999
2024-02-18T07:17:32,0,9999,0,9999
2024-02-18T07:32:51,0,9999,0,9999
2024-02-18T07:48:10,0,9999,0,9999
2024-02-18T08:03:30,0,9999,0,9999
2024-02-18T08:18:49,0,9999,0,9999
2024-02-18T08:34:05,0,9999,0,9999
2024-02-18T08:49:24,0,9999,0,9999
2024-02-18T09:04:40,0,9999,0,9999
2024-02-18T09:20:03,0,9999,0,9999
2024-02-18T09:35:37,0,9999,0,9999
2024-02-18T09:50:56,0,9999,0,9999
2024-02-18T10:06:25,0,9999,0,9999
2024-02-18T10:21:49,0,9999,0,9999
2024-02-18T10:37:16,0,9999,0,9999
2024-02-18T10:52:36,0,9999,0,9999
2024-02-18T11:07:58,0,9999,0,9999
2024-02-18T11:23:30,0,9999,0,9999
2024-02-18T11:38:53,0,9999,0,9999
2024-02-18T11:54:16,0,9999,0,9999
2024-02-18T12:09:38,0,9999,0,9999
2024-02-18T12:25:09,0,9999,0,9999
2024-02-18T12:40:33,0,9999,0,9999
2024-02-18T12:55:56,0,9999,0,9999
2024-02-18T13:11:15,0,9999,0,9999
2024-02-18T13:26:38,0,9999,0,9999
2024-02-18T13:42:06,0,9999,0,9999
2024-02-18T13:57:28,0,9999,0,9999
2024-02-18T14:12:53,0,9999,0,9999
2024-02-18T14:28:05,0,9999,0,9999
2024-02-18T14:43:39,0,9999,0,9999
2024-02-18T14:58:58,0,9999,0,9999
2024-02-18T15:14:26,0,9999,0,9999
2024-02-18T15:29:46,0,9999,0,9999
2024-02-18T15:45:07,0,9999,0,9999
2024-02-18T16:00:23,0,9999,0,9999
2024-02-18T16:16:09,0,9999,0,9999
2024-02-18T16:31:30,0,9999,0,9999
2024-02-18T16:46:54,0,9999,0,9999
2024-02-18T17:02:21,0,9999,0,9999
2024-02-18T17:17:41,0,9999,0,9999
2024-02-18T17:33:13,0,9999,0,9999
2024-02-18T17:48:31,0,9999,0,9999
2024-02-18T18:03:51,0,9999,0,9999
2024-02-18T18:19:37,0,9999,0,9999
2024-02-18T18:35:05,0,9999,0,9999
2024-02-18T18:50:27,0,9999,0,9999
2024-02-18T19:05:49,0,9999,0,9999
2024-02-18T19:21:08,0,9999,0,9999
2024-02-18T19:36:21,0,9999,0,9999
2024-02-18T19:51:38,0,9999,0,9999
2024-02-18T20:07:00,0,9999,0,9999
2024-02-18T20:22:32,0,9999,0,9999
2024-02-18T20:37:47,0,9999,0,9999
2024-02-18T20:53:09,0,9999,0,9999
2024-02-18T21:08:22,0,9999,0,9999
2024-02-18T21:23:42,0,9999,0,9999
2024-02-18T21:39:04,0,9999,0,9999
2024-02-18T21:54:41,0,9999,0,9999
2024-02-18T22:10:00,0,9999,0,9999
2024-02-18T22:25:28,0,9999,0,9999
2024-02-18T22:40:54,0,9999,0,9999
2024-02-18T22:56:31,0,9999,0,9999
2024-02-18T23:11:52,0,9999,0,9999
2024-02-18T23:27:12,0,9999,0,9999
2024-02-18T23:42:36,0,9999,0,9999
2024-02-18T23:58:10,0,9999,0,9999
2024-02-19T00:13:33,0,9999,0,9999
2024-02-19T00:28:59,0,9999,0,9999
2024-02-19T00:44:26,0,9999,0,9999
2024-02-19T00:59:54,0,9999,0,9999
2024-02-19T01:15:24,0,9999,0,9999
2024-02-19T01:30:47,0,9999,0,9999
2024-02-19T01:46:12,0,9999,0,9999
2024-02-19T02:01:39,0,9999,0,9999
2024-02-19T02:17:15,0,9999,0,9999
2024-02-19T02:32:52,0,9999,0,9999
2024-02-19T02:48:24,0,9999,0,9999
2024-02-19T03:03:46,0,9999,0,9999
2024-02-19T03:19:04,0,9999,0,9999
2024-02-19T03:34:39,0,9999,0,9999
2024-02-19T03:50:00,0,9999,0,9999
2024-02-19T04:05:33,0,9999,0,9999
2024-02-19T04:26:06,0,9999,0,9999
2024-02-19T04:43:28,0,9999,0,9999
2024-02-19T04:58:57,0,9999,0,9999
2024-02-19T05:14:22,0,9999,0,9999
2024-02-19T05:29:53,0,9999,0,9999
2024-02-19T05:45:32,0,9999,0,9999
2024-02-19T06:01:00,0,9999,0,9999
2024-02-19T06:16:34,0,9999,0,9999
2024-02-19T06:32:06,0,9999,0,9999
2024-02-19T06:47:25,0,9999,0,9999
2024-02-19T07:02:52,0,9999,0,9999
2024-02-19T07:18:14,0,9999,0,9999
2024-02-19T07:33:42,0,9999,0,9999
2024-02-19T07:49:13,0,9999,0,9999
2024-02-19T08:04:41,0,9999,0,9999
2024-02-19T08:20:07,0,9999,0,9999
2024-02-19T08:35:25,0,9999,0,9999
2024-02-19T08:51:00,0,9999,0,9999
2024-02-19T09:06:27,0,9999,0,9999
2024-02-19T09:21:52,0,9999,0,9999
2024-02-19T09:37:08,0,9999,0,9999
2024-02-19T09:52:24,0,9999,0,9999
2024-02-19T10:07:54,0,9999,0,9999
2024-02-19T10:23:17,0,9999,0,9999
2024-02-19T10:38:38,0,9999,0,9999
2024-02-19T10:54:14,0,9999,0,9999
2024-02-19T11:09:31,0,9999,0,9999
2024-02-19T11:24:53,0,9999,0,9999
2024-02-19T11:40:13,0,9999,0,9999
2024-02-19T11:55:36,0,9999,0,9999
2024-02-19T12:11:28,0,9999,0,9999
2024-02-19T12:26:58,0,9999,0,9999
2024-02-19T12:42:18,0,9999,0,9999
2024-02-19T12:57:43,0,9999,0,9999
2024-02-19T13:13:06,0,9999,0,9999
2024-02-19T13:28:49,0,9999,0,9999
2024-02-19T13:44:13,0,9999,0,9999
2024-02-19T13:59:31,0,9999,0,9999
2024-02-19T14:14:57,0,9999,0,9999
2024-02-19T14:30:42,0,9999,0,9999
2024-02-19T14:46:13,0,9999,0,9999
2024-02-19T15:01:35,0,9999,0,9999
2024-02-19T15:17:12,0,9999,0,9999
2024-02-19T15:32:43,0,9999,0,9999
2024-02-19T15:48:13,0,9999,0,9999
2024-02-19T16:03:51,0,9999,0,9999
2024-02-19T16:19:36,0,9999,0,9999
2024-02-19T16:34:58,0,9999,0,9999
2024-02-19T16:50:29,0,9999,0,9999
2024-02-19T17:06:19,0,9999,0,9999
2024-02-19T17:21:53,0,9999,0,9999
2024-02-19T17:37:23,0,9999,0,9999
2024-02-19T17:53:04,0,9999,0,9999
2024-02-19T18:08:40,0,9999,0,9999
2024-02-19T18:24:07,0,9999,0,9999
2024-02-19T18:40:15,0,9999,0,9999
2024-02-19T18:55:47,0,9999,0,9999
2024-02-19T19:11:20,0,9999,0,9999
2024-02-19T19:26:47,0,9999,0,9999
2024-02-19T19:42:30,0,9999,0,9999
2024-02-19T19:57:52,0,9999,0,9999
2024-02-19T20:13:06,0,9999,0,9999
2024-02-19T20:28:32,0,9999,0,9999
2024-02-19T20:43:58,0,9999,0,9999
2024-02-19T20:59:31,0,9999,0,9999
2024-02-19T21:14:53,0,9999,0,9999
2024-02-19T21:30:51,0,9999,0,9999
2024-02-19T21:46:25,0,9999,0,9999
2024-02-19T22:01:45,0,9999,0,9999
2024-02-19T22:17:22,0,9999,0,9999
2024-02-19T22:32:48,0,9999,0,9999
2024-02-19T22:48:36,0,9999,0,9999
2024-02-19T23:04:18,0,9999,0,9999
2024-02-19T23:19:42,0,9999,0,9999
2024-02-19T23:35:02,0,9999,0,9999
2024-02-19T23:50:44,0,9999,0,9999
2024-02-20T00:06:21,0,9999,0,9999
2024-02-20T00:21:43,0,9999,0,9999
2024-02-20T00:37:08,0,9999,0,9999
2024-02-20T00:52:37,0,9999,0,9999
2024-02-20T01:08:20,0,9999,0,9999
2024-02-20T01:23:51,0,9999,0,9999
2024-02-20T01:39:17,0,9999,0,9999
2024-02-20T01:54:43,0,9999,0,9999
2024-02-20T02:10:20,0,9999,0,9999
2024-02-20T02:25:51,0,9999,0,9999
2024-02-20T02:41:14,0,9999,0,9999
2024-02-20T02:56:43,0,9999,0,9999
2024-02-20T03:12:19,0,9999,0,9999
2024-02-20T03:28:06,0,9999,0,9999
2024-02-20T03:43:49,0,9999,0,9999
2024-02-20T03:59:16,0,9999,0,9999
2024-02-20T04:26:39,0,9999,0,9999
2024-02-20T04:42:23,0,9999,0,9999
2024-02-20T04:58:01,0,9999,0,9999
2024-02-20T05:13:55,0,9999,0,9999
2024-02-20T05:29:42,0,9999,0,9999
2024-02-20T05:45:24,0,9999,0,9999
2024-02-20T06:01:02,0,9999,0,9999
2024-02-20T06:16:43,0,9999,0,9999
2024-02-20T06:32:10,0,9999,0,9999
2024-02-20T06:47:41,0,9999,0,9999
2024-02-20T07:02:58,0,9999,0,9999
2024-02-20T07:18:41,0,9999,0,9999
2024-02-20T07:34:12,0,9999,0,9999
2024-02-20T07:49:41,0,9999,0,9999
2024-02-20T08:05:01,0,9999,0,9999
2024-02-20T08:20:34,0,9999,0,9999
2024-02-20T08:36:04,0,9999,0,9999
2024-02-20T08:51:33,0,9999,0,9999
2024-02-20T09:07:03,0,9999,0,9999
2024-02-20T09:22:28,0,9999,0,9999
2024-02-20T09:38:15,0,9999,0,9999
2024-02-20T09:53:49,0,9999,0,9999
2024-02-20T10:09:32,0,9999,0,9999
2024-02-20T10:25:03,0,9999,0,9999
2024-02-20T10:40:58,0,9999,0,9999
2024-02-20T10:56:28,0,9999,0,9999
2024-02-20T11:12:05,0,9999,0,9999
2024-02-20T11:27:42,0,9999,0,9999
2024-02-20T11:43:29,0,9999,0,9999
2024-02-20T11:59:28,0,9999,0,9999
2024-02-20T12:15:20,0,9999,0,9999
2024-02-20T12:30:57,0,9999,0,9999
2024-02-20T12:46:51,0,9999,0,9999
2024-02-20T13:02:36,0,9999,0,9999
2024-02-20T13:18:21,0,9999,0,9999
2024-02-20T13:34:06,0,9999,0,9999
2024-02-20T13:49:37,0,9999,0,9999
2024-02-20T14:05:08,0,9999,0,9999
2024-02-20T14:20:51,0,9999,0,9999
2024-02-20T14:36:36,0,9999,0,9999
2024-02-20T14:52:34,0,9999,0,9999
2024-02-20T15:08:25,0,9999,0,9999
2024-02-20T15:24:08,0,9999,0,9999
2024-02-20T15:40:05,0,9999,0,9999
2024-02-20T15:56:06,0,9999,0,9999
2024-02-20T16:11:46,0,9999,0,9999
2024-02-20T16:27:31,0,9999,0,9999
2024-02-20T16:43:18,0,9999,0,9999
2024-02-20T16:59:07,0,9999,0,9999
2024-02-20T17:15:14,0,9999,0,9999
2024-02-20T17:31:23,0,9999,0,9999
2024-02-20T17:47:02,0,9999,0,9999
2024-02-20T18:02:41,0,9999,0,9999
2024-02-20T18:18:27,0,9999,0,9999
2024-02-20T18:34:09,0,9999,0,9999
2024-02-20T18:50:31,0,9999,0,9999
2024-02-20T19:06:44,0,9999,0,9999
2024-02-20T19:22:41,0,9999,0,9999
2024-02-20T19:38:20,0,9999,0,9999
2024-02-20T19:54:22,0,9999,0,9999
2024-02-20T20:10:24,0,9999,0,9999
2024-02-20T20:26:12,0,9999,0,9999
2024-02-20T20:41:52,0,9999,0,9999
2024-02-20T20:57:43,0,9999,0,9999
2024-02-20T21:13:42,0,9999,0,9999
2024-02-20T21:29:11,0,9999,0,9999
2024-02-20T21:44:47,0,9999,0,9999
2024-02-20T22:00:30,0,9999,0,9999
2024-02-20T22:16:18,0,9999,0,9999
2024-02-20T22:31:49,0,9999,0,9999
2024-02-20T22:47:21,0,9999,0,9999
2024-02-20T23:03:02,0,9999,0,9999
2024-02-20T23:18:58,0,9999,0,9999
2024-02-20T23:34:58,0,9999,0,9999
2024-02-20T23:50:54,0,9999,0,9999
2024-02-21T00:06:34,0,9999,0,9999
2024-02-21T00:22:21,0,9999,0,9999
2024-02-21T00:38:04,0,9999,0,9999
2024-02-21T00:54:05,0,9999,0,9999
2024-02-21T01:09:43,0,9999,0,9999
2024-02-21T01:25:19,0,9999,0,9999
2024-02-21T01:41:10,0,9999,0,9999
2024-02-21T01:56:44,0,9999,0,9999
2024-02-21T02:12:19,0,9999,0,9999
2024-02-21T02:27:43,0,9999,0,9999
2024-02-21T02:42:55,0,9999,0,9999
2024-02-21T02:58:08,0,9999,0,9999
2024-02-21T03:13:31,0,9999,0,9999
2024-02-21T03:28:44,0,9999,0,9999
2024-02-21T03:43:57,0,9999,0,9999
2024-02-21T03:59:10,0,9999,0,9999
2024-02-21T04:29:17,0,9999,0,9999
2024-02-21T04:45:00,0,9999,0,9999
2024-02-21T05:00:15,0,9999,0,9999
2024-02-21T05:15:30,0,9999,0,9999
2024-02-21T05:30:45,0,9999,0,9999
2024-02-21T05:46:00,0,9999,0,9999
2024-02-21T06:01:14,0,9999,0,9999
2024-02-21T06:16:28,0,9999,0,9999
2024-02-21T06:31:46,0,9999,0,9999
2024-02-21T06:47:00,0,9999,0,9999
2024-02-21T07:02:15,0,9999,0,9999
2024-02-21T07:17:29,0,9999,0,9999
2024-02-21T07:32:43,0,9999,0,9999
2024-02-21T07:47:55,0,9999,0,9999
2024-02-21T08:03:08,0,9999,0,9999
2024-02-21T08:18:23,0,9999,0,9999
2024-02-21T08:33:48,0,9999,0,9999
2024-02-21T08:49:02,0,9999,0,9999
2024-02-21T09:04:21,0,9999,0,9999
2024-02-21T09:19:39,0,9999,0,9999
2024-02-21T09:34:56,0,9999,0,9999
2024-02-21T09:50:21,0,9999,0,9999
2024-02-21T10:05:39,0,9999,0,9999
2024-02-21T10:20:56,0,9999,0,9999
2024-02-21T10:36:26,0,9999,0,9999
2024-02-21T10:51:43,0,9999,0,9999
2024-02-21T11:07:15,0,9999,0,9999
2024-02-21T11:22:34,0,9999,0,9999
2024-02-21T11:38:02,0,9999,0,9999
2024-02-21T11:53:21,0,9999,0,9999
2024-02-21T12:08:49,0,9999,0,9999
2024-02-21T12:24:07,0,9999,0,9999
2024-02-21T12:39:36,0,9999,0,9999
2024-02-21T12:54:55,0,9999,0,9999
2024-02-21T13:10:23,0,9999,0,9999
2024-02-21T13:25:41,0,9999,0,9999
2024-02-21T13:41:15,0,9999,0,9999
2024-02-21T13:56:35,0,9999,0,9999
2024-02-21T14:12:01,0,9999,0,9999
2024-02-21T14:27:30,0,9999,0,9999
2024-02-21T14:42:51,0,9999,0,9999
2024-02-21T14:58:20,0,9999,0,9999
2024-02-21T15:13:49,0,9999,0,9999
2024-02-21T15:29:19,0,9999,0,9999
2024-02-21T15:44:49,0,9999,0,9999
2024-02-21T16:00:21,0,9999,0,9999
2024-02-21T16:15:43,0,9999,0,9999
2024-02-21T16:31:17,0,9999,0,9999
2024-02-21T16:46:40,0,9999,0,9999
2024-02-21T17:02:15,0,9999,0,9999
2024-02-21T17:17:38,0,9999,0,9999
2024-02-21T17:32:58,0,9999,0,9999
2024-02-21T17:48:27,0,9999,0,9999
2024-02-21T18:03:48,0,9999,0,9999
2024-02-21T18:19:16,0,9999,0,9999
2024-02-21T18:34:42,0,9999,0,9999
2024-02-21T18:50:11,0,9999,0,9999
2024-02-21T19:05:33,0,9999,0,9999
2024-02-21T19:20:53,0,9999,0,9999
2024-02-21T19:36:21,0,9999,0,9999
2024-02-21T19:51:41,0,9999,0,9999
2024-02-21T20:07:11,0,9999,0,9999
2024-02-21T20:22:31,0,9999,0,9999
2024-02-21T20:38:01,0,9999,0,9999
2024-02-21T20:53:21,0,9999,0,9999
2024-02-21T21:08:38,0,9999,0,9999
2024-02-21T21:24:06,0,9999,0,9999
2024-02-21T21:39:22,0,9999,0,9999
2024-02-21T21:54:38,0,9999,0,9999
2024-02-21T22:10:03,0,9999,0,9999
2024-02-21T22:25:22,0,9999,0,9999
2024-02-21T22:40:38,0,9999,0,9999
2024-02-21T22:55:54,0,9999,0,9999
2024-02-21T23:11:22,0,9999,0,9999
2024-02-21T23:26:39,0,9999,0,9999
2024-02-21T23:41:55,0,9999,0,9999
2024-02-21T23:57:12,0,9999,0,9999
2024-02-22T00:12:43,0,9999,0,9999
2024-02-22T00:28:05,0,9999,0,9999
2024-02-22T00:43:25,0,9999,0,9999
2024-02-22T00:58:45,0,9999,0,9999
2024-02-22T01:14:04,0,9999,0,9999
2024-02-22T01:29:23,0,9999,0,9999
2024-02-22T01:44:52,0,9999,0,9999
2024-02-22T02:00:12,0,9999,0,9999
2024-02-22T02:15:29,0,9999,0,9999
2024-02-22T02:30:46,0,9999,0,9999
2024-02-22T02:46:02,0,9999,0,9999
2024-02-22T03:01:18,0,9999,0,9999
2024-02-22T03:16:48,0,9999,0,9999
2024-02-22T03:32:06,0,9999,0,9999
2024-02-22T03:47:28,0,9999,0,9999
2024-02-22T04:02:53,0,9999,0,9999
2024-02-22T04:18:49,0,9999,0,9999
2024-02-22T04:33:11,0,9999,0,9999
2024-02-22T04:48:52,0,9999,0,9999
2024-02-22T05:04:16,0,9999,0,9999
2024-02-22T05:19:43,0,9999,0,9999
2024-02-22T05:35:03,0,9999,0,9999
2024-02-22T05:50:23,0,9999,0,9999
2024-02-22T06:05:43,0,9999,0,9999
2024-02-22T06:21:02,0,9999,0,9999
2024-02-22T06:36:22,0,9999,0,9999
2024-02-22T06:51:41,0,9999,0,9999
2024-02-22T07:07:00,0,9999,0,9999
2024-02-22T07:22:19,0,9999,0,9999
2024-02-22T07:37:36,0,9999,0,9999
2024-02-22T07:52:53,0,9999,0,9999
2024-02-22T08:08:11,0,9999,0,9999
2024-02-22T08:23:39,0,9999,0,9999
2024-02-22T08:38:58,0,9999,0,9999
2024-02-22T08:54:17,0,9999,0,9999
2024-02-22T09:09:37,0,9999,0,9999
2024-02-22T09:24:58,0,9999,0,9999
2024-02-22T09:40:31,0,9999,0,9999
2024-02-22T09:55:54,0,9999,0,9999
2024-02-22T10:11:18,0,9999,0,9999
2024-02-22T10:26:51,0,9999,0,9999
2024-02-22T10:42:20,0,9999,0,9999
2024-02-22T10:57:42,0,9999,0,9999
2024-02-22T11:13:25,0,9999,0,9999
2024-02-22T11:28:50,0,9999,0,9999
2024-02-22T11:44:27,0,9999,0,9999
2024-02-22T11:59:48,0,9999,0,9999
2024-02-22T12:15:27,0,9999,0,9999
2024-02-22T12:30:51,0,9999,0,9999
2024-02-22T12:46:26,0,9999,0,9999
2024-02-22T13:01:57,0,9999,0,9999
2024-02-22T13:17:30,0,9999,0,9999
2024-02-22T13:32:58,0,9999,0,9999
2024-02-22T13:48:28,0,9999,0,9999
2024-02-22T14:03:58,0,9999,0,9999
2024-02-22T14:19:54,0,9999,0,9999
2024-02-22T14:35:33,0,9999,0,9999
2024-02-22T14:50:51,0,9999,0,9999
2024-02-22T15:06:18,0,9999,0,9999
2024-02-22T15:21:35,0,9999,0,9999
2024-02-22T15:37:01,0,9999,0,9999
2024-02-22T15:52:20,0,9999,0,9999
2024-02-22T16:07:47,0,9999,0,9999
2024-02-22T16:23:04,0,9999,0,9999
2024-02-22T16:38:19,0,9999,0,9999
2024-02-22T16:53:45,0,9999,0,9999
2024-02-22T17:08:58,0,9999,0,9999
2024-02-22T17:24:13,0,9999,0,9999
2024-02-22T17:39:35,0,9999,0,9999
2024-02-22T17:54:49,0,9999,0,9999
2024-02-22T18:10:02,0,9999,0,9999
2024-02-22T18:25:26,0,9999,0,9999
2024-02-22T18:40:38,0,9999,0,9999
2024-02-22T18:55:50,0,9999,0,9999
2024-02-22T19:11:01,0,9999,0,9999
2024-02-22T19:26:22,0,9999,0,9999
2024-02-22T19:41:32,0,9999,0,9999
2024-02-22T19:56:43,0,9999,0,9999
2024-02-22T20:11:53,0,9999,0,9999
2024-02-22T20:27:03,0,9999,0,9999
2024-02-22T20:42:23,0,9999,0,9999
2024-02-22T20:57:33,0,9999,0,9999
2024-02-22T21:12:43,0,9999,0,9999
2024-02-22T21:27:53,0,9999,0,9999
2024-02-22T21:43:14,0,9999,0,9999
2024-02-22T21:58:25,0,9999,0,9999
2024-02-22T22:13:34,0,9999,0,9999
2024-02-22T22:28:44,0,9999,0,9999
2024-02-22T22:43:54,0,9999,0,9999
2024-02-22T22:59:05,0,9999,0,9999
2024-02-22T23:14:26,0,9999,0,9999
2024-02-22T23:29:36,0,9999,0,9999
2024-02-22T23:45:59,0,9999,0,9999
2024-02-23T00:01:17,0,9999,0,9999
2024-02-23T00:19:59,0,9999,0,9999
2024-02-23T00:35:56,0,9999,0,9999
2024-02-23T00:51:19,0,9999,0,9999
2024-02-23T01:06:52,0,9999,0,9999
2024-02-23T01:22:13,0,9999,0,9999
2024-02-23T01:37:35,0,9999,0,9999
2024-02-23T01:52:55,0,9999,0,9999
2024-02-23T02:08:16,0,9999,0,9999
2024-02-23T02:23:37,0,9999,0,9999
2024-02-23T02:38:55,0,9999,0,9999
2024-02-23T02:54:14,0,9999,0,9999
2024-02-23T03:09:34,0,9999,0,9999
2024-02-23T03:24:56,0,9999,0,9999
2024-02-23T03:40:17,0,9999,0,9999
2024-02-23T03:55:49,0,9999,0,9999
2024-02-23T04:11:10,0,9999,0,9999
2024-02-23T04:28:36,0,9999,0,9999
2024-02-23T04:44:15,0,9999,0,9999
2024-02-23T04:59:37,0,9999,0,9999
2024-02-23T05:14:59,0,9999,0,9999
2024-02-23T05:30:19,0,9999,0,9999
2024-02-23T05:45:40,0,9999,0,9999
2024-02-23T06:01:01,0,9999,0,9999
2024-02-23T06:16:23,0,9999,0,9999
2024-02-23T06:31:43,0,9999,0,9999
2024-02-23T06:47:04,0,9999,0,9999
2024-02-23T07:02:26,0,9999,0,9999
2024-02-23T07:17:45,0,9999,0,9999
2024-02-23T07:33:04,0,9999,0,9999
2024-02-23T07:48:25,0,9999,0,9999
2024-02-23T08:03:44,0,9999,0,9999
2024-02-23T08:19:15,0,9999,0,9999
2024-02-23T08:34:34,0,9999,0,9999
2024-02-23T08:49:52,0,9999,0,9999
2024-02-23T09:05:10,0,9999,0,9999
2024-02-23T09:20:28,0,9999,0,9999
2024-02-23T09:35:47,0,9999,0,9999
2024-02-23T09:51:07,0,9999,0,9999
2024-02-23T10:06:26,0,9999,0,9999
2024-02-23T10:21:44,0,9999,0,9999
2024-02-23T10:37:11,0,9999,0,9999
2024-02-23T10:52:29,0,9999,0,9999
2024-02-23T11:07:47,0,9999,0,9999
2024-02-23T11:23:05,0,9999,0,9999
2024-02-23T11:38:23,0,9999,0,9999
2024-02-23T11:53:52,0,9999,0,9999
2024-02-23T12:09:10,0,9999,0,9999
2024-02-23T12:24:31,0,9999,0,9999
2024-02-23T12:39:49,0,9999,0,9999
2024-02-23T12:55:18,0,9999,0,9999
2024-02-23T13:10:36,0,9999,0,9999
2024-02-23T13:25:53,0,9999,0,9999
2024-02-23T13:41:11,0,9999,0,9999
2024-02-23T13:56:30,0,9999,0,9999
2024-02-23T14:11:59,0,9999,0,9999
2024-02-23T14:27:18,0,9999,0,9999
2024-02-23T14:42:36,0,9999,0,9999
2024-02-23T14:57:54,0,9999,0,9999
2024-02-23T15:13:24,0,9999,0,9999
2024-02-23T15:28:42,0,9999,0,9999
2024-02-23T15:44:00,0,9999,0,9999
2024-02-23T15:59:20,0,9999,0,9999
2024-02-23T16:14:40,0,9999,0,9999
2024-02-23T16:29:59,0,9999,0,9999
2024-02-23T16:45:28,0,9999,0,9999
2024-02-23T17:00:48,0,9999,0,9999
2024-02-23T17:16:09,0,9999,0,9999
2024-02-23T17:31:28,0,9999,0,9999
2024-02-23T17:46:47,0,9999,0,9999
2024-02-23T18:02:06,0,9999,0,9999
2024-02-23T18:17:36,0,9999,0,9999
2024-02-23T18:32:56,0,9999,0,9999
2024-02-23T18:48:15,0,9999,0,9999
2024-02-23T19:03:36,0,9999,0,9999
2024-02-23T19:18:55,0,9999,0,9999
2024-02-23T19:34:15,0,9999,0,9999
2024-02-23T19:49:34,0,9999,0,9999
2024-02-23T20:04:53,0,9999,0,9999
2024-02-23T20:20:12,0,9999,0,9999
2024-02-23T20:35:33,0,9999,0,9999
2024-02-23T20:51:02,0,9999,0,9999
2024-02-23T21:06:21,0,9999,0,9999
2024-02-23T21:21:40,0,9999,0,9999
2024-02-23T21:37:00,0,9999,0,9999
2024-02-23T21:52:20,0,9999,0,9999
2024-02-23T22:07:39,0,9999,0,9999
2024-02-23T22:22:58,0,9999,0,9999
2024-02-23T22:38:16,0,9999,0,9999
2024-02-23T22:53:45,0,9999,0,9999
2024-02-23T23:09:05,0,9999,0,9999
2024-02-23T23:24:25,0,9999,0,9999
2024-02-23T23:39:45,0,9999,0,9999
2024-02-23T23:55:05,0,9999,0,9999
2024-02-24T00:10:27,0,9999,0,9999
2024-02-24T00:25:54,0,9999,0,9999
2024-02-24T00:41:17,0,9999,0,9999
2024-02-24T00:56:42,0,9999,0,9999
2024-02-24T01:12:03,0,9999,0,9999
2024-02-24T01:27:25,0,9999,0,9999
2024-02-24T01:42:47,0,9999,0,9999
2024-02-24T01:58:18,0,9999,0,9999
2024-02-24T02:13:40,0,9999,0,9999
2024-02-24T02:29:01,0,9999,0,9999
2024-02-24T02:44:22,0,9999,0,9999
2024-02-24T02:59:43,0,9999,0,9999
2024-02-24T03:15:05,0,9999,0,9999
2024-02-24T03:30:27,0,9999,0,9999
2024-02-24T03:45:47,0,9999,0,9999
2024-02-24T04:01:09,0,9999,0,9999
2024-02-24T04:25:11,0,9999,0,9999
2024-02-24T04:42:14,0,9999,0,9999
2024-02-24T04:57:58,0,9999,0,9999
2024-02-24T05:13:20,0,9999,0,9999
2024-02-24T05:28:43,0,9999,0,9999
2024-02-24T05:44:05,0,9999,0,9999
2024-02-24T05:59:28,0,9999,0,9999
2024-02-24T06:14:53,0,9999,0,9999
2024-02-24T06:30:13,0,9999,0,9999
2024-02-24T06:45:35,0,9999,0,9999
2024-02-24T07:00:57,0,9999,0,9999
2024-02-24T07:16:19,0,9999,0,9999
2024-02-24T07:31:41,0,9999,0,9999
2024-02-24T07:47:01,0,9999,0,9999
2024-02-24T08:02:23,0,9999,0,9999
2024-02-24T08:17:52,0,9999,0,9999
2024-02-24T08:33:12,0,9999,0,9999
2024-02-24T08:48:35,0,9999,0,9999
2024-02-24T09:03:57,0,9999,0,9999
2024-02-24T09:19:18,0,9999,0,9999
2024-02-24T09:34:39,0,9999,0,9999
2024-02-24T09:50:00,0,9999,0,9999
2024-02-24T10:05:21,0,9999,0,9999
2024-02-24T10:20:42,0,9999,0,9999
2024-02-24T10:36:03,0,9999,0,9999
2024-02-24T10:51:23,0,9999,0,9999
2024-02-24T11:06:44,0,9999,0,9999
2024-02-24T11:22:04,0,9999,0,9999
2024-02-24T11:37:34,0,9999,0,9999
2024-02-24T11:52:54,0,9999,0,9999
2024-02-24T12:08:14,0,9999,0,9999
2024-02-24T12:23:33,0,9999,0,9999
2024-02-24T12:38:52,0,9999,0,9999
2024-02-24T12:54:12,0,9999,0,9999
2024-02-24T13:09:31,0,9999,0,9999
2024-02-24T13:24:50,0,9999,0,9999
2024-02-24T13:40:20,0,9999,0,9999
2024-02-24T13:55:38,0,9999,0,9999
2024-02-24T14:10:58,0,9999,0,9999
2024-02-24T14:26:17,0,9999,0,9999
2024-02-24T14:41:36,0,9999,0,9999
2024-02-24T14:56:55,0,9999,0,9999
2024-02-24T15:12:15,0,9999,0,9999
2024-02-24T15:27:46,0,9999,0,9999
2024-02-24T15:43:05,0,9999,0,9999
2024-02-24T15:58:24,0,9999,0,9999
2024-02-24T16:13:43,0,9999,0,9999
2024-02-24T16:29:02,0,9999,0,9999
2024-02-24T16:44:21,0,9999,0,9999
2024-02-24T16:59:40,0,9999,0,9999
2024-02-24T17:15:01,0,9999,0,9999
2024-02-24T17:30:29,0,9999,0,9999
2024-02-24T17:45:49,0,9999,0,9999
2024-02-24T18:01:08,0,9999,0,9999
2024-02-24T18:16:28,0,9999,0,9999
2024-02-24T18:31:48,0,9999,0,9999
2024-02-24T18:47:07,0,9999,0,9999
2024-02-24T19:02:27,0,9999,0,9999
2024-02-24T19:17:47,0,9999,0,9999
2024-02-24T19:33:07,0,9999,0,9999
2024-02-24T19:48:26,0,9999,0,9999
2024-02-24T20:03:55,0,9999,0,9999
2024-02-24T20:19:18,0,9999,0,9999
2024-02-24T20:34:37,0,9999,0,9999
2024-02-24T20:49:57,0,9999,0,9999
2024-02-24T21:05:16,0,9999,0,9999
2024-02-24T21:20:36,0,9999,0,9999
2024-02-24T21:35:55,0,9999,0,9999
2024-02-24T21:51:14,0,9999,0,9999
2024-02-24T22:06:34,0,9999,0,9999
2024-02-24T22:21:54,0,9999,0,9999
2024-02-24T22:37:13,0,9999,0,9999
2024-02-24T22:52:41,0,9999,0,9999
2024-02-24T23:08:00,0,9999,0,9999
2024-02-24T23:23:20,0,9999,0,9999
2024-02-24T23:38:38,0,9999,0,9999
2024-02-24T23:53:58,0,9999,0,9999
2024-02-25T00:09:18,0,9999,0,9999
2024-02-25T00:24:40,0,9999,0,9999
2024-02-25T00:40:02,0,9999,0,9999
2024-02-25T00:55:22,0,9999,0,9999
2024-02-25T01:10:52,0,9999,0,9999
2024-02-25T01:26:12,0,9999,0,9999
2024-02-25T01:41:32,0,9999,0,9999
2024-02-25T01:56:52,0,9999,0,9999
2024-02-25T02:12:13,0,9999,0,9999
2024-02-25T02:27:34,0,9999,0,9999
2024-02-25T02:42:53,0,9999,0,9999
2024-02-25T02:58:13,0,9999,0,9999
2024-02-25T03:13:33,0,9999,0,9999
2024-02-25T03:28:53,0,9999,0,9999
2024-02-25T03:44:16,0,9999,0,9999
2024-02-25T03:59:40,0,9999,0,9999
2024-02-25T04:25:23,0,9999,0,9999
2024-02-25T04:44:15,0,9999,0,9999
2024-02-25T05:00:03,0,9999,0,9999
2024-02-25T05:15:49,0,9999,0,9999
2024-02-25T05:31:17,0,9999,0,9999
2024-02-25T05:46:41,0,9999,0,9999
2024-02-25T06:02:11,0,9999,0,9999
2024-02-25T06:17:39,0,9999,0,9999
2024-02-25T06:33:05,0,9999,0,9999
2024-02-25T06:48:29,0,9999,0,9999
2024-02-25T07:03:51,0,9999,0,9999
2024-02-25T07:19:16,0,9999,0,9999
2024-02-25T07:34:40,0,9999,0,9999
2024-02-25T07:50:03,0,9999,0,9999
2024-02-25T08:05:31,0,9999,0,9999
2024-02-25T08:20:54,0,9999,0,9999
2024-02-25T08:36:27,0,9999,0,9999
2024-02-25T08:51:51,0,9999,0,9999
2024-02-25T09:07:16,0,9999,0,9999
2024-02-25T09:22:36,0,9999,0,9999
2024-02-25T09:37:57,0,9999,0,9999
2024-02-25T09:53:17,0,9999,0,9999
2024-02-25T10:08:37,0,9999,0,9999
2024-02-25T10:23:57,0,9999,0,9999
2024-02-25T10:39:18,0,9999,0,9999
2024-02-25T10:54:38,0,9999,0,9999
2024-02-25T11:10:00,0,9999,0,9999
2024-02-25T11:25:19,0,9999,0,9999
2024-02-25T11:40:40,0,9999,0,9999
2024-02-25T11:55:59,0,9999,0,9999
2024-02-25T12:11:30,0,9999,0,9999
2024-02-25T12:26:49,0,9999,0,9999
2024-02-25T12:42:08,0,9999,0,9999
2024-02-25T12:57:27,0,9999,0,9999
2024-02-25T13:12:46,0,9999,0,9999
2024-02-25T13:28:05,0,9999,0,9999
2024-02-25T13:43:24,0,9999,0,9999
2024-02-25T13:58:42,0,9999,0,9999
2024-02-25T14:14:01,0,9999,0,9999
2024-02-25T14:29:20,0,9999,0,9999
2024-02-25T14:44:52,0,9999,0,9999
2024-02-25T15:00:11,0,9999,0,9999
2024-02-25T15:15:30,0,9999,0,9999
2024-02-25T15:30:50,0,9999,0,9999
2024-02-25T15:46:09,0,9999,0,9999
2024-02-25T16:01:28,0,9999,0,9999
2024-02-25T16:16:48,0,9999,0,9999
2024-02-25T16:32:17,0,9999,0,9999
2024-02-25T16:47:37,0,9999,0,9999
2024-02-25T17:02:56,0,9999,0,9999
2024-02-25T17:18:15,0,9999,0,9999
2024-02-25T17:33:34,0,9999,0,9999
2024-02-25T17:48:53,0,9999,0,9999
2024-02-25T18:04:12,0,9999,0,9999
2024-02-25T18:19:42,0,9999,0,9999
2024-02-25T18:35:01,0,9999,0,9999
2024-02-25T18:50:20,0,9999,0,9999
2024-02-25T19:05:42,0,9999,0,9999
2024-02-25T19:21:02,0,9999,0,9999
2024-02-25T19:36:21,0,9999,0,9999
2024-02-25T19:51:39,0,9999,0,9999
2024-02-25T20:06:58,0,9999,0,9999
2024-02-25T20:22:27,0,9999,0,9999
2024-02-25T20:37:46,0,9999,0,9999
2024-02-25T20:53:05,0,9999,0,9999
2024-02-25T21:08:24,0,9999,0,9999
2024-02-25T21:23:44,0,9999,0,9999
2024-02-25T21:39:04,0,9999,0,9999
2024-02-25T21:54:33,0,9999,0,9999
2024-02-25T22:09:53,0,9999,0,9999
2024-02-25T22:25:12,0,9999,0,9999
2024-02-25T22:40:31,0,9999,0,9999
2024-02-25T22:55:50,0,9999,0,9999
2024-02-25T23:11:20,0,9999,0,9999
2024-02-25T23:26:40,0,9999,0,9999
2024-02-25T23:41:59,0,9999,0,9999
2024-02-25T23:57:19,0,9999,0,9999
2024-02-26T00:13:51,0,9999,0,9999
2024-02-26T00:29:22,0,9999,0,9999
2024-02-26T00:44:53,0,9999,0,9999
2024-02-26T01:00:16,0,9999,0,9999
2024-02-26T01:15:44,0,9999,0,9999
2024-02-26T01:31:11,0,9999,0,9999
2024-02-26T01:46:34,0,9999,0,9999
2024-02-26T02:01:58,0,9999,0,9999
2024-02-26T02:17:36,0,9999,0,9999
2024-02-26T02:33:01,0,9999,0,9999
2024-02-26T02:48:23,0,9999,0,9999
2024-02-26T03:03:44,0,9999,0,9999
2024-02-26T03:19:16,0,9999,0,9999
2024-02-26T03:34:39,0,9999,0,9999
2024-02-26T03:50:01,0,9999,0,9999
2024-02-26T04:05:23,0,9999,0,9999
2024-02-26T04:25:03,0,9999,0,9999
2024-02-26T04:40:45,0,9999,0,9999
2024-02-26T04:56:12,0,9999,0,9999
2024-02-26T05:11:47,0,9999,0,9999
2024-02-26T05:27:11,0,9999,0,9999
2024-02-26T05:42:35,0,9999,0,9999
2024-02-26T05:57:58,0,9999,0,9999
2024-02-26T06:13:25,0,9999,0,9999
2024-02-26T06:28:48,0,9999,0,9999
2024-02-26T06:44:10,0,9999,0,9999
2024-02-26T06:59:30,0,9999,0,9999
2024-02-26T07:14:50,0,9999,0,9999
2024-02-26T07:30:09,0,9999,0,9999
2024-02-26T07:45:29,0,9999,0,9999
2024-02-26T08:00:48,0,9999,0,9999
2024-02-26T08:16:07,0,9999,0,9999
2024-02-26T08:31:26,0,9999,0,9999
2024-02-26T08:46:55,0,9999,0,9999
2024-02-26T09:02:14,0,9999,0,9999
2024-02-26T09:17:33,0,9999,0,9999
2024-02-26T09:32:53,0,9999,0,9999
2024-02-26T09:48:12,0,9999,0,9999
2024-02-26T10:03:33,0,9999,0,9999
2024-02-26T10:19:05,0,9999,0,9999
2024-02-26T10:34:27,0,9999,0,9999
2024-02-26T10:49:48,0,9999,0,9999
2024-02-26T11:05:10,0,9999,0,9999
2024-02-26T11:20:45,0,9999,0,9999
2024-02-26T11:36:07,0,9999,0,9999
2024-02-26T11:51:28,0,9999,0,9999
2024-02-26T12:07:03,0,9999,0,9999
2024-02-26T12:22:25,0,9999,0,9999
2024-02-26T12:37:57,0,9999,0,9999
2024-02-26T12:53:18,0,9999,0,9999
2024-02-26T13:08:41,0,9999,0,9999
2024-02-26T13:24:15,0,9999,0,9999
2024-02-26T13:39:38,0,9999,0,9999
2024-02-26T13:55:04,0,9999,0,9999
2024-02-26T14:10:40,0,9999,0,9999
2024-02-26T14:26:05,0,9999,0,9999
2024-02-26T14:41:29,0,9999,0,9999
2024-02-26T14:57:03,0,9999,0,9999
2024-02-26T15:12:28,0,9999,0,9999
2024-02-26T15:27:54,0,9999,0,9999
2024-02-26T15:43:30,0,9999,0,9999
2024-02-26T15:58:55,0,9999,0,9999
2024-02-26T16:14:21,0,9999,0,9999
2024-02-26T16:29:57,0,9999,0,9999
2024-02-26T16:45:22,0,9999,0,9999
2024-02-26T17:00:47,0,9999,0,9999
2024-02-26T17:16:14,0,9999,0,9999
2024-02-26T17:31:50,0,9999,0,9999
2024-02-26T17:47:15,0,9999,0,9999
2024-02-26T18:02:41,0,9999,0,9999
2024-02-26T18:18:07,0,9999,0,9999
2024-02-26T18:33:44,0,9999,0,9999
2024-02-26T18:49:10,0,9999,0,9999
2024-02-26T19:04:36,0,9999,0,9999
2024-02-26T19:20:02,0,9999,0,9999
2024-02-26T19:35:37,0,9999,0,9999
2024-02-26T19:51:02,0,9999,0,9999
2024-02-26T20:06:28,0,9999,0,9999
2024-02-26T20:21:54,0,9999,0,9999
2024-02-26T20:37:21,0,9999,0,9999
2024-02-26T20:52:56,0,9999,0,9999
2024-02-26T21:08:21,0,9999,0,9999
2024-02-26T21:23:46,0,9999,0,9999
2024-02-26T21:39:12,0,9999,0,9999
2024-02-26T21:54:48,0,9999,0,9999
2024-02-26T22:10:13,0,9999,0,9999
2024-02-26T22:25:38,0,9999,0,9999
2024-02-26T22:41:04,0,9999,0,9999
2024-02-26T22:56:29,0,9999,0,9999
2024-02-26T23:12:06,0,9999,0,9999
2024-02-26T23:27:33,0,9999,0,9999
2024-02-26T23:42:58,0,9999,0,9999
2024-02-26T23:58:24,0,9999,0,9999
2024-02-27T00:25:39,0,9999,0,9999
2024-02-27T00:41:09,0,9999,0,9999
2024-02-27T02:59:04,0,9999,0,9999
2024-02-27T03:14:30,0,9999,0,9999
2024-02-27T03:29:55,0,9999,0,9999
2024-02-27T03:45:25,0,9999,0,9999
2024-02-27T04:00:55,0,9999,0,9999
2024-02-27T04:16:25,0,9999,0,9999
2024-02-27T04:31:23,0,9999,0,9999
2024-02-27T04:48:06,0,9999,0,9999
2024-02-27T05:03:54,0,9999,0,9999
2024-02-27T05:19:25,0,9999,0,9999
2024-02-27T05:34:56,0,9999,0,9999
2024-02-27T05:50:27,0,9999,0,9999
2024-02-27T06:06:02,0,9999,0,9999
2024-02-27T06:21:30,0,9999,0,9999
2024-02-27T06:36:59,0,9999,0,9999
2024-02-27T06:52:25,0,9999,0,9999
2024-02-27T07:07:50,0,9999,0,9999
2024-02-27T07:23:16,0,9999,0,9999
2024-02-27T07:38:44,0,9999,0,9999
2024-02-27T07:54:12,0,9999,0,9999
2024-02-27T08:09:41,0,9999,0,9999
2024-02-27T08:25:08,0,9999,0,9999
2024-02-27T08:40:45,0,9999,0,9999
2024-02-27T08:56:14,0,9999,0,9999
2024-02-27T09:11:42,0,9999,0,9999
2024-02-27T09:27:10,0,9999,0,9999
2024-02-27T09:42:38,0,9999,0,9999
2024-02-27T09:58:06,0,9999,0,9999
2024-02-27T10:13:46,0,9999,0,9999
2024-02-27T10:29:14,0,9999,0,9999
2024-02-27T10:44:41,0,9999,0,9999
2024-02-27T11:00:20,0,9999,0,9999
2024-02-27T11:15:48,0,9999,0,9999
2024-02-27T11:31:16,0,9999,0,9999
2024-02-27T11:46:44,0,9999,0,9999
2024-02-27T12:02:24,0,9999,0,9999
2024-02-27T12:17:53,0,9999,0,9999
2024-02-27T12:33:29,0,9999,0,9999
2024-02-27T12:48:56,0,9999,0,9999
2024-02-27T13:04:22,0,9999,0,9999
2024-02-27T13:19:57,0,9999,0,9999
2024-02-27T13:35:24,0,9999,0,9999
2024-02-27T13:50:51,0,9999,0,9999
2024-02-27T14:06:19,0,9999,0,9999
2024-02-27T14:22:01,0,9999,0,9999
2024-02-27T14:37:28,0,9999,0,9999
2024-02-27T14:53:07,0,9999,0,9999
2024-02-27T15:08:35,0,9999,0,9999
2024-02-27T15:24:13,0,9999,0,9999
2024-02-27T15:39:51,0,9999,0,9999
2024-02-27T15:55:19,0,9999,0,9999
2024-02-27T16:10:48,0,9999,0,9999
2024-02-27T16:26:26,0,9999,0,9999
2024-02-27T16:41:55,0,9999,0,9999
2024-02-27T16:57:23,0,9999,0,9999
2024-02-27T17:12:54,0,9999,0,9999
2024-02-27T17:28:33,0,9999,0,9999
2024-02-27T17:44:01,0,9999,0,9999
2024-02-27T17:59:29,0,9999,0,9999
2024-02-27T18:15:09,0,9999,0,9999
2024-02-27T18:30:37,0,9999,0,9999
2024-02-27T18:46:06,0,9999,0,9999
2024-02-27T19:01:35,0,9999,0,9999
2024-02-27T19:17:16,0,9999,0,9999
2024-02-27T19:32:44,0,9999,0,9999
2024-02-27T19:48:12,0,9999,0,9999
2024-02-27T20:03:41,0,9999,0,9999
2024-02-27T20:19:22,0,9999,0,9999
2024-02-27T20:34:50,0,9999,0,9999
2024-02-27T20:50:18,0,9999,0,9999
2024-02-27T21:05:45,0,9999,0,9999
2024-02-27T21:21:12,0,9999,0,9999
2024-02-27T21:36:49,0,9999,0,9999
2024-02-27T21:52:17,0,9999,0,9999
2024-02-27T22:07:47,0,9999,0,9999
2024-02-27T22:23:14,0,9999,0,9999
2024-02-27T22:38:42,0,9999,0,9999
2024-02-27T22:54:23,0,9999,0,9999
2024-02-27T23:09:53,0,9999,0,9999
2024-02-27T23:25:21,0,9999,0,9999
2024-02-27T23:40:49,0,9999,0,9999
2024-02-27T23:56:16,0,9999,0,9999
2024-02-28T00:11:47,0,9999,0,9999
2024-02-28T00:27:28,0,9999,0,9999
2024-02-28T00:42:59,0,9999,0,9999
2024-02-28T00:58:31,0,9999,0,9999
2024-02-28T01:14:02,0,9999,0,9999
2024-02-28T01:29:32,0,9999,0,9999
2024-02-28T01:45:01,0,9999,0,9999
2024-02-28T02:00:31,0,9999,0,9999
2024-02-28T02:16:01,0,9999,0,9999
2024-02-28T02:31:33,0,9999,0,9999
2024-02-28T02:47:02,0,9999,0,9999
2024-02-28T03:02:32,0,9999,0,9999
2024-02-28T03:18:12,0,9999,0,9999
2024-02-28T03:33:41,0,9999,0,9999
2024-02-28T03:49:11,0,9999,0,9999
2024-02-28T04:04:55,0,9999,0,9999
2024-02-28T04:30:07,0,9999,0,9999
2024-02-28T04:46:05,0,9999,0,9999
2024-02-28T05:01:49,0,9999,0,9999
2024-02-28T05:17:29,0,9999,0,9999
2024-02-28T05:33:00,0,9999,0,9999
2024-02-28T05:48:33,0,9999,0,9999
2024-02-28T06:04:08,0,9999,0,9999
2024-02-28T06:19:39,0,9999,0,9999
2024-02-28T06:35:09,0,9999,0,9999
2024-02-28T06:50:40,0,9999,0,9999
2024-02-28T07:06:12,0,9999,0,9999
2024-02-28T07:21:41,0,9999,0,9999
2024-02-28T07:37:10,0,9999,0,9999
2024-02-28T07:52:40,0,9999,0,9999
2024-02-28T08:08:10,0,9999,0,9999
2024-02-28T08:23:40,0,9999,0,9999
2024-02-28T08:39:10,0,9999,0,9999
2024-02-28T08:56:48,0,9999,0,9999
2024-02-28T09:12:18,0,9999,0,9999
2024-02-28T09:27:50,0,9999,0,9999
2024-02-28T09:43:18,0,9999,0,9999
2024-02-28T09:58:45,0,9999,0,9999
2024-02-28T10:14:27,0,9999,0,9999
2024-02-28T10:29:55,0,9999,0,9999
2024-02-28T10:45:25,0,9999,0,9999
2024-02-28T11:01:05,0,9999,0,9999
2024-02-28T11:16:34,0,9999,0,9999
2024-02-28T11:32:03,0,9999,0,9999
2024-02-28T11:47:45,0,9999,0,9999
2024-02-28T12:03:14,0,9999,0,9999
2024-02-28T12:18:52,0,9999,0,9999
2024-02-28T12:34:19,0,9999,0,9999
2024-02-28T12:49:47,0,9999,0,9999
2024-02-28T13:05:28,0,9999,0,9999
2024-02-28T13:20:57,0,9999,0,9999
2024-02-28T13:36:25,0,9999,0,9999
2024-02-28T13:52:05,0,9999,0,9999
2024-02-28T14:07:35,0,9999,0,9999
2024-02-28T14:23:05,0,9999,0,9999
2024-02-28T14:38:47,0,9999,0,9999
2024-02-28T14:54:16,0,9999,0,9999
2024-02-28T15:09:57,0,9999,0,9999
2024-02-28T15:25:28,0,9999,0,9999
2024-02-28T15:40:59,0,9999,0,9999
2024-02-28T15:56:42,0,9999,0,9999
2024-02-28T16:12:15,0,9999,0,9999
2024-02-28T16:27:45,0,9999,0,9999
2024-02-28T16:43:28,0,9999,0,9999
2024-02-28T16:58:58,0,9999,0,9999
2024-02-28T17:14:31,0,9999,0,9999
2024-02-28T17:30:14,0,9999,0,9999
2024-02-28T17:45:44,0,9999,0,9999
2024-02-28T18:01:15,0,9999,0,9999
2024-02-28T18:16:56,0,9999,0,9999
2024-02-28T18:32:28,0,9999,0,9999
2024-02-28T18:47:57,0,9999,0,9999
2024-02-28T19:03:39,0,9999,0,9999
2024-02-28T19:19:08,0,9999,0,9999
2024-02-28T19:34:37,0,9999,0,9999
2024-02-28T19:50:06,0,9999,0,9999
2024-02-28T20:05:45,0,9999,0,9999
2024-02-28T20:21:14,0,9999,0,9999
2024-02-28T20:36:43,0,9999,0,9999
2024-02-28T20:52:13,0,9999,0,9999
2024-02-28T21:07:52,0,9999,0,9999
2024-02-28T21:23:21,0,9999,0,9999
2024-02-28T21:38:50,0,9999,0,9999
2024-02-28T21:54:19,0,9999,0,9999
2024-02-28T22:09:59,0,9999,0,9999
2024-02-28T22:25:27,0,9999,0,9999
2024-02-28T22:40:56,0,9999,0,9999
2024-02-28T22:56:24,0,9999,0,9999
2024-02-28T23:12:04,0,9999,0,9999
2024-02-28T23:27:33,0,9999,0,9999
2024-02-28T23:43:01,0,9999,0,9999
2024-02-28T23:58:30,0,9999,0,9999
2024-02-29T00:14:01,0,9999,0,9999
2024-02-29T00:29:44,0,9999,0,9999
2024-02-29T00:45:17,0,9999,0,9999
2024-02-29T01:00:50,0,9999,0,9999
2024-02-29T01:16:21,0,9999,0,9999
2024-02-29T01:31:51,0,9999,0,9999
2024-02-29T01:47:22,0,9999,0,9999
2024-02-29T02:02:53,0,9999,0,9999
2024-02-29T02:18:22,0,9999,0,9999
2024-02-29T02:34:06,0,9999,0,9999
2024-02-29T02:49:36,0,9999,0,9999
2024-02-29T03:05:04,0,9999,0,9999
2024-02-29T03:20:34,0,9999,0,9999
2024-02-29T03:36:04,0,9999,0,9999
2024-02-29T03:51:34,0,9999,0,9999
2024-02-29T04:07:07,0,9999,0,9999
2024-02-29T04:26:50,0,9999,0,9999
2024-02-29T04:44:09,0,9999,0,9999
2024-02-29T04:59:44,0,9999,0,9999
2024-02-29T05:15:18,0,9999,0,9999
2024-02-29T05:30:53,0,9999,0,9999
2024-02-29T05:46:26,0,9999,0,9999
2024-02-29T06:01:59,0,9999,0,9999
2024-02-29T06:20:28,0,9999,0,9999
2024-02-29T06:35:59,0,9999,0,9999
2024-02-29T06:51:40,0,9999,0,9999
2024-02-29T07:08:11,0,9999,0,9999
2024-02-29T07:25:42,0,9999,0,9999
2024-02-29T07:41:12,0,9999,0,9999
2024-02-29T07:56:42,0,9999,0,9999
2024-02-29T08:12:12,0,9999,0,9999
2024-02-29T08:27:43,0,9999,0,9999
2024-02-29T08:43:15,0,9999,0,9999
2024-02-29T08:58:44,0,9999,0,9999
2024-02-29T09:14:27,0,9999,0,9999
2024-02-29T09:29:57,0,9999,0,9999
2024-02-29T09:45:28,0,9999,0,9999
2024-02-29T10:01:00,0,9999,0,9999
2024-02-29T10:16:41,0,9999,0,9999
2024-02-29T10:32:15,0,9999,0,9999
2024-02-29T10:47:46,0,9999,0,9999
2024-02-29T11:03:17,0,9999,0,9999
2024-02-29T11:19:00,0,9999,0,9999
2024-02-29T11:34:32,0,9999,0,9999
2024-02-29T11:50:12,0,9999,0,9999
2024-02-29T12:05:54,0,9999,0,9999
2024-02-29T12:21:25,0,9999,0,9999
2024-02-29T12:37:07,0,9999,0,9999
2024-02-29T12:53:42,0,9999,0,9999
2024-02-29T13:12:23,0,9999,0,9999
2024-02-29T13:30:08,0,9999,0,9999
2024-02-29T13:46:46,0,9999,0,9999
2024-02-29T14:02:29,0,9999,0,9999
2024-02-29T14:18:01,0,9999,0,9999
2024-02-29T14:33:34,0,9999,0,9999
2024-02-29T14:49:18,0,9999,0,9999
2024-02-29T15:05:11,0,9999,0,9999
2024-02-29T15:20:42,0,9999,0,9999
2024-02-29T15:36:29,0,9999,0,9999
2024-02-29T15:52:03,0,9999,0,9999
2024-02-29T16:07:36,0,9999,0,9999
2024-02-29T16:23:21,0,9999,0,9999
2024-02-29T16:38:52,0,9999,0,9999
2024-02-29T16:54:24,0,9999,0,9999
2024-02-29T17:10:08,0,9999,0,9999
2024-02-29T17:25:41,0,9999,0,9999
2024-02-29T17:41:14,0,9999,0,9999
2024-02-29T17:56:46,0,9999,0,9999
2024-02-29T18:12:30,0,9999,0,9999
2024-02-29T18:28:03,0,9999,0,9999
2024-02-29T18:43:35,0,9999,0,9999
2024-02-29T18:59:20,0,9999,0,9999
2024-02-29T19:14:52,0,9999,0,9999
2024-02-29T19:30:25,0,9999,0,9999
2024-02-29T19:45:57,0,9999,0,9999
2024-02-29T20:01:42,0,9999,0,9999
2024-02-29T20:17:13,0,9999,0,9999
2024-02-29T20:32:44,0,9999,0,9999
2024-02-29T20:48:15,0,9999,0,9999
2024-02-29T21:03:57,0,9999,0,9999
2024-02-29T21:19:27,0,9999,0,9999
2024-02-29T21:34:57,0,9999,0,9999
2024-02-29T21:50:28,0,9999,0,9999
2024-02-29T22:06:16,0,9999,0,9999
2024-02-29T22:21:46,0,9999,0,9999
2024-02-29T22:37:16,0,9999,0,9999
2024-02-29T22:52:46,0,9999,0,9999
2024-02-29T23:08:16,0,9999,0,9999
2024-02-29T23:23:59,0,9999,0,9999
2024-02-29T23:39:29,0,9999,0,9999
2024-02-29T23:54:59,0,9999,0,9999
2024-03-01T00:10:31,0,9999,0,9999
2024-03-01T00:26:04,0,9999,0,9999
2024-03-01T00:41:49,0,9999,0,9999
2024-03-01T00:57:23,0,9999,0,9999
2024-03-01T01:12:57,0,9999,0,9999
2024-03-01T01:28:30,0,9999,0,9999
2024-03-01T01:44:03,0,9999,0,9999
2024-03-01T01:59:34,0,9999,0,9999
2024-03-01T02:15:05,0,9999,0,9999
2024-03-01T02:30:39,0,9999,0,9999
2024-03-01T02:46:11,0,9999,0,9999
2024-03-01T03:01:43,0,9999,0,9999
2024-03-01T03:17:29,0,9999,0,9999
2024-03-01T03:33:02,0,9999,0,9999
2024-03-01T03:48:37,0,9999,0,9999
2024-03-01T04:04:11,0,9999,0,9999
2024-03-01T04:21:53,0,9999,0,9999
2024-03-01T04:37:29,0,9999,0,9999
2024-03-01T04:54:42,0,9999,0,9999
2024-03-01T05:10:17,0,9999,0,9999
2024-03-01T05:25:51,0,9999,0,9999
2024-03-01T05:41:26,0,9999,0,9999
2024-03-01T05:56:58,0,9999,0,9999
2024-03-01T06:12:34,0,9999,0,9999
2024-03-01T06:28:08,0,9999,0,9999
2024-03-01T06:43:41,0,9999,0,9999
2024-03-01T06:59:12,0,9999,0,9999
2024-03-01T07:16:42,0,9999,0,9999
2024-03-01T07:34:12,0,9999,0,9999
2024-03-01T07:52:41,0,9999,0,9999
2024-03-01T08:08:24,0,9999,0,9999
2024-03-01T08:23:55,0,9999,0,9999
2024-03-01T08:39:26,0,9999,0,9999
2024-03-01T08:54:58,0,9999,0,9999
2024-03-01T09:10:30,0,9999,0,9999
2024-03-01T09:26:13,0,9999,0,9999
2024-03-01T09:42:00,0,9999,0,9999
2024-03-01T09:57:33,0,9999,0,9999
2024-03-01T10:13:08,0,9999,0,9999
2024-03-01T10:28:42,0,9999,0,9999
2024-03-01T10:44:33,0,9999,0,9999
2024-03-01T11:00:19,0,9999,0,9999
2024-03-01T11:15:54,0,9999,0,9999
2024-03-01T11:31:41,0,9999,0,9999
2024-03-01T11:47:16,0,9999,0,9999
2024-03-01T12:02:59,0,9999,0,9999
2024-03-01T12:18:45,0,9999,0,9999
2024-03-01T12:34:59,0,9999,0,9999
2024-03-01T12:51:23,0,9999,0,9999
2024-03-01T13:07:11,0,9999,0,9999
2024-03-01T13:22:59,0,9999,0,9999
2024-03-01T13:38:34,0,9999,0,9999
2024-03-01T13:54:08,0,9999,0,9999
2024-03-01T14:09:54,0,9999,0,9999
2024-03-01T14:25:29,0,9999,0,9999
2024-03-01T14:41:16,0,9999,0,9999
2024-03-01T14:56:51,0,9999,0,9999
2024-03-01T15:12:36,0,9999,0,9999
2024-03-01T15:28:10,0,9999,0,9999
2024-03-01T15:43:46,0,9999,0,9999
2024-03-01T15:59:31,0,9999,0,9999
2024-03-01T16:15:07,0,9999,0,9999
2024-03-01T16:30:42,0,9999,0,9999
2024-03-01T16:46:28,0,9999,0,9999
2024-03-01T17:02:04,0,9999,0,9999
2024-03-01T17:17:54,0,9999,0,9999
2024-03-01T17:33:41,0,9999,0,9999
2024-03-01T17:49:14,0,9999,0,9999
2024-03-01T18:04:47,0,9999,0,9999
2024-03-01T18:20:19,0,9999,0,9999
2024-03-01T18:36:02,0,9999,0,9999
2024-03-01T18:51:34,0,9999,0,9999
2024-03-01T19:07:05,0,9999,0,9999
2024-03-01T19:22:36,0,9999,0,9999
2024-03-01T19:38:07,0,9999,0,9999
2024-03-01T19:53:49,0,9999,0,9999
2024-03-01T20:09:24,0,9999,0,9999
2024-03-01T20:24:56,0,9999,0,9999
2024-03-01T20:40:27,0,9999,0,9999
2024-03-01T20:55:59,0,9999,0,9999
2024-03-01T21:11:30,0,9999,0,9999
2024-03-01T21:27:12,0,9999,0,9999
2024-03-01T21:42:43,0,9999,0,9999
2024-03-01T21:58:14,0,9999,0,9999
2024-03-01T22:13:45,0,9999,0,9999
2024-03-01T22:29:17,0,9999,0,9999
2024-03-01T22:44:48,0,9999,0,9999
2024-03-01T23:00:19,0,9999,0,9999
2024-03-01T23:16:03,0,9999,0,9999
2024-03-01T23:31:34,0,9999,0,9999
2024-03-01T23:47:06,0,9999,0,9999
2024-03-02T00:02:39,0,9999,0,9999
2024-03-02T00:18:14,0,9999,0,9999
2024-03-02T00:33:49,0,9999,0,9999
2024-03-02T00:49:24,0,9999,0,9999
2024-03-02T01:05:09,0,9999,0,9999
2024-03-02T01:20:42,0,9999,0,9999
2024-03-02T01:36:16,0,9999,0,9999
2024-03-02T01:51:49,0,9999,0,9999
2024-03-02T02:07:24,0,9999,0,9999
2024-03-02T02:22:58,0,9999,0,9999
2024-03-02T02:38:31,0,9999,0,9999
2024-03-02T02:54:04,0,9999,0,9999
2024-03-02T03:09:37,0,9999,0,9999
2024-03-02T03:25:12,0,9999,0,9999
2024-03-02T03:40:54,0,9999,0,9999
2024-03-02T03:56:26,0,9999,0,9999
2024-03-02T04:12:00,0,9999,0,9999
2024-03-04T11:08:48,0,9999,0,9999
2024-03-04T11:24:30,0,9999,0,9999
2024-03-04T11:40:30,0,9999,0,9999
2024-03-04T11:56:12,0,9999,0,9999
2024-03-04T12:11:53,0,9999,0,9999
2024-03-04T12:27:35,0,9999,0,9999
2024-03-04T12:43:27,0,9999,0,9999
2024-03-04T12:59:08,0,9999,0,9999
2024-03-04T13:14:50,0,9999,0,9999
2024-03-04T13:30:31,0,9999,0,9999
2024-03-04T13:46:24,0,9999,0,9999
2024-03-04T14:02:06,0,9999,0,9999
2024-03-04T14:17:48,0,9999,0,9999
2024-03-04T14:33:49,0,9999,0,9999
2024-03-04T14:49:31,0,9999,0,9999
2024-03-04T15:05:13,0,9999,0,9999
2024-03-04T15:20:55,0,9999,0,9999
2024-03-04T15:36:47,0,9999,0,9999
2024-03-04T15:52:29,0,9999,0,9999
2024-03-04T16:08:11,0,9999,0,9999
2024-03-04T16:23:53,0,9999,0,9999
2024-03-04T16:39:55,0,9999,0,9999
2024-03-04T16:55:38,0,9999,0,9999
2024-03-04T17:11:20,0,9999,0,9999
2024-03-04T17:27:03,0,9999,0,9999
2024-03-04T17:42:56,0,9999,0,9999
2024-03-04T17:58:37,0,9999,0,9999
2024-03-04T18:14:20,0,9999,0,9999
2024-03-04T18:30:01,0,9999,0,9999
2024-03-04T18:45:43,0,9999,0,9999
2024-03-04T19:01:35,0,9999,0,9999
2024-03-04T19:17:18,0,9999,0,9999
2024-03-04T19:32:59,0,9999,0,9999
2024-03-04T19:48:41,0,9999,0,9999
2024-03-04T20:04:22,0,9999,0,9999
2024-03-04T20:20:15,0,9999,0,9999
2024-03-04T20:35:56,0,9999,0,9999
2024-03-04T20:51:38,0,9999,0,9999
2024-03-04T21:07:20,0,9999,0,9999
2024-03-04T21:23:12,0,9999,0,9999
2024-03-04T21:38:54,0,9999,0,9999
2024-03-04T21:54:36,0,9999,0,9999
2024-03-04T22:10:19,0,9999,0,9999
2024-03-04T22:26:01,0,9999,0,9999
2024-03-04T22:42:03,0,9999,0,9999
2024-03-04T22:57:46,0,9999,0,9999
2024-03-04T23:13:29,0,9999,0,9999
2024-03-04T23:29:12,0,9999,0,9999
2024-03-04T23:44:54,0,9999,0,9999
2024-03-05T00:00:36,0,9999,0,9999
2024-03-05T00:16:32,0,9999,0,9999
2024-03-05T00:32:18,0,9999,0,9999
2024-03-05T00:48:05,0,9999,0,9999
2024-03-05T01:03:52,0,9999,0,9999
2024-03-05T01:19:38,0,9999,0,9999
2024-03-05T01:35:22,0,9999,0,9999
2024-03-05T01:51:06,0,9999,0,9999
2024-03-05T02:06:50,0,9999,0,9999
2024-03-05T02:22:36,0,9999,0,9999
2024-03-05T02:38:41,0,9999,0,9999
2024-03-05T02:54:25,0,9999,0,9999
2024-03-05T03:10:08,0,9999,0,9999
2024-03-05T03:25:52,0,9999,0,9999
2024-03-05T03:41:37,0,9999,0,9999
2024-03-05T03:57:23,0,9999,0,9999
2024-03-05T04:13:10,0,9999,0,9999
2024-03-05T04:31:32,0,9999,0,9999
2024-03-05T04:48:39,0,9999,0,9999
2024-03-05T05:04:45,0,9999,0,9999
2024-03-05T05:20:33,0,9999,0,9999
2024-03-05T05:36:20,0,9999,0,9999
2024-03-05T05:52:07,0,9999,0,9999
2024-03-05T06:07:57,0,9999,0,9999
2024-03-05T06:23:51,0,9999,0,9999
2024-03-05T06:39:36,0,9999,0,9999
2024-03-05T06:55:20,0,9999,0,9999
2024-03-05T07:11:06,0,9999,0,9999
2024-03-05T07:26:50,0,9999,0,9999
2024-03-05T07:42:37,0,9999,0,9999
2024-03-05T07:58:26,0,9999,0,9999
2024-03-05T08:14:17,0,9999,0,9999
2024-03-05T08:30:24,0,9999,0,9999
2024-03-05T08:46:09,0,9999,0,9999
2024-03-05T09:01:53,0,9999,0,9999
2024-03-05T09:17:37,0,9999,0,9999
2024-03-05T09:33:21,0,9999,0,9999
2024-03-05T09:49:16,0,9999,0,9999
2024-03-05T10:05:00,0,9999,0,9999
2024-03-05T10:20:44,0,9999,0,9999
2024-03-05T10:36:28,0,9999,0,9999
2024-03-05T10:52:31,0,9999,0,9999
2024-03-05T11:08:16,0,9999,0,9999
2024-03-05T11:24:00,0,9999,0,9999
2024-03-05T11:39:54,0,9999,0,9999
2024-03-05T11:55:38,0,9999,0,9999
2024-03-05T12:11:41,0,9999,0,9999
2024-03-05T12:27:24,0,9999,0,9999
2024-03-05T12:43:07,0,9999,0,9999
2024-03-05T12:58:51,0,9999,0,9999
2024-03-05T13:14:48,0,9999,0,9999
2024-03-05T13:30:32,0,9999,0,9999
2024-03-05T13:46:17,0,9999,0,9999
2024-03-05T14:02:20,0,9999,0,9999
2024-03-05T14:18:04,0,9999,0,9999
2024-03-05T14:33:48,0,9999,0,9999
2024-03-05T14:49:44,0,9999,0,9999
2024-03-05T15:05:27,0,9999,0,9999
2024-03-05T15:21:11,0,9999,0,9999
2024-03-05T15:37:14,0,9999,0,9999
2024-03-05T15:52:58,0,9999,0,9999
2024-03-05T16:08:41,0,9999,0,9999
2024-03-05T16:24:36,0,9999,0,9999
2024-03-05T16:40:20,0,9999,0,9999
2024-03-05T16:56:04,0,9999,0,9999
2024-03-05T17:11:48,0,9999,0,9999
2024-03-05T17:27:43,0,9999,0,9999
2024-03-05T17:43:26,0,9999,0,9999
2024-03-05T17:59:09,0,9999,0,9999
2024-03-05T18:14:53,0,9999,0,9999
2024-03-05T18:30:47,0,9999,0,9999
2024-03-05T18:46:31,0,9999,0,9999
2024-03-05T19:02:15,0,9999,0,9999
2024-03-05T19:17:59,0,9999,0,9999
2024-03-05T19:34:00,0,9999,0,9999
2024-03-05T19:49:43,0,9999,0,9999
2024-03-05T20:05:27,0,9999,0,9999
2024-03-05T20:21:10,0,9999,0,9999
2024-03-05T20:37:05,0,9999,0,9999
2024-03-05T20:52:48,0,9999,0,9999
2024-03-05T21:08:32,0,9999,0,9999
2024-03-05T21:24:15,0,9999,0,9999
2024-03-05T21:40:11,0,9999,0,9999
2024-03-05T21:55:54,0,9999,0,9999
2024-03-05T22:11:38,0,9999,0,9999
2024-03-05T22:27:21,0,9999,0,9999
2024-03-05T22:43:23,0,9999,0,9999
2024-03-05T22:59:08,0,9999,0,9999
2024-03-05T23:14:52,0,9999,0,9999
2024-03-05T23:30:37,0,9999,0,9999
2024-03-05T23:46:20,0,9999,0,9999
2024-03-06T00:02:04,0,9999,0,9999
2024-03-06T00:18:00,0,9999,0,9999
2024-03-06T00:33:47,0,9999,0,9999
2024-03-06T00:49:35,0,9999,0,9999
2024-03-06T01:05:21,0,9999,0,9999
2024-03-06T01:21:09,0,9999,0,9999
2024-03-06T01:37:05,0,9999,0,9999
2024-03-06T01:52:52,0,9999,0,9999
2024-03-06T02:08:39,0,9999,0,9999
2024-03-06T02:24:25,0,9999,0,9999
2024-03-06T02:40:17,0,9999,0,9999
2024-03-06T02:56:03,0,9999,0,9999
2024-03-06T03:12:00,0,9999,0,9999
2024-03-06T03:27:48,0,9999,0,9999
2024-03-06T03:43:35,0,9999,0,9999
2024-03-06T03:59:23,0,9999,0,9999
2024-03-06T04:15:13,0,9999,0,9999
2024-03-06T04:30:48,0,9999,0,9999
2024-03-06T04:47:58,0,9999,0,9999
2024-03-06T05:04:22,0,9999,0,9999
2024-03-06T05:20:12,0,9999,0,9999
2024-03-06T05:35:59,0,9999,0,9999
2024-03-06T05:51:47,0,9999,0,9999
2024-03-06T06:07:35,0,9999,0,9999
2024-03-06T06:23:23,0,9999,0,9999
2024-03-06T06:41:16,0,9999,0,9999
2024-03-06T06:59:01,0,9999,0,9999
2024-03-06T07:17:44,0,9999,0,9999
2024-03-06T07:33:30,0,9999,0,9999
2024-03-06T07:49:14,0,9999,0,9999
2024-03-06T08:06:59,0,9999,0,9999
2024-03-06T08:25:42,0,9999,0,9999
2024-03-06T08:43:25,0,9999,0,9999
2024-03-06T08:59:22,0,9999,0,9999
2024-03-06T09:15:07,0,9999,0,9999
2024-03-06T09:30:51,0,9999,0,9999
2024-03-06T09:46:36,0,9999,0,9999
2024-03-06T10:02:19,0,9999,0,9999
2024-03-06T10:18:12,0,9999,0,9999
2024-03-06T10:33:55,0,9999,0,9999
2024-03-06T10:49:38,0,9999,0,9999
2024-03-06T11:05:21,0,9999,0,9999
2024-03-06T11:21:14,0,9999,0,9999
2024-03-06T11:36:59,0,9999,0,9999
2024-03-06T11:52:43,0,9999,0,9999
2024-03-06T12:08:38,0,9999,0,9999
2024-03-06T12:24:21,0,9999,0,9999
2024-03-06T12:40:04,0,9999,0,9999
2024-03-06T12:55:48,0,9999,0,9999
2024-03-06T13:11:43,0,9999,0,9999
2024-03-06T13:27:27,0,9999,0,9999
2024-03-06T13:43:11,0,9999,0,9999
2024-03-06T13:58:54,0,9999,0,9999
2024-03-06T14:14:48,0,9999,0,9999
2024-03-06T14:30:34,0,9999,0,9999
2024-03-06T14:46:18,0,9999,0,9999
2024-03-06T15:02:12,0,9999,0,9999
2024-03-06T15:18:00,0,9999,0,9999
2024-03-06T15:33:44,0,9999,0,9999
2024-03-06T15:49:38,0,9999,0,9999
2024-03-06T16:05:22,0,9999,0,9999
2024-03-06T16:21:06,0,9999,0,9999
2024-03-06T16:36:50,0,9999,0,9999
2024-03-06T16:52:43,0,9999,0,9999
2024-03-06T17:08:27,0,9999,0,9999
2024-03-06T17:24:11,0,9999,0,9999
2024-03-06T17:39:54,0,9999,0,9999
2024-03-06T17:55:38,0,9999,0,9999
2024-03-06T18:11:32,0,9999,0,9999
2024-03-06T18:27:16,0,9999,0,9999
2024-03-06T18:43:00,0,9999,0,9999
2024-03-06T18:58:43,0,9999,0,9999
2024-03-06T19:14:37,0,9999,0,9999
2024-03-06T19:30:20,0,9999,0,9999
2024-03-06T19:46:04,0,9999,0,9999
2024-03-06T20:01:47,0,9999,0,9999
2024-03-06T20:17:41,0,9999,0,9999
2024-03-06T20:33:23,0,9999,0,9999
2024-03-06T20:49:06,0,9999,0,9999
2024-03-06T21:04:50,0,9999,0,9999
2024-03-06T21:20:35,0,9999,0,9999
2024-03-06T21:36:29,0,9999,0,9999
2024-03-06T21:52:13,0,9999,0,9999
2024-03-06T22:07:56,0,9999,0,9999
2024-03-06T22:23:38,0,9999,0,9999
2024-03-06T22:39:32,0,9999,0,9999
2024-03-06T22:55:17,0,9999,0,9999
2024-03-06T23:11:01,0,9999,0,9999
2024-03-06T23:26:46,0,9999,0,9999
2024-03-06T23:42:29,0,9999,0,9999
2024-03-06T23:58:13,0,9999,0,9999
2024-03-07T00:14:09,0,9999,0,9999
2024-03-07T00:30:01,0,9999,0,9999
2024-03-07T00:45:50,0,9999,0,9999
2024-03-07T01:01:39,0,9999,0,9999
2024-03-07T01:17:22,0,9999,0,9999
2024-03-07T01:33:05,0,9999,0,9999
2024-03-07T01:48:48,0,9999,0,9999
2024-03-07T02:04:43,0,9999,0,9999
2024-03-07T02:20:27,0,9999,0,9999
2024-03-07T02:36:14,0,9999,0,9999
2024-03-07T02:51:59,0,9999,0,9999
2024-03-07T03:07:43,0,9999,0,9999
2024-03-07T03:23:29,0,9999,0,9999
2024-03-07T03:39:14,0,9999,0,9999
2024-03-07T03:55:10,0,9999,0,9999
2024-03-07T04:10:57,0,9999,0,9999
2024-03-07T04:28:24,0,9999,0,9999
2024-03-07T04:45:44,0,9999,0,9999
2024-03-07T05:01:43,0,9999,0,9999
2024-03-07T05:17:36,0,9999,0,9999
2024-03-07T05:33:24,0,9999,0,9999
2024-03-07T05:49:11,0,9999,0,9999
2024-03-07T06:05:00,0,9999,0,9999
2024-03-07T06:21:04,0,9999,0,9999
2024-03-07T06:36:50,0,9999,0,9999
2024-03-07T06:52:37,0,9999,0,9999
2024-03-07T07:08:23,0,9999,0,9999
2024-03-07T07:24:11,0,9999,0,9999
2024-03-07T07:39:58,0,9999,0,9999
2024-03-07T07:56:42,0,9999,0,9999
2024-03-07T08:15:26,0,9999,0,9999
2024-03-07T08:33:10,0,9999,0,9999
2024-03-07T08:50:02,0,9999,0,9999
2024-03-07T09:05:47,0,9999,0,9999
2024-03-07T09:21:33,0,9999,0,9999
2024-03-07T09:37:19,0,9999,0,9999
2024-03-07T09:53:04,0,9999,0,9999
2024-03-07T10:09:05,0,9999,0,9999
2024-03-07T10:24:49,0,9999,0,9999
2024-03-07T10:40:33,0,9999,0,9999
2024-03-07T10:56:17,0,9999,0,9999
2024-03-07T11:12:11,0,9999,0,9999
2024-03-07T11:27:54,0,9999,0,9999
2024-03-07T11:43:38,0,9999,0,9999
2024-03-07T11:59:30,0,9999,0,9999
2024-03-07T12:15:33,0,9999,0,9999
2024-03-07T12:31:19,0,9999,0,9999
2024-03-07T12:47:02,0,9999,0,9999
2024-03-07T13:03:03,0,9999,0,9999
2024-03-07T13:18:47,0,9999,0,9999
2024-03-07T13:34:30,0,9999,0,9999
2024-03-07T13:50:13,0,9999,0,9999
2024-03-07T14:06:08,0,9999,0,9999
2024-03-07T14:21:52,0,9999,0,9999
2024-03-07T14:37:36,0,9999,0,9999
2024-03-07T14:53:22,0,9999,0,9999
2024-03-07T15:09:32,0,9999,0,9999
2024-03-07T15:25:17,0,9999,0,9999
2024-03-07T15:41:16,0,9999,0,9999
2024-03-07T15:57:02,0,9999,0,9999
2024-03-07T16:12:47,0,9999,0,9999
2024-03-07T16:28:32,0,9999,0,9999
2024-03-07T16:44:35,0,9999,0,9999
2024-03-07T17:00:21,0,9999,0,9999
2024-03-07T17:16:07,0,9999,0,9999
2024-03-07T17:31:52,0,9999,0,9999
2024-03-07T17:47:48,0,9999,0,9999
2024-03-07T18:03:33,0,9999,0,9999
2024-03-07T18:19:19,0,9999,0,9999
2024-03-07T18:35:04,0,9999,0,9999
2024-03-07T18:51:07,0,9999,0,9999
2024-03-07T19:06:53,0,9999,0,9999
2024-03-07T19:22:38,0,9999,0,9999
2024-03-07T19:38:23,0,9999,0,9999
2024-03-07T19:54:27,0,9999,0,9999
2024-03-07T20:10:12,0,9999,0,9999
2024-03-07T20:26:28,0,9999,0,9999
2024-03-07T20:42:14,0,9999,0,9999
2024-03-07T20:58:08,0,9999,0,9999
2024-03-07T21:14:03,0,9999,0,9999
2024-03-07T21:29:58,0,9999,0,9999
2024-03-07T21:45:45,0,9999,0,9999
2024-03-07T22:01:30,0,9999,0,9999
2024-03-07T22:17:15,0,9999,0,9999
2024-03-07T22:33:01,0,9999,0,9999
2024-03-07T22:48:58,0,9999,0,9999
2024-03-07T23:04:44,0,9999,0,9999
2024-03-07T23:20:29,0,9999,0,9999
2024-03-07T23:36:15,0,9999,0,9999
2024-03-07T23:52:21,0,9999,0,9999
2024-03-08T00:08:07,0,9999,0,9999
2024-03-08T00:23:55,0,9999,0,9999
2024-03-08T00:39:44,0,9999,0,9999
2024-03-08T00:55:36,0,9999,0,9999
2024-03-08T01:11:26,0,9999,0,9999
2024-03-08T01:27:26,0,9999,0,9999
2024-03-08T01:43:16,0,9999,0,9999
2024-03-08T01:59:08,0,9999,0,9999
2024-03-08T02:14:58,0,9999,0,9999
2024-03-08T02:30:50,0,9999,0,9999
2024-03-08T02:46:56,0,9999,0,9999
2024-03-08T03:02:43,0,9999,0,9999
2024-03-08T03:18:34,0,9999,0,9999
2024-03-08T03:35:13,0,9999,0,9999
2024-03-08T03:51:03,0,9999,0,9999
2024-03-08T04:06:52,0,9999,0,9999
2024-03-08T04:24:11,0,9999,0,9999
2024-03-08T04:40:02,0,9999,0,9999
2024-03-08T04:57:22,0,9999,0,9999
2024-03-08T05:13:21,0,9999,0,9999
2024-03-08T05:29:12,0,9999,0,9999
2024-03-08T05:45:06,0,9999,0,9999
2024-03-08T06:00:56,0,9999,0,9999
2024-03-08T06:16:46,0,9999,0,9999
2024-03-08T06:32:50,0,9999,0,9999
2024-03-08T06:48:39,0,9999,0,9999
2024-03-08T07:04:29,0,9999,0,9999
2024-03-08T07:20:17,0,9999,0,9999
2024-03-08T07:36:04,0,9999,0,9999
2024-03-08T07:51:52,0,9999,0,9999
2024-03-08T08:07:40,0,9999,0,9999
2024-03-08T08:23:28,0,9999,0,9999
2024-03-08T08:39:24,0,9999,0,9999
2024-03-08T08:55:10,0,9999,0,9999
2024-03-08T09:10:56,0,9999,0,9999
2024-03-08T09:26:43,0,9999,0,9999
2024-03-08T09:42:30,0,9999,0,9999
2024-03-08T09:58:29,0,9999,0,9999
2024-03-08T10:14:15,0,9999,0,9999
2024-03-08T10:30:01,0,9999,0,9999
2024-03-08T10:45:48,0,9999,0,9999
2024-03-08T11:01:51,0,9999,0,9999
2024-03-08T11:17:38,0,9999,0,9999
2024-03-08T11:33:27,0,9999,0,9999
2024-03-08T11:49:13,0,9999,0,9999
2024-03-08T12:05:02,0,9999,0,9999
2024-03-08T12:20:59,0,9999,0,9999
2024-03-08T12:36:46,0,9999,0,9999
2024-03-08T12:52:43,0,9999,0,9999
2024-03-08T13:08:30,0,9999,0,9999
2024-03-08T13:24:18,0,9999,0,9999
2024-03-08T13:40:05,0,9999,0,9999
2024-03-08T13:56:02,0,9999,0,9999
2024-03-08T14:11:49,0,9999,0,9999
2024-03-08T14:27:36,0,9999,0,9999
2024-03-08T14:43:35,0,9999,0,9999
2024-03-08T14:59:21,0,9999,0,9999
2024-03-08T15:15:09,0,9999,0,9999
2024-03-08T15:31:07,0,9999,0,9999
2024-03-08T15:46:54,0,9999,0,9999
2024-03-08T16:02:41,0,9999,0,9999
2024-03-08T16:18:28,0,9999,0,9999
2024-03-08T16:34:26,0,9999,0,9999
2024-03-08T16:50:14,0,9999,0,9999
2024-03-08T17:06:01,0,9999,0,9999
2024-03-08T17:21:49,0,9999,0,9999
2024-03-08T17:37:47,0,9999,0,9999
2024-03-08T17:53:35,0,9999,0,9999
2024-03-08T18:09:22,0,9999,0,9999
2024-03-08T18:25:09,0,9999,0,9999
2024-03-08T18:40:57,0,9999,0,9999
2024-03-08T18:56:45,0,9999,0,9999
2024-03-08T19:12:52,0,9999,0,9999
2024-03-08T19:28:40,0,9999,0,9999
2024-03-08T19:44:28,0,9999,0,9999
2024-03-08T20:00:15,0,9999,0,9999
2024-03-08T20:16:05,0,9999,0,9999
2024-03-08T20:31:53,0,9999,0,9999
2024-03-08T20:47:51,0,9999,0,9999
2024-03-08T21:03:38,0,9999,0,9999
2024-03-08T21:19:26,0,9999,0,9999
2024-03-08T21:35:14,0,9999,0,9999
2024-03-08T21:51:02,0,9999,0,9999
2024-03-08T22:07:09,0,9999,0,9999
2024-03-08T22:22:57,0,9999,0,9999
2024-03-08T22:38:45,0,9999,0,9999
2024-03-08T22:54:33,0,9999,0,9999
2024-03-08T23:10:22,0,9999,0,9999
2024-03-08T23:26:10,0,9999,0,9999
2024-03-08T23:42:19,0,9999,0,9999
2024-03-08T23:58:07,0,9999,0,9999
2024-03-09T00:13:56,0,9999,0,9999
2024-03-09T00:29:48,0,9999,0,9999
2024-03-09T00:45:42,0,9999,0,9999
2024-03-09T01:01:37,0,9999,0,9999
2024-03-09T01:17:37,0,9999,0,9999
2024-03-09T01:33:28,0,9999,0,9999
2024-03-09T01:49:20,0,9999,0,9999
2024-03-09T02:05:10,0,9999,0,9999
2024-03-09T02:20:58,0,9999,0,9999
2024-03-09T02:36:46,0,9999,0,9999
2024-03-09T02:52:33,0,9999,0,9999
2024-03-09T03:08:46,0,9999,0,9999
2024-03-09T03:24:37,0,9999,0,9999
2024-03-09T03:40:27,0,9999,0,9999
2024-03-09T03:56:16,0,9999,0,9999
2024-03-09T04:26:39,0,9999,0,9999
2024-03-09T04:42:50,0,9999,0,9999
2024-03-09T04:58:43,0,9999,0,9999
2024-03-09T05:14:33,0,9999,0,9999
2024-03-09T05:30:22,0,9999,0,9999
2024-03-09T05:46:10,0,9999,0,9999
2024-03-09T06:01:59,0,9999,0,9999
2024-03-09T06:18:03,0,9999,0,9999
2024-03-09T06:33:50,0,9999,0,9999
2024-03-09T06:49:37,0,9999,0,9999
2024-03-09T07:05:25,0,9999,0,9999
2024-03-09T07:21:16,0,9999,0,9999
2024-03-09T07:37:04,0,9999,0,9999
2024-03-09T07:52:54,0,9999,0,9999
2024-03-09T08:10:05,0,9999,0,9999
2024-03-09T08:25:54,0,9999,0,9999
2024-03-09T08:41:41,0,9999,0,9999
2024-03-09T08:57:30,0,9999,0,9999
2024-03-09T09:13:19,0,9999,0,9999
2024-03-09T09:29:09,0,9999,0,9999
2024-03-09T09:45:19,0,9999,0,9999
2024-03-09T10:01:07,0,9999,0,9999
2024-03-09T10:16:55,0,9999,0,9999
2024-03-09T10:32:43,0,9999,0,9999
2024-03-09T10:48:31,0,9999,0,9999
2024-03-09T11:04:21,0,9999,0,9999
2024-03-09T11:20:22,0,9999,0,9999
2024-03-09T11:36:12,0,9999,0,9999
2024-03-09T11:52:01,0,9999,0,9999
2024-03-09T12:07:52,0,9999,0,9999
2024-03-09T12:23:41,0,9999,0,9999
2024-03-09T12:39:31,0,9999,0,9999
2024-03-09T12:55:29,0,9999,0,9999
2024-03-09T13:11:16,0,9999,0,9999
2024-03-09T13:27:05,0,9999,0,9999
2024-03-09T13:42:53,0,9999,0,9999
2024-03-09T13:58:43,0,9999,0,9999
2024-03-09T14:14:32,0,9999,0,9999
2024-03-09T14:30:42,0,9999,0,9999
2024-03-09T14:46:30,0,9999,0,9999
2024-03-09T15:02:18,0,9999,0,9999
2024-03-09T15:18:07,0,9999,0,9999
2024-03-09T15:34:03,0,9999,0,9999
2024-03-09T15:49:50,0,9999,0,9999
2024-03-09T16:05:38,0,9999,0,9999
2024-03-09T16:21:25,0,9999,0,9999
2024-03-09T16:37:35,0,9999,0,9999
2024-03-09T16:53:22,0,9999,0,9999
2024-03-09T17:09:09,0,9999,0,9999
2024-03-09T17:24:57,0,9999,0,9999
2024-03-09T17:40:44,0,9999,0,9999
2024-03-09T17:56:40,0,9999,0,9999
2024-03-09T18:12:27,0,9999,0,9999
2024-03-09T18:28:15,0,9999,0,9999
2024-03-09T18:44:02,0,9999,0,9999
2024-03-09T18:59:50,0,9999,0,9999
2024-03-09T19:15:38,0,9999,0,9999
2024-03-09T19:31:34,0,9999,0,9999
2024-03-09T19:47:21,0,9999,0,9999
2024-03-09T20:03:08,0,9999,0,9999
2024-03-09T20:18:55,0,9999,0,9999
2024-03-09T20:34:42,0,9999,0,9999
2024-03-09T20:50:30,0,9999,0,9999
2024-03-09T21:06:27,0,9999,0,9999
2024-03-09T21:22:14,0,9999,0,9999
2024-03-09T21:38:04,0,9999,0,9999
2024-03-09T21:53:52,0,9999,0,9999
2024-03-09T22:09:39,0,9999,0,9999
2024-03-09T22:25:36,0,9999,0,9999
2024-03-09T22:41:24,0,9999,0,9999
2024-03-09T22:57:12,0,9999,0,9999
2024-03-09T23:13:00,0,9999,0,9999
2024-03-09T23:28:47,0,9999,0,9999
2024-03-09T23:44:55,0,9999,0,9999
2024-03-10T00:00:42,0,9999,0,9999
2024-03-10T00:16:31,0,9999,0,9999
2024-03-10T00:32:20,0,9999,0,9999
2024-03-10T00:48:09,0,9999,0,9999
2024-03-10T01:03:57,0,9999,0,9999
2024-03-10T01:19:53,0,9999,0,9999
2024-03-10T01:35:40,0,9999,0,9999
2024-03-10T01:51:27,0,9999,0,9999
2024-03-10T03:07:15,0,9999,0,9999
2024-03-10T03:23:02,0,9999,0,9999
2024-03-10T03:38:57,0,9999,0,9999
2024-03-10T03:54:46,0,9999,0,9999
2024-03-10T04:11:04,0,9999,0,9999
2024-03-10T04:26:42,0,9999,0,9999
2024-03-10T04:42:54,0,9999,0,9999
2024-03-10T04:58:43,0,9999,0,9999
2024-03-10T05:14:33,0,9999,0,9999
2024-03-10T05:30:25,0,9999,0,9999
2024-03-10T05:47:26,0,9999,0,9999
2024-03-10T06:03:26,0,9999,0,9999
2024-03-10T06:19:18,0,9999,0,9999
2024-03-10T06:35:19,0,9999,0,9999
2024-03-10T06:51:10,0,9999,0,9999
2024-03-10T07:07:02,0,9999,0,9999
2024-03-10T07:22:54,0,9999,0,9999
2024-03-10T07:38:45,0,9999,0,9999
2024-03-10T07:54:54,0,9999,0,9999
2024-03-10T08:10:48,0,9999,0,9999
2024-03-10T08:26:42,0,9999,0,9999
2024-03-10T08:42:44,0,9999,0,9999
2024-03-10T08:58:36,0,9999,0,9999
2024-03-10T09:14:26,0,9999,0,9999
2024-03-10T09:30:18,0,9999,0,9999
2024-03-10T09:46:08,0,9999,0,9999
2024-03-10T10:01:58,0,9999,0,9999
2024-03-10T10:17:46,0,9999,0,9999
2024-03-10T10:33:34,0,9999,0,9999
2024-03-10T10:49:32,0,9999,0,9999
2024-03-10T11:05:20,0,9999,0,9999
2024-03-10T11:21:07,0,9999,0,9999
2024-03-10T11:36:58,0,9999,0,9999
2024-03-10T11:52:45,0,9999,0,9999
2024-03-10T12:08:36,0,9999,0,9999
2024-03-10T12:24:32,0,9999,0,9999
2024-03-10T12:40:19,0,9999,0,9999
2024-03-10T12:56:06,0,9999,0,9999
2024-03-10T13:11:53,0,9999,0,9999
2024-03-10T13:27:41,0,9999,0,9999
2024-03-10T13:43:38,0,9999,0,9999
2024-03-10T13:59:25,0,9999,0,9999
2024-03-10T14:15:12,0,9999,0,9999
2024-03-10T14:31:00,0,9999,0,9999
2024-03-10T14:46:47,0,9999,0,9999
2024-03-10T15:02:34,0,9999,0,9999
2024-03-10T15:18:30,0,9999,0,9999
2024-03-10T15:34:17,0,9999,0,9999
2024-03-10T15:50:04,0,9999,0,9999
2024-03-10T16:05:51,0,9999,0,9999
2024-03-10T16:21:40,0,9999,0,9999
2024-03-10T16:37:37,0,9999,0,9999
2024-03-10T16:53:27,0,9999,0,9999
2024-03-10T17:09:15,0,9999,0,9999
2024-03-10T17:25:06,0,9999,0,9999
2024-03-10T17:40:56,0,9999,0,9999
2024-03-10T17:56:55,0,9999,0,9999
2024-03-10T18:12:45,0,9999,0,9999
2024-03-10T18:28:36,0,9999,0,9999
2024-03-10T18:44:27,0,9999,0,9999
2024-03-10T19:00:29,0,9999,0,9999
2024-03-10T19:16:22,0,9999,0,9999
2024-03-10T19:32:14,0,9999,0,9999
2024-03-10T19:48:07,0,9999,0,9999
2024-03-10T20:03:59,0,9999,0,9999
2024-03-10T20:19:50,0,9999,0,9999
2024-03-10T20:35:51,0,9999,0,9999
2024-03-10T20:51:41,0,9999,0,9999
2024-03-10T21:07:32,0,9999,0,9999
2024-03-10T21:23:27,0,9999,0,9999
2024-03-10T21:39:22,0,9999,0,9999
2024-03-10T21:55:24,0,9999,0,9999
2024-03-10T22:11:14,0,9999,0,9999
2024-03-10T22:27:07,0,9999,0,9999
2024-03-10T22:42:57,0,9999,0,9999
2024-03-10T22:58:49,0,9999,0,9999
2024-03-10T23:14:49,0,9999,0,9999
2024-03-10T23:30:42,0,9999,0,9999
2024-03-10T23:46:34,0,9999,0,9999
2024-03-11T00:02:25,0,9999,0,9999
2024-03-11T00:18:24,0,9999,0,9999
2024-03-11T00:34:34,0,9999,0,9999
2024-03-11T00:50:31,0,9999,0,9999
2024-03-11T01:06:24,0,9999,0,9999
2024-03-11T01:22:29,0,9999,0,9999
2024-03-11T01:38:29,0,9999,0,9999
2024-03-11T01:54:26,0,9999,0,9999
2024-03-11T02:10:30,0,9999,0,9999
2024-03-11T02:26:23,0,9999,0,9999
2024-03-11T02:42:16,0,9999,0,9999
2024-03-11T02:58:08,0,9999,0,9999
2024-03-11T03:14:00,0,9999,0,9999
2024-03-11T03:29:52,0,9999,0,9999
2024-03-11T03:45:45,0,9999,0,9999
2024-03-11T04:01:44,0,9999,0,9999
2024-03-11T04:20:08,0,9999,0,9999
2024-03-11T04:37:42,0,9999,0,9999
2024-03-11T04:53:36,0,9999,0,9999
2024-03-11T05:09:34,0,9999,0,9999
2024-03-11T05:25:26,0,9999,0,9999
2024-03-11T05:41:18,0,9999,0,9999
2024-03-11T05:57:14,0,9999,0,9999
2024-03-11T06:13:21,0,9999,0,9999
2024-03-11T06:29:12,0,9999,0,9999
2024-03-11T06:45:06,0,9999,0,9999
2024-03-11T07:00:57,0,9999,0,9999
2024-03-11T07:16:49,0,9999,0,9999
2024-03-11T07:32:40,0,9999,0,9999
2024-03-11T07:48:29,0,9999,0,9999
2024-03-11T08:04:30,0,9999,0,9999
2024-03-11T08:20:21,0,9999,0,9999
2024-03-11T08:36:13,0,9999,0,9999
2024-03-11T08:52:03,0,9999,0,9999
2024-03-11T09:07:54,0,9999,0,9999
2024-03-11T09:23:45,0,9999,0,9999
2024-03-11T09:40:12,0,9999,0,9999
2024-03-11T09:56:12,0,9999,0,9999
2024-03-11T10:12:02,0,9999,0,9999
2024-03-11T10:27:51,0,9999,0,9999
2024-03-11T11:06:49,0,9999,0,9999
2024-03-11T11:23:00,0,9999,0,9999
2024-03-11T11:38:52,0,9999,0,9999
2024-03-11T11:54:44,0,9999,0,9999
2024-03-11T12:10:46,0,9999,0,9999
2024-03-11T12:26:37,0,9999,0,9999
2024-03-11T12:42:28,0,9999,0,9999
2024-03-11T12:58:19,0,9999,0,9999
2024-03-11T13:14:20,0,9999,0,9999
2024-03-11T13:30:12,0,9999,0,9999
2024-03-11T13:46:03,0,9999,0,9999
2024-03-11T14:01:56,0,9999,0,9999
2024-03-11T14:18:00,0,9999,0,9999
2024-03-11T14:33:52,0,9999,0,9999
2024-03-11T14:49:45,0,9999,0,9999
2024-03-11T15:05:51,0,9999,0,9999
2024-03-11T15:21:44,0,9999,0,9999
2024-03-11T15:37:37,0,9999,0,9999
2024-03-11T15:53:40,0,9999,0,9999
2024-03-11T16:09:32,0,9999,0,9999
2024-03-11T16:25:23,0,9999,0,9999
2024-03-11T16:41:15,0,9999,0,9999
2024-03-11T16:57:17,0,9999,0,9999
2024-03-11T17:13:11,0,9999,0,9999
2024-03-11T17:29:04,0,9999,0,9999
2024-03-11T17:44:56,0,9999,0,9999
2024-03-11T18:00:59,0,9999,0,9999
2024-03-11T18:16:52,0,9999,0,9999
2024-03-11T18:32:44,0,9999,0,9999
2024-03-11T18:48:47,0,9999,0,9999
2024-03-11T19:04:40,0,9999,0,9999
2024-03-11T19:20:32,0,9999,0,9999
2024-03-11T19:36:24,0,9999,0,9999
2024-03-11T19:52:26,0,9999,0,9999
2024-03-11T20:08:18,0,9999,0,9999
2024-03-11T20:24:10,0,9999,0,9999
2024-03-11T20:40:02,0,9999,0,9999
2024-03-11T20:56:04,0,9999,0,9999
2024-03-11T21:11:56,0,9999,0,9999
2024-03-11T21:27:48,0,9999,0,9999
2024-03-11T21:43:41,0,9999,0,9999
2024-03-11T21:59:33,0,9999,0,9999
2024-03-11T22:15:34,0,9999,0,9999
2024-03-11T22:31:26,0,9999,0,9999
2024-03-11T22:47:19,0,9999,0,9999
2024-03-11T23:03:11,0,9999,0,9999
2024-03-11T23:19:04,0,9999,0,9999
2024-03-11T23:35:06,0,9999,0,9999
2024-03-11T23:50:59,0,9999,0,9999
2024-03-12T00:06:55,0,9999,0,9999
2024-03-12T00:22:53,0,9999,0,9999
2024-03-12T00:38:50,0,9999,0,9999
2024-03-12T00:54:56,0,9999,0,9999
2024-03-12T01:10:51,0,9999,0,9999
2024-03-12T01:26:45,0,9999,0,9999
2024-03-12T01:42:39,0,9999,0,9999
2024-03-12T01:58:33,0,9999,0,9999
2024-03-12T02:14:35,0,9999,0,9999
2024-03-12T02:30:27,0,9999,0,9999
2024-03-12T02:46:32,0,9999,0,9999
2024-03-12T03:02:26,0,9999,0,9999
2024-03-12T03:18:24,0,9999,0,9999
2024-03-12T03:34:20,0,9999,0,9999
2024-03-12T03:50:14,0,9999,0,9999
2024-03-12T04:06:10,0,9999,0,9999
2024-03-13T22:18:57,0,9999,0,9999
2024-03-13T22:34:52,0,9999,0,9999
2024-03-13T22:50:47,0,9999,0,9999
2024-03-13T23:06:42,0,9999,0,9999
2024-03-13T23:22:37,0,9999,0,9999
2024-03-13T23:38:44,0,9999,0,9999
2024-03-13T23:54:40,0,9999,0,9999
2024-03-14T00:10:37,0,9999,0,9999
2024-03-14T00:26:38,0,9999,0,9999
2024-03-14T00:42:38,0,9999,0,9999
2024-03-14T00:58:38,0,9999,0,9999
2024-03-14T01:14:36,0,9999,0,9999
2024-03-14T01:30:33,0,9999,0,9999
2024-03-14T01:46:40,0,9999,0,9999
2024-03-14T02:02:45,0,9999,0,9999
2024-03-14T02:18:42,0,9999,0,9999
2024-03-14T02:34:42,0,9999,0,9999
2024-03-14T02:50:39,0,9999,0,9999
2024-03-14T03:06:38,0,9999,0,9999
2024-03-14T03:22:35,0,9999,0,9999
2024-03-14T03:38:34,0,9999,0,9999
2024-03-14T03:54:32,0,9999,0,9999
2024-03-14T04:10:44,0,9999,0,9999
2024-03-14T04:29:32,0,9999,0,9999
2024-03-14T04:47:04,0,9999,0,9999
2024-03-14T05:03:06,0,9999,0,9999
2024-03-14T05:19:04,0,9999,0,9999
2024-03-14T05:35:00,0,9999,0,9999
2024-03-14T05:50:57,0,9999,0,9999
2024-03-14T06:06:57,0,9999,0,9999
2024-03-14T06:23:02,0,9999,0,9999
2024-03-14T06:38:58,0,9999,0,9999
2024-03-14T06:54:55,0,9999,0,9999
2024-03-14T07:10:55,0,9999,0,9999
2024-03-14T07:26:51,0,9999,0,9999
2024-03-14T07:42:45,0,9999,0,9999
2024-03-14T07:58:40,0,9999,0,9999
2024-03-14T08:14:35,0,9999,0,9999
2024-03-14T08:30:39,0,9999,0,9999
2024-03-14T08:46:35,0,9999,0,9999
2024-03-14T09:02:31,0,9999,0,9999
2024-03-14T09:18:26,0,9999,0,9999
2024-03-14T09:34:21,0,9999,0,9999
2024-03-14T09:50:21,0,9999,0,9999
2024-03-14T10:06:12,0,9999,0,9999
2024-03-14T10:22:02,0,9999,0,9999
2024-03-14T10:38:03,0,9999,0,9999
2024-03-14T10:53:55,0,9999,0,9999
2024-03-14T11:09:49,0,9999,0,9999
2024-03-14T11:25:52,0,9999,0,9999
2024-03-14T11:41:45,0,9999,0,9999
2024-03-14T11:57:41,0,9999,0,9999
2024-03-14T12:13:46,0,9999,0,9999
2024-03-14T12:29:43,0,9999,0,9999
2024-03-14T12:45:38,0,9999,0,9999
2024-03-14T13:01:44,0,9999,0,9999
2024-03-14T13:17:39,0,9999,0,9999
2024-03-14T13:33:33,0,9999,0,9999
2024-03-14T13:49:39,0,9999,0,9999
2024-03-14T14:05:34,0,9999,0,9999
2024-03-14T14:21:29,0,9999,0,9999
2024-03-14T14:37:33,0,9999,0,9999
2024-03-14T14:53:29,0,9999,0,9999
2024-03-14T15:09:26,0,9999,0,9999
2024-03-14T15:25:30,0,9999,0,9999
2024-03-14T15:41:24,0,9999,0,9999
2024-03-14T15:57:19,0,9999,0,9999
2024-03-14T16:13:23,0,9999,0,9999
2024-03-14T16:29:17,0,9999,0,9999
2024-03-14T16:45:12,0,9999,0,9999
2024-03-14T17:01:16,0,9999,0,9999
2024-03-14T17:17:12,0,9999,0,9999
2024-03-14T17:33:05,0,9999,0,9999
2024-03-14T17:49:08,0,9999,0,9999
2024-03-14T18:05:03,0,9999,0,9999
2024-03-14T18:20:57,0,9999,0,9999
2024-03-14T18:37:01,0,9999,0,9999
2024-03-14T18:52:55,0,9999,0,9999
2024-03-14T19:08:51,0,9999,0,9999
2024-03-14T19:24:55,0,9999,0,9999
2024-03-14T19:40:49,0,9999,0,9999
2024-03-14T19:56:44,0,9999,0,9999
2024-03-14T20:12:38,0,9999,0,9999
2024-03-14T20:28:43,0,9999,0,9999
2024-03-14T20:44:38,0,9999,0,9999
2024-03-14T21:00:33,0,9999,0,9999
2024-03-14T21:16:38,0,9999,0,9999
2024-03-14T21:32:33,0,9999,0,9999
2024-03-14T21:48:30,0,9999,0,9999
2024-03-14T22:04:25,0,9999,0,9999
2024-03-14T22:20:31,0,9999,0,9999
2024-03-14T22:36:26,0,9999,0,9999
2024-03-14T22:52:22,0,9999,0,9999
2024-03-14T23:08:28,0,9999,0,9999
2024-03-14T23:24:23,0,9999,0,9999
2024-03-14T23:40:19,0,9999,0,9999
2024-03-14T23:56:25,0,9999,0,9999
2024-03-15T00:24:15,0,9999,0,9999
2024-03-15T00:40:14,0,9999,0,9999
2024-03-15T00:56:22,0,9999,0,9999
2024-03-15T01:12:19,0,9999,0,9999
2024-03-15T01:28:17,0,9999,0,9999
2024-03-15T01:44:14,0,9999,0,9999
2024-03-15T02:00:11,0,9999,0,9999
2024-03-15T02:16:32,0,9999,0,9999
2024-03-15T02:32:31,0,9999,0,9999
2024-03-15T02:48:27,0,9999,0,9999
2024-03-15T03:04:24,0,9999,0,9999
2024-03-15T03:20:34,0,9999,0,9999
2024-03-15T03:36:34,0,9999,0,9999
2024-03-15T03:52:33,0,9999,0,9999
2024-03-15T04:08:32,0,9999,0,9999
2024-03-15T04:32:48,0,9999,0,9999
2024-03-15T04:50:21,0,9999,0,9999
2024-03-15T05:06:22,0,9999,0,9999
2024-03-15T05:22:29,0,9999,0,9999
2024-03-15T05:38:26,0,9999,0,9999
2024-03-15T05:54:29,0,9999,0,9999
2024-03-15T06:10:25,0,9999,0,9999
2024-03-15T06:26:21,0,9999,0,9999
2024-03-15T06:42:18,0,9999,0,9999
2024-03-15T06:58:14,0,9999,0,9999
2024-03-15T07:14:10,0,9999,0,9999
2024-03-15T07:30:15,0,9999,0,9999
2024-03-15T07:48:06,0,9999,0,9999
2024-03-15T08:04:01,0,9999,0,9999
2024-03-15T08:19:58,0,9999,0,9999
2024-03-15T08:35:53,0,9999,0,9999
2024-03-15T08:52:02,0,9999,0,9999
2024-03-15T09:08:05,0,9999,0,9999
2024-03-15T09:24:09,0,9999,0,9999
2024-03-15T09:40:07,0,9999,0,9999
2024-03-15T09:56:12,0,9999,0,9999
2024-03-15T10:12:09,0,9999,0,9999
2024-03-15T10:28:07,0,9999,0,9999
2024-03-15T10:44:03,0,9999,0,9999
2024-03-15T11:00:08,0,9999,0,9999
2024-03-15T11:16:05,0,9999,0,9999
2024-03-15T11:32:01,0,9999,0,9999
2024-03-15T11:48:17,0,9999,0,9999
2024-03-15T12:04:13,0,9999,0,9999
2024-03-15T12:20:09,0,9999,0,9999
2024-03-15T12:36:14,0,9999,0,9999
2024-03-15T12:52:09,0,9999,0,9999
2024-03-15T13:08:05,0,9999,0,9999
2024-03-15T13:24:10,0,9999,0,9999
2024-03-15T13:40:05,0,9999,0,9999
2024-03-15T13:55:59,0,9999,0,9999
2024-03-15T14:12:02,0,9999,0,9999
2024-03-15T14:27:55,0,9999,0,9999
2024-03-15T14:43:48,0,9999,0,9999
2024-03-15T14:59:51,0,9999,0,9999
2024-03-15T15:15:47,0,9999,0,9999
2024-03-15T15:31:40,0,9999,0,9999
2024-03-15T15:47:44,0,9999,0,9999
2024-03-15T16:03:37,0,9999,0,9999
2024-03-15T16:19:33,0,9999,0,9999
2024-03-15T16:35:38,0,9999,0,9999
2024-03-15T16:51:32,0,9999,0,9999
2024-03-15T17:07:27,0,9999,0,9999
2024-03-15T17:23:33,0,9999,0,9999
2024-03-15T17:39:28,0,9999,0,9999
2024-03-15T17:55:22,0,9999,0,9999
2024-03-15T18:11:17,0,9999,0,9999
2024-03-15T18:27:23,0,9999,0,9999
2024-03-15T18:43:19,0,9999,0,9999
2024-03-15T18:59:14,0,9999,0,9999
2024-03-15T19:15:21,0,9999,0,9999
2024-03-15T19:31:17,0,9999,0,9999
2024-03-15T19:47:12,0,9999,0,9999
2024-03-15T20:03:11,0,9999,0,9999
2024-03-15T20:19:17,0,9999,0,9999
2024-03-15T20:35:12,0,9999,0,9999
2024-03-15T20:51:08,0,9999,0,9999
2024-03-15T21:07:14,0,9999,0,9999
2024-03-15T21:23:09,0,9999,0,9999
2024-03-15T21:39:05,0,9999,0,9999
2024-03-15T21:55:00,0,9999,0,9999
2024-03-15T22:11:06,0,9999,0,9999
2024-03-15T22:27:02,0,9999,0,9999
2024-03-15T22:42:57,0,9999,0,9999
2024-03-15T22:58:53,0,9999,0,9999
2024-03-15T23:15:01,0,9999,0,9999
2024-03-15T23:30:58,0,9999,0,9999
2024-03-15T23:46:56,0,9999,0,9999
2024-03-16T00:02:53,0,9999,0,9999
2024-03-16T00:19:06,0,9999,0,9999
2024-03-16T00:35:06,0,9999,0,9999
2024-03-16T00:51:06,0,9999,0,9999
2024-03-16T01:07:05,0,9999,0,9999
2024-03-16T01:23:03,0,9999,0,9999
2024-03-16T01:39:04,0,9999,0,9999
2024-03-16T01:55:11,0,9999,0,9999
2024-03-16T02:11:08,0,9999,0,9999
2024-03-16T02:27:04,0,9999,0,9999
2024-03-16T02:43:01,0,9999,0,9999
2024-03-16T02:58:57,0,9999,0,9999
2024-03-16T03:14:54,0,9999,0,9999
2024-03-16T03:30:51,0,9999,0,9999
2024-03-16T03:46:48,0,9999,0,9999
2024-03-16T04:02:46,0,9999,0,9999
2024-03-16T04:22:14,0,9999,0,9999
2024-03-16T04:40:43,0,9999,0,9999
2024-03-16T04:57:05,0,9999,0,9999
2024-03-16T05:13:05,0,9999,0,9999
2024-03-16T05:29:03,0,9999,0,9999
2024-03-16T05:45:02,0,9999,0,9999
2024-03-16T06:01:00,0,9999,0,9999
2024-03-16T06:16:57,0,9999,0,9999
2024-03-16T06:32:54,0,9999,0,9999
2024-03-16T06:48:51,0,9999,0,9999
2024-03-16T07:04:59,0,9999,0,9999
2024-03-16T07:20:56,0,9999,0,9999
2024-03-16T07:36:54,0,9999,0,9999
2024-03-16T07:52:50,0,9999,0,9999
2024-03-16T08:08:56,0,9999,0,9999
2024-03-16T08:24:54,0,9999,0,9999
2024-03-16T08:40:52,0,9999,0,9999
2024-03-16T08:56:49,0,9999,0,9999
2024-03-16T09:12:46,0,9999,0,9999
2024-03-16T09:28:52,0,9999,0,9999
2024-03-16T09:44:50,0,9999,0,9999
2024-03-16T10:00:47,0,9999,0,9999
2024-03-16T10:16:44,0,9999,0,9999
2024-03-16T10:32:41,0,9999,0,9999
2024-03-16T10:48:45,0,9999,0,9999
2024-03-16T11:04:41,0,9999,0,9999
2024-03-16T11:20:38,0,9999,0,9999
2024-03-16T11:36:35,0,9999,0,9999
2024-03-16T11:52:31,0,9999,0,9999
2024-03-16T12:08:39,0,9999,0,9999
2024-03-16T12:24:36,0,9999,0,9999
2024-03-16T12:40:32,0,9999,0,9999
2024-03-16T12:56:31,0,9999,0,9999
2024-03-16T13:12:37,0,9999,0,9999
2024-03-16T13:28:33,0,9999,0,9999
2024-03-16T13:44:29,0,9999,0,9999
2024-03-16T14:00:25,0,9999,0,9999
2024-03-16T14:16:20,0,9999,0,9999
2024-03-16T14:32:25,0,9999,0,9999
2024-03-16T14:48:20,0,9999,0,9999
2024-03-16T15:04:15,0,9999,0,9999
2024-03-16T15:20:19,0,9999,0,9999
2024-03-16T15:36:15,0,9999,0,9999
2024-03-16T15:52:10,0,9999,0,9999
2024-03-16T16:08:05,0,9999,0,9999
2024-03-16T16:24:09,0,9999,0,9999
2024-03-16T16:40:04,0,9999,0,9999
2024-03-16T16:55:59,0,9999,0,9999
2024-03-16T17:11:56,0,9999,0,9999
2024-03-16T17:28:01,0,9999,0,9999
2024-03-16T17:43:56,0,9999,0,9999
2024-03-16T17:59:51,0,9999,0,9999
2024-03-16T18:15:46,0,9999,0,9999
2024-03-16T18:31:41,0,9999,0,9999
2024-03-16T18:47:45,0,9999,0,9999
2024-03-16T19:03:41,0,9999,0,9999
2024-03-16T19:19:37,0,9999,0,9999
2024-03-16T19:35:32,0,9999,0,9999
2024-03-16T19:51:28,0,9999,0,9999
2024-03-16T20:07:33,0,9999,0,9999
2024-03-16T20:23:29,0,9999,0,9999
2024-03-16T20:39:24,0,9999,0,9999
2024-03-16T20:55:20,0,9999,0,9999
2024-03-16T21:11:17,0,9999,0,9999
2024-03-16T21:27:13,0,9999,0,9999
2024-03-16T21:43:18,0,9999,0,9999
2024-03-16T21:59:13,0,9999,0,9999
2024-03-16T22:15:09,0,9999,0,9999
2024-03-16T22:31:04,0,9999,0,9999
2024-03-16T22:47:12,0,9999,0,9999
2024-03-16T23:03:09,0,9999,0,9999
2024-03-16T23:19:05,0,9999,0,9999
2024-03-16T23:35:02,0,9999,0,9999
2024-03-16T23:50:58,0,9999,0,9999
2024-03-17T00:07:06,0,9999,0,9999
2024-03-17T00:23:03,0,9999,0,9999
2024-03-17T00:39:00,0,9999,0,9999
2024-03-17T00:54:58,0,9999,0,9999
2024-03-17T01:15:46,0,9999,0,9999
2024-03-17T01:31:40,0,9999,0,9999
2024-03-17T01:47:46,0,9999,0,9999
2024-03-17T02:03:41,0,9999,0,9999
2024-03-17T02:20:04,0,9999,0,9999
2024-03-17T02:38:02,0,9999,0,9999
2024-03-17T02:53:57,0,9999,0,9999
2024-03-17T03:09:51,0,9999,0,9999
2024-03-17T03:25:57,0,9999,0,9999
2024-03-17T03:41:52,0,9999,0,9999
2024-03-17T03:57:47,0,9999,0,9999
2024-03-17T04:14:59,0,9999,0,9999
2024-03-17T04:30:11,0,9999,0,9999
2024-03-17T04:46:35,0,9999,0,9999
2024-03-17T05:02:32,0,9999,0,9999
2024-03-17T05:18:30,0,9999,0,9999
2024-03-17T05:34:27,0,9999,0,9999
2024-03-17T05:50:22,0,9999,0,9999
2024-03-17T06:06:22,0,9999,0,9999
2024-03-17T06:22:23,0,9999,0,9999
2024-03-17T06:38:18,0,9999,0,9999
2024-03-17T06:54:11,0,9999,0,9999
2024-03-17T07:10:04,0,9999,0,9999
2024-03-17T07:25:59,0,9999,0,9999
2024-03-17T07:42:10,0,9999,0,9999
2024-03-17T07:58:04,0,9999,0,9999
2024-03-17T08:13:58,0,9999,0,9999
2024-03-17T08:29:53,0,9999,0,9999
2024-03-17T08:45:49,0,9999,0,9999
2024-03-17T09:01:45,0,9999,0,9999
2024-03-17T09:17:39,0,9999,0,9999
2024-03-17T09:33:45,0,9999,0,9999
2024-03-17T09:49:40,0,9999,0,9999
2024-03-17T10:05:35,0,9999,0,9999
2024-03-17T10:21:32,0,9999,0,9999
2024-03-17T10:37:28,0,9999,0,9999
2024-03-17T10:53:22,0,9999,0,9999
2024-03-17T11:09:27,0,9999,0,9999
2024-03-17T11:25:20,0,9999,0,9999
2024-03-17T11:41:13,0,9999,0,9999
2024-03-17T11:57:06,0,9999,0,9999
2024-03-17T12:13:10,0,9999,0,9999
2024-03-17T12:29:03,0,9999,0,9999
2024-03-17T12:44:56,0,9999,0,9999
2024-03-17T13:00:48,0,9999,0,9999
2024-03-17T13:16:57,0,9999,0,9999
2024-03-17T13:32:49,0,9999,0,9999
2024-03-17T13:48:41,0,9999,0,9999
2024-03-17T14:04:34,0,9999,0,9999
2024-03-17T14:20:26,0,9999,0,9999
2024-03-17T14:36:28,0,9999,0,9999
2024-03-17T14:52:21,0,9999,0,9999
2024-03-17T15:08:14,0,9999,0,9999
2024-03-17T15:24:07,0,9999,0,9999
2024-03-17T15:40:09,0,9999,0,9999
2024-03-17T15:56:01,0,9999,0,9999
2024-03-17T16:11:54,0,9999,0,9999
2024-03-17T16:28:03,0,9999,0,9999
2024-03-17T16:43:56,0,9999,0,9999
2024-03-17T16:59:49,0,9999,0,9999
2024-03-17T17:15:42,0,9999,0,9999
2024-03-17T17:31:45,0,9999,0,9999
2024-03-17T17:47:37,0,9999,0,9999
2024-03-17T18:03:30,0,9999,0,9999
2024-03-17T18:19:24,0,9999,0,9999
2024-03-17T18:35:18,0,9999,0,9999
2024-03-17T18:51:31,0,9999,0,9999
2024-03-17T19:07:25,0,9999,0,9999
2024-03-17T19:23:19,0,9999,0,9999
2024-03-17T19:39:11,0,9999,0,9999
2024-03-17T19:55:15,0,9999,0,9999
2024-03-17T20:11:07,0,9999,0,9999
2024-03-17T20:27:00,0,9999,0,9999
2024-03-17T20:42:53,0,9999,0,9999
2024-03-17T20:58:58,0,9999,0,9999
2024-03-17T21:14:50,0,9999,0,9999
2024-03-17T21:30:44,0,9999,0,9999
2024-03-17T21:46:51,0,9999,0,9999
2024-03-17T22:02:44,0,9999,0,9999
2024-03-17T22:18:39,0,9999,0,9999
2024-03-17T22:34:32,0,9999,0,9999
2024-03-17T22:50:36,0,9999,0,9999
2024-03-17T23:06:29,0,9999,0,9999
2024-03-17T23:22:23,0,9999,0,9999
2024-03-17T23:38:27,0,9999,0,9999
2024-03-17T23:54:22,0,9999,0,9999
2024-03-18T00:10:17,0,9999,0,9999
2024-03-18T00:26:18,0,9999,0,9999
2024-03-18T00:42:37,0,9999,0,9999
2024-03-18T00:58:32,0,9999,0,9999
2024-03-18T01:14:38,0,9999,0,9999
2024-03-18T01:30:35,0,9999,0,9999
2024-03-18T01:46:39,0,9999,0,9999
2024-03-18T02:02:35,0,9999,0,9999
2024-03-18T02:18:33,0,9999,0,9999
2024-03-18T02:34:29,0,9999,0,9999
2024-03-18T02:50:24,0,9999,0,9999
2024-03-18T03:06:29,0,9999,0,9999
2024-03-18T03:22:25,0,9999,0,9999
2024-03-18T03:38:21,0,9999,0,9999
2024-03-18T03:54:16,0,9999,0,9999
2024-03-18T04:10:23,0,9999,0,9999
2024-03-18T04:33:11,0,9999,0,9999
2024-03-18T04:49:27,0,9999,0,9999
2024-03-18T05:05:25,0,9999,0,9999
2024-03-18T05:21:22,0,9999,0,9999
2024-03-18T05:37:27,0,9999,0,9999
2024-03-18T05:53:21,0,9999,0,9999
2024-03-18T06:09:18,0,9999,0,9999
2024-03-18T06:25:15,0,9999,0,9999
2024-03-18T06:41:12,0,9999,0,9999
2024-03-18T06:57:16,0,9999,0,9999
2024-03-18T07:13:10,0,9999,0,9999
2024-03-18T07:29:04,0,9999,0,9999
2024-03-18T07:44:57,0,9999,0,9999
2024-03-18T08:00:50,0,9999,0,9999
2024-03-18T08:16:54,0,9999,0,9999
2024-03-18T08:32:48,0,9999,0,9999
2024-03-18T08:48:42,0,9999,0,9999
2024-03-18T09:04:36,0,9999,0,9999
2024-03-18T09:20:39,0,9999,0,9999
2024-03-18T09:36:32,0,9999,0,9999
2024-03-18T09:52:25,0,9999,0,9999
2024-03-18T10:08:18,0,9999,0,9999
2024-03-18T10:24:20,0,9999,0,9999
2024-03-18T10:40:13,0,9999,0,9999
2024-03-18T10:56:06,0,9999,0,9999
2024-03-18T11:12:09,0,9999,0,9999
2024-03-18T11:28:02,0,9999,0,9999
2024-03-18T11:43:55,0,9999,0,9999
2024-03-18T11:59:49,0,9999,0,9999
2024-03-18T12:15:54,0,9999,0,9999
2024-03-18T12:31:48,0,9999,0,9999
2024-03-18T12:47:40,0,9999,0,9999
2024-03-18T13:03:46,0,9999,0,9999
2024-03-18T13:19:39,0,9999,0,9999
2024-03-18T13:35:33,0,9999,0,9999
2024-03-18T13:51:26,0,9999,0,9999
2024-03-18T14:07:30,0,9999,0,9999
2024-03-18T14:23:24,0,9999,0,9999
2024-03-18T14:39:18,0,9999,0,9999
2024-03-18T14:55:21,0,9999,0,9999
2024-03-18T15:11:21,0,9999,0,9999
2024-03-18T15:27:24,0,9999,0,9999
2024-03-18T15:43:18,0,9999,0,9999
2024-03-18T15:59:12,0,9999,0,9999
2024-03-18T16:15:07,0,9999,0,9999
2024-03-18T16:31:12,0,9999,0,9999
2024-03-18T16:47:06,0,9999,0,9999
2024-03-18T17:02:59,0,9999,0,9999
2024-03-18T17:19:05,0,9999,0,9999
2024-03-18T17:34:59,0,9999,0,9999
2024-03-18T17:50:53,0,9999,0,9999
2024-03-18T18:06:47,0,9999,0,9999
2024-03-18T18:22:50,0,9999,0,9999
2024-03-18T18:38:45,0,9999,0,9999
2024-03-18T18:54:39,0,9999,0,9999
2024-03-18T19:10:33,0,9999,0,9999
2024-03-18T19:26:38,0,9999,0,9999
2024-03-18T19:42:32,0,9999,0,9999
2024-03-18T19:58:26,0,9999,0,9999
2024-03-18T20:14:20,0,9999,0,9999
2024-03-18T20:30:14,0,9999,0,9999
2024-03-18T20:46:08,0,9999,0,9999
2024-03-18T21:02:12,0,9999,0,9999
2024-03-18T21:18:07,0,9999,0,9999
2024-03-18T21:34:01,0,9999,0,9999
2024-03-18T21:49:55,0,9999,0,9999
2024-03-18T22:05:49,0,9999,0,9999
2024-03-18T22:21:43,0,9999,0,9999
2024-03-18T22:37:48,0,9999,0,9999
2024-03-18T22:53:42,0,9999,0,9999
2024-03-18T23:09:37,0,9999,0,9999
2024-03-18T23:25:31,0,9999,0,9999
2024-03-18T23:41:25,0,9999,0,9999
2024-03-18T23:57:20,0,9999,0,9999
2024-03-19T00:13:29,0,9999,0,9999
2024-03-19T00:29:30,0,9999,0,9999
2024-03-19T00:45:32,0,9999,0,9999
2024-03-19T01:01:31,0,9999,0,9999
2024-03-19T01:17:29,0,9999,0,9999
2024-03-19T01:33:26,0,9999,0,9999
2024-03-19T01:49:22,0,9999,0,9999
2024-03-19T02:05:19,0,9999,0,9999
2024-03-19T02:21:17,0,9999,0,9999
2024-03-19T02:37:26,0,9999,0,9999
2024-03-19T02:53:21,0,9999,0,9999
2024-03-19T03:09:18,0,9999,0,9999
2024-03-19T03:25:18,0,9999,0,9999
2024-03-19T03:41:16,0,9999,0,9999
2024-03-19T03:57:16,0,9999,0,9999
2024-03-19T04:22:15,0,9999,0,9999
2024-03-19T04:39:33,0,9999,0,9999
2024-03-19T04:55:54,0,9999,0,9999
2024-03-19T05:11:54,0,9999,0,9999
2024-03-19T05:27:52,0,9999,0,9999
2024-03-19T05:43:51,0,9999,0,9999
2024-03-19T05:59:47,0,9999,0,9999
2024-03-19T06:15:46,0,9999,0,9999
2024-03-19T06:31:42,0,9999,0,9999
2024-03-19T06:47:48,0,9999,0,9999
2024-03-19T07:03:46,0,9999,0,9999
2024-03-19T07:19:42,0,9999,0,9999
2024-03-19T07:35:38,0,9999,0,9999
2024-03-19T07:51:32,0,9999,0,9999
2024-03-19T08:07:28,0,9999,0,9999
2024-03-19T08:23:23,0,9999,0,9999
2024-03-19T08:39:21,0,9999,0,9999
2024-03-19T08:55:16,0,9999,0,9999
2024-03-19T09:11:11,0,9999,0,9999
2024-03-19T09:27:06,0,9999,0,9999
2024-03-19T09:43:13,0,9999,0,9999
2024-03-19T09:59:08,0,9999,0,9999
2024-03-19T10:15:03,0,9999,0,9999
2024-03-19T10:30:58,0,9999,0,9999
2024-03-19T10:46:53,0,9999,0,9999
2024-03-19T11:02:47,0,9999,0,9999
2024-03-19T11:18:54,0,9999,0,9999
2024-03-19T11:34:48,0,9999,0,9999
2024-03-19T11:50:43,0,9999,0,9999
2024-03-19T12:06:38,0,9999,0,9999
2024-03-19T12:22:34,0,9999,0,9999
2024-03-19T12:38:39,0,9999,0,9999
2024-03-19T12:54:34,0,9999,0,9999
2024-03-19T13:10:29,0,9999,0,9999
2024-03-19T13:26:25,0,9999,0,9999
2024-03-19T13:42:21,0,9999,0,9999
2024-03-19T13:58:16,0,9999,0,9999
2024-03-19T14:14:22,0,9999,0,9999
2024-03-19T14:30:17,0,9999,0,9999
2024-03-19T14:46:12,0,9999,0,9999
2024-03-19T15:02:10,0,9999,0,9999
2024-03-19T15:18:05,0,9999,0,9999
2024-03-19T15:34:11,0,9999,0,9999
2024-03-19T15:50:06,0,9999,0,9999
2024-03-19T16:06:01,0,9999,0,9999
2024-03-19T16:21:57,0,9999,0,9999
2024-03-19T16:37:52,0,9999,0,9999
2024-03-19T16:53:58,0,9999,0,9999
2024-03-19T17:09:53,0,9999,0,9999
2024-03-19T17:25:49,0,9999,0,9999
2024-03-19T17:41:44,0,9999,0,9999
2024-03-19T17:57:39,0,9999,0,9999
2024-03-19T18:13:34,0,9999,0,9999
2024-03-19T18:29:41,0,9999,0,9999
2024-03-19T18:45:36,0,9999,0,9999
2024-03-19T19:01:31,0,9999,0,9999
2024-03-19T19:17:37,0,9999,0,9999
2024-03-19T19:33:32,0,9999,0,9999
2024-03-19T19:49:27,0,9999,0,9999
2024-03-19T20:05:22,0,9999,0,9999
2024-03-19T20:21:17,0,9999,0,9999
2024-03-19T20:37:13,0,9999,0,9999
2024-03-19T20:53:09,0,9999,0,9999
2024-03-19T21:09:15,0,9999,0,9999
2024-03-19T21:25:10,0,9999,0,9999
2024-03-19T21:41:05,0,9999,0,9999
2024-03-19T21:57:01,0,9999,0,9999
2024-03-19T22:12:56,0,9999,0,9999
2024-03-19T22:28:53,0,9999,0,9999
2024-03-19T22:44:59,0,9999,0,9999
2024-03-19T23:00:54,0,9999,0,9999
2024-03-19T23:16:51,0,9999,0,9999
2024-03-19T23:32:48,0,9999,0,9999
2024-03-19T23:48:44,0,9999,0,9999
2024-03-20T00:04:42,0,9999,0,9999
2024-03-20T00:20:42,0,9999,0,9999
2024-03-20T00:36:40,0,9999,0,9999
2024-03-20T00:52:51,0,9999,0,9999
2024-03-20T01:08:50,0,9999,0,9999
2024-03-20T01:24:48,0,9999,0,9999
2024-03-20T01:40:47,0,9999,0,9999
2024-03-20T01:56:45,0,9999,0,9999
2024-03-20T02:12:44,0,9999,0,9999
2024-03-20T02:28:41,0,9999,0,9999
2024-03-20T02:44:38,0,9999,0,9999
2024-03-20T03:00:35,0,9999,0,9999
2024-03-20T03:16:34,0,9999,0,9999
2024-03-20T03:32:42,0,9999,0,9999
2024-03-20T03:48:40,0,9999,0,9999
2024-03-20T04:04:39,0,9999,0,9999
2024-03-20T04:32:38,0,9999,0,9999
2024-03-20T04:48:39,0,9999,0,9999
2024-03-20T05:04:38,0,9999,0,9999
2024-03-20T05:20:37,0,9999,0,9999
2024-03-20T05:36:38,0,9999,0,9999
2024-03-20T05:52:37,0,9999,0,9999
2024-03-20T06:08:39,0,9999,0,9999
2024-03-20T06:24:38,0,9999,0,9999
2024-03-20T06:40:36,0,9999,0,9999
2024-03-20T06:56:34,0,9999,0,9999
2024-03-20T07:12:33,0,9999,0,9999
2024-03-20T07:28:31,0,9999,0,9999
2024-03-20T07:44:28,0,9999,0,9999
2024-03-20T08:00:25,0,9999,0,9999
2024-03-20T08:16:31,0,9999,0,9999
2024-03-20T08:32:28,0,9999,0,9999
2024-03-20T08:48:23,0,9999,0,9999
2024-03-20T09:04:19,0,9999,0,9999
2024-03-20T09:20:15,0,9999,0,9999
2024-03-20T09:36:11,0,9999,0,9999
2024-03-20T09:52:07,0,9999,0,9999
2024-03-20T10:08:03,0,9999,0,9999
2024-03-20T10:23:59,0,9999,0,9999
2024-03-20T10:39:55,0,9999,0,9999
2024-03-20T10:56:02,0,9999,0,9999
2024-03-20T11:11:58,0,9999,0,9999
2024-03-20T11:27:55,0,9999,0,9999
2024-03-20T11:43:51,0,9999,0,9999
2024-03-20T11:59:58,0,9999,0,9999
2024-03-20T12:15:56,0,9999,0,9999
2024-03-20T12:31:54,0,9999,0,9999
2024-03-20T12:47:52,0,9999,0,9999
2024-03-20T13:03:49,0,9999,0,9999
2024-03-20T13:19:54,0,9999,0,9999
2024-03-20T13:35:51,0,9999,0,9999
2024-03-20T13:51:47,0,9999,0,9999
2024-03-20T14:07:44,0,9999,0,9999
2024-03-20T14:23:41,0,9999,0,9999
2024-03-20T14:39:36,0,9999,0,9999
2024-03-20T14:55:45,0,9999,0,9999
2024-03-20T15:11:41,0,9999,0,9999
2024-03-20T15:27:38,0,9999,0,9999
2024-03-20T15:43:35,0,9999,0,9999
2024-03-20T15:59:31,0,9999,0,9999
2024-03-20T16:15:44,0,9999,0,9999
2024-03-20T16:31:40,0,9999,0,9999
2024-03-20T16:47:36,0,9999,0,9999
2024-03-20T17:03:32,0,9999,0,9999
2024-03-20T17:19:29,0,9999,0,9999
2024-03-20T17:35:25,0,9999,0,9999
2024-03-20T17:51:21,0,9999,0,9999
2024-03-20T18:07:28,0,9999,0,9999
2024-03-20T18:23:24,0,9999,0,9999
2024-03-20T18:39:20,0,9999,0,9999
2024-03-20T18:55:17,0,9999,0,9999
2024-03-20T19:11:14,0,9999,0,9999
2024-03-20T19:27:11,0,9999,0,9999
2024-03-20T19:43:07,0,9999,0,9999
2024-03-20T19:59:14,0,9999,0,9999
2024-03-20T20:15:10,0,9999,0,9999
2024-03-20T20:31:06,0,9999,0,9999
2024-03-20T20:47:03,0,9999,0,9999
2024-03-20T21:03:00,0,9999,0,9999
2024-03-20T21:18:57,0,9999,0,9999
2024-03-20T21:35:03,0,9999,0,9999
2024-03-20T21:50:59,0,9999,0,9999
2024-03-20T22:06:56,0,9999,0,9999
2024-03-20T22:22:51,0,9999,0,9999
2024-03-20T22:38:47,0,9999,0,9999
2024-03-20T22:54:43,0,9999,0,9999
2024-03-20T23:10:39,0,9999,0,9999
2024-03-20T23:26:45,0,9999,0,9999
2024-03-20T23:42:43,0,9999,0,9999
2024-03-20T23:58:39,0,9999,0,9999
2024-03-21T00:14:41,0,9999,0,9999
2024-03-21T00:30:44,0,9999,0,9999
2024-03-21T00:46:46,0,9999,0,9999
2024-03-21T01:02:47,0,9999,0,9999
2024-03-21T01:18:57,0,9999,0,9999
2024-03-21T01:34:56,0,9999,0,9999
2024-03-21T01:50:54,0,9999,0,9999
2024-03-21T02:06:51,0,9999,0,9999
2024-03-21T02:22:48,0,9999,0,9999
2024-03-21T02:38:49,0,9999,0,9999
2024-03-21T02:54:46,0,9999,0,9999
2024-03-21T03:10:54,0,9999,0,9999
2024-03-21T03:26:56,0,9999,0,9999
2024-03-21T03:43:04,0,9999,0,9999
2024-03-21T03:59:05,0,9999,0,9999
2024-03-21T04:22:21,0,9999,0,9999
2024-03-21T04:38:21,0,9999,0,9999
2024-03-21T04:55:59,0,9999,0,9999
2024-03-21T05:12:02,0,9999,0,9999
2024-03-21T05:28:03,0,9999,0,9999
2024-03-21T05:44:02,0,9999,0,9999
2024-03-21T06:00:01,0,9999,0,9999
2024-03-21T06:16:04,0,9999,0,9999
2024-03-21T06:32:03,0,9999,0,9999
2024-03-21T06:48:03,0,9999,0,9999
2024-03-21T07:04:11,0,9999,0,9999
2024-03-21T07:20:15,0,9999,0,9999
2024-03-21T07:36:13,0,9999,0,9999
2024-03-21T07:52:10,0,9999,0,9999
2024-03-21T08:08:09,0,9999,0,9999
2024-03-21T08:24:07,0,9999,0,9999
2024-03-21T08:40:04,0,9999,0,9999
2024-03-21T08:56:03,0,9999,0,9999
2024-03-21T09:12:01,0,9999,0,9999
2024-03-21T09:28:09,0,9999,0,9999
2024-03-21T09:44:06,0,9999,0,9999
2024-03-21T10:00:04,0,9999,0,9999
2024-03-21T10:16:01,0,9999,0,9999
2024-03-21T10:31:58,0,9999,0,9999
2024-03-21T10:47:55,0,9999,0,9999
2024-03-21T11:04:04,0,9999,0,9999
2024-03-21T11:20:01,0,9999,0,9999
2024-03-21T11:35:58,0,9999,0,9999
2024-03-21T11:52:04,0,9999,0,9999
2024-03-21T12:08:03,0,9999,0,9999
2024-03-21T12:24:00,0,9999,0,9999
2024-03-21T12:40:07,0,9999,0,9999
2024-03-21T12:56:04,0,9999,0,9999
2024-03-21T13:12:01,0,9999,0,9999
2024-03-21T13:27:58,0,9999,0,9999
2024-03-21T13:43:54,0,9999,0,9999
2024-03-21T14:00:03,0,9999,0,9999
2024-03-21T14:16:00,0,9999,0,9999
2024-03-21T14:32:01,0,9999,0,9999
2024-03-21T14:48:06,0,9999,0,9999
2024-03-21T15:04:31,0,9999,0,9999
2024-03-21T15:20:33,0,9999,0,9999
2024-03-21T15:36:42,0,9999,0,9999
2024-03-21T15:52:39,0,9999,0,9999
2024-03-21T16:08:48,0,9999,0,9999
2024-03-21T16:24:46,0,9999,0,9999
2024-03-21T16:40:44,0,9999,0,9999
2024-03-21T16:56:53,0,9999,0,9999
2024-03-21T17:12:52,0,9999,0,9999
2024-03-21T17:28:52,0,9999,0,9999
2024-03-21T17:44:49,0,9999,0,9999
2024-03-21T18:00:57,0,9999,0,9999
2024-03-21T18:16:56,0,9999,0,9999
2024-03-21T18:32:53,0,9999,0,9999
2024-03-21T18:49:02,0,9999,0,9999
2024-03-21T19:04:59,0,9999,0,9999
2024-03-21T19:20:58,0,9999,0,9999
2024-03-21T19:36:54,0,9999,0,9999
2024-03-21T19:52:52,0,9999,0,9999
2024-03-21T20:09:04,0,9999,0,9999
2024-03-21T20:25:01,0,9999,0,9999
2024-03-21T20:40:59,0,9999,0,9999
2024-03-21T20:56:56,0,9999,0,9999
2024-03-21T21:13:09,0,9999,0,9999
2024-03-21T21:29:07,0,9999,0,9999
2024-03-21T21:45:06,0,9999,0,9999
2024-03-21T22:01:03,0,9999,0,9999
2024-03-21T22:17:00,0,9999,0,9999
2024-03-21T22:33:10,0,9999,0,9999
2024-03-21T22:49:07,0,9999,0,9999
2024-03-21T23:05:04,0,9999,0,9999
2024-03-21T23:21:02,0,9999,0,9999
2024-03-21T23:37:12,0,9999,0,9999
2024-03-21T23:53:10,0,9999,0,9999
2024-03-22T00:09:09,0,9999,0,9999
2024-03-22T00:25:13,0,9999,0,9999
2024-03-22T00:41:15,0,9999,0,9999
2024-03-22T00:57:27,0,9999,0,9999
2024-03-22T01:13:28,0,9999,0,9999
2024-03-22T01:29:29,0,9999,0,9999
2024-03-22T01:45:31,0,9999,0,9999
2024-03-22T02:01:31,0,9999,0,9999
2024-03-22T02:17:32,0,9999,0,9999
2024-03-22T02:33:35,0,9999,0,9999
2024-03-22T02:49:46,0,9999,0,9999
2024-03-22T03:05:45,0,9999,0,9999
2024-03-22T03:21:45,0,9999,0,9999
2024-03-22T03:37:48,0,9999,0,9999
2024-03-22T03:54:07,0,9999,0,9999
2024-03-22T04:10:16,0,9999,0,9999
2024-03-22T04:29:22,0,9999,0,9999
2024-03-22T04:47:06,0,9999,0,9999
2024-03-22T05:03:08,0,9999,0,9999
2024-03-22T05:19:11,0,9999,0,9999
2024-03-22T05:35:12,0,9999,0,9999
2024-03-22T05:51:13,0,9999,0,9999
2024-03-22T06:07:14,0,9999,0,9999
2024-03-22T06:23:22,0,9999,0,9999
2024-03-22T06:39:22,0,9999,0,9999
2024-03-22T06:55:24,0,9999,0,9999
2024-03-22T07:11:26,0,9999,0,9999
2024-03-22T07:27:25,0,9999,0,9999
2024-03-22T07:43:24,0,9999,0,9999
2024-03-22T07:59:23,0,9999,0,9999
2024-03-22T08:15:22,0,9999,0,9999
2024-03-22T08:31:34,0,9999,0,9999
2024-03-22T08:47:34,0,9999,0,9999
2024-03-22T09:03:34,0,9999,0,9999
2024-03-22T09:19:33,0,9999,0,9999
2024-03-22T09:35:32,0,9999,0,9999
2024-03-22T09:51:29,0,9999,0,9999
2024-03-22T10:07:37,0,9999,0,9999
2024-03-22T10:23:35,0,9999,0,9999
2024-03-22T10:39:33,0,9999,0,9999
2024-03-22T10:55:30,0,9999,0,9999
2024-03-22T11:11:28,0,9999,0,9999
2024-03-22T11:27:37,0,9999,0,9999
2024-03-22T11:43:35,0,9999,0,9999
2024-03-22T11:59:33,0,9999,0,9999
2024-03-22T12:15:39,0,9999,0,9999
2024-03-22T12:31:48,0,9999,0,9999
2024-03-22T12:47:45,0,9999,0,9999
2024-03-22T13:03:44,0,9999,0,9999
2024-03-22T13:19:41,0,9999,0,9999
2024-03-22T13:35:48,0,9999,0,9999
2024-03-22T13:51:46,0,9999,0,9999
2024-03-22T14:07:44,0,9999,0,9999
2024-03-22T14:23:42,0,9999,0,9999
2024-03-22T14:39:50,0,9999,0,9999
2024-03-22T14:55:47,0,9999,0,9999
2024-03-22T15:11:46,0,9999,0,9999
2024-03-22T15:28:42,0,9999,0,9999
2024-03-22T15:44:51,0,9999,0,9999
2024-03-22T16:00:51,0,9999,0,9999
2024-03-22T16:16:49,0,9999,0,9999
2024-03-22T16:32:47,0,9999,0,9999
2024-03-22T16:48:56,0,9999,0,9999
2024-03-22T17:04:54,0,9999,0,9999
2024-03-22T17:20:57,0,9999,0,9999
2024-03-22T17:36:55,0,9999,0,9999
2024-03-22T17:52:57,0,9999,0,9999
2024-03-22T18:09:05,0,9999,0,9999
2024-03-22T18:25:03,0,9999,0,9999
2024-03-22T18:41:02,0,9999,0,9999
2024-03-22T18:56:59,0,9999,0,9999
2024-03-22T19:12:57,0,9999,0,9999
2024-03-22T19:29:06,0,9999,0,9999
2024-03-22T19:45:03,0,9999,0,9999
2024-03-22T20:01:01,0,9999,0,9999
2024-03-22T20:16:59,0,9999,0,9999
2024-03-22T20:32:56,0,9999,0,9999
2024-03-22T20:49:05,0,9999,0,9999
2024-03-22T21:05:03,0,9999,0,9999
2024-03-22T21:21:02,0,9999,0,9999
2024-03-22T21:37:01,0,9999,0,9999
2024-03-22T21:52:59,0,9999,0,9999
2024-03-22T22:09:08,0,9999,0,9999
2024-03-22T22:25:06,0,9999,0,9999
2024-03-22T22:41:05,0,9999,0,9999
2024-03-22T22:57:03,0,9999,0,9999
2024-03-22T23:13:02,0,9999,0,9999
2024-03-22T23:29:13,0,9999,0,9999
2024-03-22T23:45:11,0,9999,0,9999
2024-03-23T00:01:11,0,9999,0,9999
2024-03-23T00:17:30,0,9999,0,9999
2024-03-23T00:33:32,0,9999,0,9999
2024-03-23T00:49:44,0,9999,0,9999
2024-03-23T01:05:46,0,9999,0,9999
2024-03-23T01:21:47,0,9999,0,9999
2024-03-23T01:37:58,0,9999,0,9999
2024-03-23T01:53:59,0,9999,0,9999
2024-03-23T02:09:58,0,9999,0,9999
2024-03-23T02:25:59,0,9999,0,9999
2024-03-23T02:41:58,0,9999,0,9999
2024-03-23T02:58:09,0,9999,0,9999
2024-03-23T03:14:08,0,9999,0,9999
2024-03-23T03:30:08,0,9999,0,9999
2024-03-23T03:46:08,0,9999,0,9999
2024-03-23T04:02:08,0,9999,0,9999
2024-03-23T04:22:46,0,9999,0,9999
2024-03-23T04:40:27,0,9999,0,9999
2024-03-23T04:56:28,0,9999,0,9999
2024-03-23T05:12:27,0,9999,0,9999
2024-03-23T05:28:24,0,9999,0,9999
2024-03-23T05:44:23,0,9999,0,9999
2024-03-23T06:00:24,0,9999,0,9999
2024-03-23T06:16:22,0,9999,0,9999
2024-03-23T06:32:31,0,9999,0,9999
2024-03-23T06:48:31,0,9999,0,9999
2024-03-23T07:05:11,0,9999,0,9999
2024-03-23T07:22:45,0,9999,0,9999
2024-03-23T07:38:45,0,9999,0,9999
2024-03-23T07:54:45,0,9999,0,9999
2024-03-23T08:10:45,0,9999,0,9999
2024-03-23T08:26:56,0,9999,0,9999
2024-03-23T08:42:57,0,9999,0,9999
2024-03-23T08:58:57,0,9999,0,9999
2024-03-23T09:14:57,0,9999,0,9999
2024-03-23T09:30:58,0,9999,0,9999
2024-03-23T09:47:00,0,9999,0,9999
2024-03-23T10:03:09,0,9999,0,9999
2024-03-23T10:19:10,0,9999,0,9999
2024-03-23T10:35:10,0,9999,0,9999
2024-03-23T10:51:10,0,9999,0,9999
2024-03-23T11:07:10,0,9999,0,9999
2024-03-23T11:23:10,0,9999,0,9999
2024-03-23T11:39:19,0,9999,0,9999
2024-03-23T11:55:20,0,9999,0,9999
2024-03-23T12:11:20,0,9999,0,9999
2024-03-23T12:27:19,0,9999,0,9999
2024-03-23T12:43:30,0,9999,0,9999
2024-03-23T12:59:29,0,9999,0,9999
2024-03-23T13:15:27,0,9999,0,9999
2024-03-23T13:31:26,0,9999,0,9999
2024-03-23T13:47:36,0,9999,0,9999
2024-03-23T14:03:36,0,9999,0,9999
2024-03-23T14:19:35,0,9999,0,9999
2024-03-23T14:35:35,0,9999,0,9999
2024-03-23T14:51:33,0,9999,0,9999
2024-03-23T15:07:41,0,9999,0,9999
2024-03-23T15:23:38,0,9999,0,9999
2024-03-23T15:39:36,0,9999,0,9999
2024-03-23T15:55:36,0,9999,0,9999
2024-03-23T16:11:47,0,9999,0,9999
2024-03-23T16:27:44,0,9999,0,9999
2024-03-23T16:43:43,0,9999,0,9999
2024-03-23T16:59:40,0,9999,0,9999
2024-03-23T17:15:39,0,9999,0,9999
2024-03-23T17:31:47,0,9999,0,9999
2024-03-23T17:47:45,0,9999,0,9999
2024-03-23T18:03:43,0,9999,0,9999
2024-03-23T18:19:41,0,9999,0,9999
2024-03-23T18:35:39,0,9999,0,9999
2024-03-23T18:51:48,0,9999,0,9999
2024-03-23T19:07:47,0,9999,0,9999
2024-03-23T19:23:44,0,9999,0,9999
2024-03-23T19:39:42,0,9999,0,9999
2024-03-23T19:55:40,0,9999,0,9999
2024-03-23T20:11:39,0,9999,0,9999
2024-03-23T20:27:48,0,9999,0,9999
2024-03-23T20:43:45,0,9999,0,9999
2024-03-23T20:59:43,0,9999,0,9999
2024-03-23T21:15:42,0,9999,0,9999
2024-03-23T21:31:41,0,9999,0,9999
2024-03-23T21:47:39,0,9999,0,9999
2024-03-23T22:03:48,0,9999,0,9999
2024-03-23T22:19:47,0,9999,0,9999
2024-03-23T22:35:45,0,9999,0,9999
2024-03-23T22:51:43,0,9999,0,9999
2024-03-23T23:07:44,0,9999,0,9999
2024-03-23T23:23:52,0,9999,0,9999
2024-03-23T23:39:54,0,9999,0,9999
2024-03-23T23:55:54,0,9999,0,9999
2024-03-24T00:11:53,0,9999,0,9999
2024-03-24T00:27:58,0,9999,0,9999
2024-03-24T00:43:59,0,9999,0,9999
2024-03-24T01:00:09,0,9999,0,9999
2024-03-24T01:16:08,0,9999,0,9999
2024-03-24T01:32:11,0,9999,0,9999
2024-03-24T01:48:13,0,9999,0,9999
2024-03-24T02:04:12,0,9999,0,9999
2024-03-24T02:20:13,0,9999,0,9999
2024-03-24T02:36:24,0,9999,0,9999
2024-03-24T02:52:25,0,9999,0,9999
2024-03-24T03:08:25,0,9999,0,9999
2024-03-24T03:24:26,0,9999,0,9999
2024-03-24T03:40:27,0,9999,0,9999
2024-03-24T03:56:36,0,9999,0,9999
2024-03-24T04:26:23,0,9999,0,9999
2024-03-24T04:45:31,0,9999,0,9999
2024-03-24T05:01:59,0,9999,0,9999
2024-03-24T05:18:12,0,9999,0,9999
2024-03-24T05:34:13,0,9999,0,9999
2024-03-24T05:50:14,0,9999,0,9999
2024-03-24T06:06:18,0,9999,0,9999
2024-03-24T06:22:20,0,9999,0,9999
2024-03-24T06:38:20,0,9999,0,9999
2024-03-24T06:54:53,0,9999,0,9999
2024-03-24T07:10:55,0,9999,0,9999
2024-03-24T07:26:57,0,9999,0,9999
2024-03-24T07:43:01,0,9999,0,9999
2024-03-24T07:59:05,0,9999,0,9999
2024-03-24T08:15:04,0,9999,0,9999
2024-03-24T08:31:05,0,9999,0,9999
2024-03-24T08:47:06,0,9999,0,9999
2024-03-24T09:03:20,0,9999,0,9999
2024-03-24T09:19:24,0,9999,0,9999
2024-03-24T09:35:30,0,9999,0,9999
2024-03-24T09:51:31,0,9999,0,9999
2024-03-24T10:07:37,0,9999,0,9999
2024-03-24T10:23:39,0,9999,0,9999
2024-03-24T10:39:50,0,9999,0,9999
2024-03-24T10:55:50,0,9999,0,9999
2024-03-24T11:11:50,0,9999,0,9999
2024-03-24T11:27:47,0,9999,0,9999
2024-03-24T11:43:45,0,9999,0,9999
2024-03-24T11:59:42,0,9999,0,9999
2024-03-24T12:15:50,0,9999,0,9999
2024-03-24T12:31:49,0,9999,0,9999
2024-03-24T12:47:46,0,9999,0,9999
2024-03-24T13:03:53,0,9999,0,9999
2024-03-24T13:19:51,0,9999,0,9999
2024-03-24T13:35:48,0,9999,0,9999
2024-03-24T13:51:46,0,9999,0,9999
2024-03-24T14:07:48,0,9999,0,9999
2024-03-24T14:23:55,0,9999,0,9999
2024-03-24T14:39:52,0,9999,0,9999
2024-03-24T14:55:50,0,9999,0,9999
2024-03-24T15:11:49,0,9999,0,9999
2024-03-24T15:27:56,0,9999,0,9999
2024-03-24T15:43:53,0,9999,0,9999
2024-03-24T15:59:51,0,9999,0,9999
2024-03-24T16:15:50,0,9999,0,9999
2024-03-24T16:31:59,0,9999,0,9999
2024-03-24T16:47:57,0,9999,0,9999
2024-03-24T17:03:54,0,9999,0,9999
2024-03-24T17:19:53,0,9999,0,9999
2024-03-24T17:35:51,0,9999,0,9999
2024-03-24T17:52:01,0,9999,0,9999
2024-03-24T18:07:59,0,9999,0,9999
2024-03-24T18:23:57,0,9999,0,9999
2024-03-24T18:39:56,0,9999,0,9999
2024-03-24T18:55:54,0,9999,0,9999
2024-03-24T19:12:03,0,9999,0,9999
2024-03-24T19:28:02,0,9999,0,9999
2024-03-24T19:44:00,0,9999,0,9999
2024-03-24T19:59:57,0,9999,0,9999
2024-03-24T20:15:55,0,9999,0,9999
2024-03-24T20:32:06,0,9999,0,9999
2024-03-24T20:48:04,0,9999,0,9999
2024-03-24T21:04:02,0,9999,0,9999
2024-03-24T21:20:01,0,9999,0,9999
2024-03-24T21:36:00,0,9999,0,9999
2024-03-24T21:51:59,0,9999,0,9999
2024-03-24T22:08:09,0,9999,0,9999
2024-03-24T22:24:07,0,9999,0,9999
2024-03-24T22:40:06,0,9999,0,9999
2024-03-24T22:56:06,0,9999,0,9999
2024-03-24T23:12:17,0,9999,0,9999
2024-03-24T23:28:16,0,9999,0,9999
2024-03-24T23:44:16,0,9999,0,9999
2024-03-25T00:00:14,0,9999,0,9999
2024-03-25T00:16:22,0,9999,0,9999
2024-03-25T00:32:40,0,9999,0,9999
2024-03-25T00:48:40,0,9999,0,9999
2024-03-25T01:04:44,0,9999,0,9999
2024-03-25T01:20:57,0,9999,0,9999
2024-03-25T01:36:58,0,9999,0,9999
2024-03-25T01:52:59,0,9999,0,9999
2024-03-25T02:09:01,0,9999,0,9999
2024-03-25T02:25:16,0,9999,0,9999
2024-03-25T02:41:16,0,9999,0,9999
2024-03-25T02:57:29,0,9999,0,9999
2024-03-25T03:13:30,0,9999,0,9999
2024-03-25T03:29:31,0,9999,0,9999
2024-03-25T03:45:33,0,9999,0,9999
2024-03-25T04:01:35,0,9999,0,9999
2024-03-25T04:29:46,0,9999,0,9999
2024-03-25T04:46:15,0,9999,0,9999
2024-03-25T05:02:18,0,9999,0,9999
2024-03-25T05:18:23,0,9999,0,9999
2024-03-25T05:34:26,0,9999,0,9999
2024-03-25T05:50:27,0,9999,0,9999
2024-03-25T06:06:28,0,9999,0,9999
2024-03-25T06:22:29,0,9999,0,9999
2024-03-25T06:38:38,0,9999,0,9999
2024-03-25T06:54:40,0,9999,0,9999
2024-03-25T07:10:43,0,9999,0,9999
2024-03-25T07:26:45,0,9999,0,9999
2024-03-25T07:42:43,0,9999,0,9999
2024-03-25T07:58:40,0,9999,0,9999
2024-03-25T08:14:40,0,9999,0,9999
2024-03-25T08:30:40,0,9999,0,9999
2024-03-25T08:46:50,0,9999,0,9999
2024-03-25T09:02:47,0,9999,0,9999
2024-03-25T09:18:45,0,9999,0,9999
2024-03-25T09:34:44,0,9999,0,9999
2024-03-25T09:50:41,0,9999,0,9999
2024-03-25T10:06:49,0,9999,0,9999
2024-03-25T10:22:48,0,9999,0,9999
2024-03-25T10:38:47,0,9999,0,9999
2024-03-25T10:54:44,0,9999,0,9999
2024-03-25T11:10:54,0,9999,0,9999
2024-03-25T11:27:02,0,9999,0,9999
2024-03-25T11:43:03,0,9999,0,9999
2024-03-25T11:59:15,0,9999,0,9999
2024-03-25T12:15:15,0,9999,0,9999
2024-03-25T12:31:24,0,9999,0,9999
2024-03-25T12:47:22,0,9999,0,9999
2024-03-25T13:03:21,0,9999,0,9999
2024-03-25T13:19:31,0,9999,0,9999
2024-03-25T13:35:31,0,9999,0,9999
2024-03-25T13:51:40,0,9999,0,9999
2024-03-25T14:07:38,0,9999,0,9999
2024-03-25T14:23:47,0,9999,0,9999
2024-03-25T14:39:47,0,9999,0,9999
2024-03-25T14:55:47,0,9999,0,9999
2024-03-25T15:11:56,0,9999,0,9999
2024-03-25T15:27:54,0,9999,0,9999
2024-03-25T15:44:03,0,9999,0,9999
2024-03-25T16:00:01,0,9999,0,9999
2024-03-25T16:16:12,0,9999,0,9999
2024-03-25T16:32:11,0,9999,0,9999
2024-03-25T16:48:13,0,9999,0,9999
2024-03-25T17:04:12,0,9999,0,9999
2024-03-25T17:20:23,0,9999,0,9999
2024-03-25T17:36:24,0,9999,0,9999
2024-03-25T17:52:25,0,9999,0,9999
2024-03-25T18:08:36,0,9999,0,9999
2024-03-25T18:24:35,0,9999,0,9999
2024-03-25T18:40:44,0,9999,0,9999
2024-03-25T18:56:43,0,9999,0,9999
2024-03-25T19:12:43,0,9999,0,9999
2024-03-25T19:28:41,0,9999,0,9999
2024-03-25T19:44:50,0,9999,0,9999
2024-03-25T20:00:50,0,9999,0,9999
2024-03-25T20:16:49,0,9999,0,9999
2024-03-25T20:32:59,0,9999,0,9999
2024-03-25T20:48:57,0,9999,0,9999
2024-03-25T21:04:57,0,9999,0,9999
2024-03-25T21:20:58,0,9999,0,9999
2024-03-25T21:37:08,0,9999,0,9999
2024-03-25T21:53:09,0,9999,0,9999
2024-03-25T22:09:09,0,9999,0,9999
2024-03-25T22:25:18,0,9999,0,9999
2024-03-25T22:41:18,0,9999,0,9999
2024-03-25T22:57:18,0,9999,0,9999
2024-03-25T23:13:28,0,9999,0,9999
2024-03-25T23:29:27,0,9999,0,9999
2024-03-25T23:45:26,0,9999,0,9999
2024-03-26T00:01:26,0,9999,0,9999
2024-03-26T00:17:41,0,9999,0,9999
2024-03-26T00:33:47,0,9999,0,9999
2024-03-26T00:49:51,0,9999,0,9999
2024-03-26T01:05:52,0,9999,0,9999
2024-03-26T01:21:54,0,9999,0,9999
2024-03-26T01:38:07,0,9999,0,9999
2024-03-26T01:54:10,0,9999,0,9999
2024-03-26T02:10:10,0,9999,0,9999
2024-03-26T02:26:10,0,9999,0,9999
2024-03-26T02:42:09,0,9999,0,9999
2024-03-26T02:58:10,0,9999,0,9999
2024-03-26T03:14:09,0,9999,0,9999
2024-03-26T03:30:20,0,9999,0,9999
2024-03-26T03:46:19,0,9999,0,9999
2024-03-26T04:02:19,0,9999,0,9999
2024-03-26T04:26:06,0,9999,0,9999
2024-03-26T04:42:31,0,9999,0,9999
2024-03-26T04:58:36,0,9999,0,9999
2024-03-26T05:14:40,0,9999,0,9999
2024-03-26T05:31:13,0,9999,0,9999
2024-03-26T05:47:17,0,9999,0,9999
2024-03-26T06:03:19,0,9999,0,9999
2024-03-26T06:19:29,0,9999,0,9999
2024-03-26T06:35:31,0,9999,0,9999
2024-03-26T06:51:35,0,9999,0,9999
2024-03-26T07:07:41,0,9999,0,9999
2024-03-26T07:23:44,0,9999,0,9999
2024-03-26T07:39:47,0,9999,0,9999
2024-03-26T07:55:52,0,9999,0,9999
2024-03-26T08:12:06,0,9999,0,9999
2024-03-26T08:28:08,0,9999,0,9999
2024-03-26T08:44:09,0,9999,0,9999
2024-03-26T09:00:10,0,9999,0,9999
2024-03-26T09:16:22,0,9999,0,9999
2024-03-26T09:32:24,0,9999,0,9999
2024-03-26T09:48:26,0,9999,0,9999
2024-03-26T10:04:38,0,9999,0,9999
2024-03-26T10:22:13,0,9999,0,9999
2024-03-26T10:39:38,0,9999,0,9999
2024-03-26T10:58:29,0,9999,0,9999
2024-03-26T11:17:39,0,9999,0,9999
2024-03-26T11:36:59,0,9999,0,9999
2024-03-26T11:56:48,0,9999,0,9999
2024-03-26T12:12:57,0,9999,0,9999
2024-03-26T12:28:58,0,9999,0,9999
2024-03-26T12:44:59,0,9999,0,9999
2024-03-26T13:01:11,0,9999,0,9999
2024-03-26T13:17:13,0,9999,0,9999
2024-03-26T13:33:26,0,9999,0,9999
2024-03-26T13:49:26,0,9999,0,9999
2024-03-26T14:05:26,0,9999,0,9999
2024-03-26T14:21:39,0,9999,0,9999
2024-03-26T14:37:40,0,9999,0,9999
2024-03-26T14:53:40,0,9999,0,9999
2024-03-26T15:09:51,0,9999,0,9999
2024-03-26T15:25:51,0,9999,0,9999
2024-03-26T15:42:03,0,9999,0,9999
2024-03-26T15:58:03,0,9999,0,9999
2024-03-26T16:14:03,0,9999,0,9999
2024-03-26T16:30:14,0,9999,0,9999
2024-03-26T16:46:15,0,9999,0,9999
2024-03-26T17:02:26,0,9999,0,9999
2024-03-26T17:18:28,0,9999,0,9999
2024-03-26T17:34:27,0,9999,0,9999
2024-03-26T17:50:39,0,9999,0,9999
2024-03-26T18:06:39,0,9999,0,9999
2024-03-26T18:22:39,0,9999,0,9999
2024-03-26T18:38:51,0,9999,0,9999
2024-03-26T18:54:51,0,9999,0,9999
2024-03-26T19:10:51,0,9999,0,9999
2024-03-26T19:27:03,0,9999,0,9999
2024-03-26T19:43:03,0,9999,0,9999
2024-03-26T19:59:02,0,9999,0,9999
2024-03-26T20:15:14,0,9999,0,9999
2024-03-26T21:09:47,0,9999,0,9999
2024-03-26T21:25:48,0,9999,0,9999
2024-03-26T21:42:02,0,9999,0,9999
2024-03-26T21:58:04,0,9999,0,9999
2024-03-26T22:14:20,0,9999,0,9999
2024-03-26T22:30:20,0,9999,0,9999
2024-03-26T22:46:20,0,9999,0,9999
2024-03-26T23:02:34,0,9999,0,9999
2024-03-26T23:18:36,0,9999,0,9999
2024-03-26T23:34:50,0,9999,0,9999
2024-03-26T23:50:50,0,9999,0,9999
2024-03-27T00:06:58,0,9999,0,9999
2024-03-27T00:23:23,0,9999,0,9999
2024-03-27T00:39:34,0,9999,0,9999
2024-03-27T00:55:41,0,9999,0,9999
2024-03-27T01:12:02,0,9999,0,9999
2024-03-27T01:28:06,0,9999,0,9999
2024-03-27T01:44:12,0,9999,0,9999
2024-03-27T02:00:18,0,9999,0,9999
2024-03-27T02:16:37,0,9999,0,9999
2024-03-27T02:32:46,0,9999,0,9999
2024-03-27T02:48:50,0,9999,0,9999
2024-03-27T03:04:55,0,9999,0,9999
2024-03-27T03:20:58,0,9999,0,9999
2024-03-27T03:37:01,0,9999,0,9999
2024-03-27T03:53:21,0,9999,0,9999
2024-03-27T04:09:23,0,9999,0,9999
2024-03-27T04:29:52,0,9999,0,9999
2024-03-27T04:47:31,0,9999,0,9999
2024-03-27T05:04:01,0,9999,0,9999
2024-03-27T05:20:03,0,9999,0,9999
2024-03-27T05:36:05,0,9999,0,9999
2024-03-27T05:52:08,0,9999,0,9999
2024-03-27T06:08:19,0,9999,0,9999
2024-03-27T06:24:52,0,9999,0,9999
2024-03-27T06:40:55,0,9999,0,9999
2024-03-27T06:56:56,0,9999,0,9999
2024-03-27T07:13:02,0,9999,0,9999
2024-03-27T07:29:06,0,9999,0,9999
2024-03-27T07:45:18,0,9999,0,9999
2024-03-27T08:01:22,0,9999,0,9999
2024-03-27T08:17:25,0,9999,0,9999
2024-03-27T08:33:27,0,9999,0,9999
2024-03-27T08:49:42,0,9999,0,9999
2024-03-27T09:05:47,0,9999,0,9999
2024-03-27T09:21:50,0,9999,0,9999
2024-03-27T09:38:05,0,9999,0,9999
2024-03-27T09:54:06,0,9999,0,9999
2024-03-27T10:10:27,0,9999,0,9999
2024-03-27T10:26:29,0,9999,0,9999
2024-03-27T10:42:31,0,9999,0,9999
2024-03-27T10:58:46,0,9999,0,9999
2024-03-27T11:14:48,0,9999,0,9999
2024-03-27T11:31:05,0,9999,0,9999
2024-03-27T11:47:08,0,9999,0,9999
2024-03-27T12:03:24,0,9999,0,9999
2024-03-27T12:19:26,0,9999,0,9999
2024-03-27T12:35:27,0,9999,0,9999
2024-03-27T12:51:38,0,9999,0,9999
2024-03-27T13:07:38,0,9999,0,9999
2024-03-27T13:23:50,0,9999,0,9999
2024-03-27T13:39:53,0,9999,0,9999
2024-03-27T13:55:53,0,9999,0,9999
2024-03-27T14:12:06,0,9999,0,9999
2024-03-27T14:28:07,0,9999,0,9999
2024-03-27T14:44:09,0,9999,0,9999
2024-03-27T15:00:22,0,9999,0,9999
2024-03-27T15:16:23,0,9999,0,9999
2024-03-27T15:32:36,0,9999,0,9999
2024-03-27T15:48:36,0,9999,0,9999
2024-03-27T16:04:36,0,9999,0,9999
2024-03-27T16:20:49,0,9999,0,9999
2024-03-27T16:36:50,0,9999,0,9999
2024-03-27T16:52:51,0,9999,0,9999
2024-03-27T17:09:06,0,9999,0,9999
2024-03-27T17:25:07,0,9999,0,9999
2024-03-27T17:41:09,0,9999,0,9999
2024-03-27T17:57:22,0,9999,0,9999
2024-03-27T18:13:23,0,9999,0,9999
2024-03-27T18:29:24,0,9999,0,9999
2024-03-27T18:45:37,0,9999,0,9999
2024-03-27T19:01:37,0,9999,0,9999
2024-03-27T19:17:38,0,9999,0,9999
2024-03-27T19:33:38,0,9999,0,9999
2024-03-27T19:49:51,0,9999,0,9999
2024-03-27T20:05:51,0,9999,0,9999
2024-03-27T20:21:51,0,9999,0,9999
2024-03-27T20:38:04,0,9999,0,9999
2024-03-27T20:54:05,0,9999,0,9999
2024-03-27T21:10:07,0,9999,0,9999
2024-03-27T21:26:08,0,9999,0,9999
2024-03-27T21:42:22,0,9999,0,9999
2024-03-27T21:58:23,0,9999,0,9999
2024-03-27T22:14:25,0,9999,0,9999
2024-03-27T22:30:26,0,9999,0,9999
2024-03-27T22:46:39,0,9999,0,9999
2024-03-27T23:02:43,0,9999,0,9999
2024-03-27T23:18:45,0,9999,0,9999
2024-03-27T23:34:47,0,9999,0,9999
2024-03-27T23:51:01,0,9999,0,9999
2024-03-28T00:07:04,0,9999,0,9999
2024-03-28T00:23:13,0,9999,0,9999
2024-03-28T00:39:18,0,9999,0,9999
2024-03-28T00:55:37,0,9999,0,9999
2024-03-28T01:11:42,0,9999,0,9999
2024-03-28T01:27:45,0,9999,0,9999
2024-03-28T01:43:49,0,9999,0,9999
2024-03-28T01:59:53,0,9999,0,9999
2024-03-28T02:16:01,0,9999,0,9999
2024-03-28T02:32:17,0,9999,0,9999
2024-03-28T02:48:18,0,9999,0,9999
2024-03-28T03:04:19,0,9999,0,9999
2024-03-28T03:20:20,0,9999,0,9999
2024-03-28T03:36:21,0,9999,0,9999
2024-03-28T03:52:22,0,9999,0,9999
2024-03-28T04:21:06,0,9999,0,9999
2024-03-28T04:37:37,0,9999,0,9999
2024-03-28T04:53:42,0,9999,0,9999
2024-03-28T05:09:45,0,9999,0,9999
2024-03-28T05:25:48,0,9999,0,9999
2024-03-28T05:41:53,0,9999,0,9999
2024-03-28T05:57:58,0,9999,0,9999
2024-03-28T06:14:12,0,9999,0,9999
2024-03-28T06:30:17,0,9999,0,9999
2024-03-28T06:46:22,0,9999,0,9999
2024-03-28T07:02:27,0,9999,0,9999
2024-03-28T07:18:33,0,9999,0,9999
2024-03-28T07:34:38,0,9999,0,9999
2024-03-28T07:50:52,0,9999,0,9999
2024-03-28T08:06:56,0,9999,0,9999
2024-03-28T08:23:02,0,9999,0,9999
2024-03-28T08:39:04,0,9999,0,9999
2024-03-28T08:55:09,0,9999,0,9999
2024-03-28T09:11:16,0,9999,0,9999
2024-03-28T09:27:31,0,9999,0,9999
2024-03-28T09:43:37,0,9999,0,9999
2024-03-28T09:59:40,0,9999,0,9999
2024-03-28T10:15:43,0,9999,0,9999
2024-03-28T10:31:56,0,9999,0,9999
2024-03-28T10:47:59,0,9999,0,9999
2024-03-28T11:04:03,0,9999,0,9999
2024-03-28T11:20:18,0,9999,0,9999
2024-03-28T11:36:29,0,9999,0,9999
2024-03-28T11:52:31,0,9999,0,9999
2024-03-28T12:08:33,0,9999,0,9999
2024-03-28T12:24:48,0,9999,0,9999
2024-03-28T12:40:51,0,9999,0,9999
2024-03-28T12:56:53,0,9999,0,9999
2024-03-28T13:13:06,0,9999,0,9999
2024-03-28T13:29:09,0,9999,0,9999
2024-03-28T13:45:11,1,9998,0,9999
2024-03-28T14:01:27,1,9998,0,9999
2024-03-28T14:17:29,1,9998,0,9999
2024-03-28T14:33:31,1,9998,0,9999
2024-03-28T14:49:43,1,9998,0,9999
2024-03-28T15:05:45,1,9998,0,9999
2024-03-28T15:21:47,1,9998,0,9999
2024-03-28T15:38:01,1,9998,0,9999
2024-03-28T15:54:03,1,9998,0,9999
2024-03-28T16:10:03,1,9998,0,9999
2024-03-28T16:26:04,1,9998,0,9999
2024-03-28T16:42:15,1,9998,0,9999
2024-03-28T16:58:19,1,9998,0,9999
2024-03-28T17:14:21,1,9998,0,9999
2024-03-28T17:30:33,1,9998,0,9999
2024-03-28T17:46:34,1,9998,0,9999
2024-03-28T18:02:35,1,9998,0,9999
2024-03-28T18:18:35,1,9998,0,9999
2024-03-28T18:34:36,1,9998,0,9999
2024-03-28T18:50:48,1,9998,0,9999
2024-03-28T19:06:50,1,9998,0,9999
2024-03-28T19:22:51,1,9998,0,9999
2024-03-28T19:38:52,1,9998,0,9999
2024-03-28T19:55:04,1,9998,0,9999
2024-03-28T20:11:06,1,9998,0,9999
2024-03-28T20:27:07,1,9998,0,9999
2024-03-28T20:43:07,1,9998,0,9999
2024-03-28T20:59:19,1,9998,0,9999
2024-03-28T21:15:20,1,9998,0,9999
2024-03-28T21:31:23,1,9998,0,9999
2024-03-28T21:47:24,1,9998,0,9999
2024-03-28T22:03:38,1,9998,0,9999
2024-03-28T22:19:39,1,9998,0,9999
2024-03-28T22:35:40,1,9998,0,9999
2024-03-28T22:51:42,1,9998,0,9999
2024-03-28T23:07:54,1,9998,0,9999
2024-03-28T23:23:55,1,9998,0,9999
2024-03-28T23:39:57,1,9998,0,9999
2024-03-28T23:55:58,1,9998,0,9999
2024-03-29T00:12:15,1,9998,0,9999
2024-03-29T00:28:21,1,9998,0,9999
2024-03-29T00:44:30,1,9998,0,9999
2024-03-29T01:00:36,1,9998,0,9999
2024-03-29T01:16:41,1,9998,0,9999
2024-03-29T01:32:57,1,9998,0,9999
2024-03-29T01:49:01,1,9998,0,9999
2024-03-29T02:05:05,1,9998,0,9999
2024-03-29T02:21:09,1,9998,0,9999
2024-03-29T02:37:12,1,9998,0,9999
2024-03-29T02:53:15,1,9998,0,9999
2024-03-29T03:09:18,1,9998,0,9999
2024-03-29T03:25:33,1,9998,0,9999
2024-03-29T03:41:36,1,9998,0,9999
2024-03-29T03:57:39,1,9998,0,9999
2024-03-29T04:13:44,1,9998,0,9999
2024-03-29T04:33:54,1,9998,0,9999
2024-03-29T04:51:37,1,9998,0,9999
2024-03-29T05:07:39,1,9998,0,9999
2024-03-29T05:23:43,1,9998,0,9999
2024-03-29T05:40:14,1,9998,0,9999
2024-03-29T05:57:02,1,9998,0,9999
2024-03-29T06:13:09,1,9998,0,9999
2024-03-29T06:29:13,1,9998,0,9999
2024-03-29T06:45:24,1,9998,0,9999
2024-03-29T07:01:27,1,9998,0,9999
2024-03-29T07:17:32,1,9998,0,9999
2024-03-29T07:33:35,1,9998,0,9999
2024-03-29T07:49:38,1,9998,0,9999
2024-03-29T08:05:41,1,9998,0,9999
2024-03-29T08:21:45,1,9998,0,9999
2024-03-29T08:37:49,1,9998,0,9999
2024-03-29T08:54:02,1,9998,0,9999
2024-03-29T09:10:05,1,9998,0,9999
2024-03-29T09:26:08,1,9998,0,9999
2024-03-29T09:42:11,1,9998,0,9999
2024-03-29T09:58:14,1,9998,0,9999
2024-03-29T10:14:27,1,9998,0,9999
2024-03-29T10:30:30,1,9998,0,9999
2024-03-29T10:46:32,1,9998,0,9999
2024-03-29T11:02:35,1,9998,0,9999
2024-03-29T11:18:46,1,9998,0,9999
2024-03-29T11:34:49,1,9998,0,9999
2024-03-29T11:50:52,1,9998,0,9999
2024-03-29T12:06:54,1,9998,0,9999
2024-03-29T12:23:07,1,9998,0,9999
2024-03-29T12:39:09,1,9998,0,9999
2024-03-29T12:55:10,1,9998,0,9999
2024-03-29T13:11:22,1,9998,0,9999
2024-03-29T13:27:24,1,9998,0,9999
2024-03-29T13:43:25,1,9998,0,9999
2024-03-29T13:59:25,1,9998,0,9999
2024-03-29T14:15:25,1,9998,0,9999
2024-03-29T14:31:37,1,9998,0,9999
2024-03-29T14:47:38,1,9998,0,9999
2024-03-29T15:03:41,1,9998,0,9999
2024-03-29T15:19:53,1,9998,0,9999
2024-03-29T15:35:54,1,9998,0,9999
2024-03-29T15:51:54,1,9998,0,9999
2024-03-29T16:07:56,1,9998,0,9999
2024-03-29T16:24:08,1,9998,0,9999
2024-03-29T16:40:08,1,9998,0,9999
2024-03-29T16:56:08,1,9998,0,9999
2024-03-29T17:12:09,1,9998,0,9999
2024-03-29T17:28:10,1,9998,0,9999
2024-03-29T17:44:21,1,9998,0,9999
2024-03-29T18:00:21,1,9998,0,9999
2024-03-29T18:16:21,1,9998,0,9999
2024-03-29T18:32:22,1,9998,0,9999
2024-03-29T18:48:33,1,9998,0,9999
2024-03-29T19:04:33,1,9998,0,9999
2024-03-29T19:20:34,1,9998,0,9999
2024-03-29T19:36:34,1,9998,0,9999
2024-03-29T19:52:34,1,9998,0,9999
2024-03-29T20:08:45,1,9998,0,9999
2024-03-29T20:24:46,1,9998,0,9999
2024-03-29T20:40:46,1,9998,0,9999
2024-03-29T20:56:47,1,9998,0,9999
2024-03-29T21:12:47,1,9998,0,9999
2024-03-29T21:28:58,1,9998,0,9999
2024-03-29T21:44:58,1,9998,0,9999
2024-03-29T22:00:58,1,9998,0,9999
2024-03-29T22:16:59,1,9998,0,9999
2024-03-29T22:32:59,1,9998,0,9999
2024-03-29T22:49:03,1,9998,0,9999
2024-03-29T23:05:16,1,9998,0,9999
2024-03-29T23:21:16,1,9998,0,9999
2024-03-29T23:37:17,1,9998,0,9999
2024-03-29T23:53:18,1,9998,0,9999
2024-03-30T00:09:20,1,9998,0,9999
2024-03-30T00:25:30,1,9998,0,9999
2024-03-30T00:41:44,1,9998,0,9999
2024-03-30T00:57:48,1,9998,0,9999
2024-03-30T01:13:51,1,9998,0,9999
2024-03-30T01:29:54,1,9998,0,9999
2024-03-30T01:45:59,1,9998,0,9999
2024-03-30T02:02:02,1,9998,0,9999
2024-03-30T02:18:21,1,9998,0,9999
2024-03-30T02:34:22,1,9998,0,9999
2024-03-30T02:50:34,1,9998,0,9999
2024-03-30T03:06:35,1,9998,0,9999
2024-03-30T03:22:38,1,9998,0,9999
2024-03-30T03:38:40,1,9998,0,9999
2024-03-30T03:54:44,1,9998,0,9999
2024-03-30T04:10:48,1,9998,0,9999
2024-03-30T04:29:09,1,9998,0,9999
2024-03-30T04:46:49,1,9998,0,9999
2024-03-30T05:02:56,1,9998,0,9999
2024-03-30T05:19:02,1,9998,0,9999
2024-03-30T05:35:04,1,9998,0,9999
2024-03-30T05:51:08,1,9998,0,9999
2024-03-30T06:07:12,1,9998,0,9999
2024-03-30T06:23:16,1,9998,0,9999
2024-03-30T06:39:18,1,9998,0,9999
2024-03-30T06:55:18,1,9998,0,9999
2024-03-30T07:11:27,1,9998,0,9999
2024-03-30T07:27:28,1,9998,0,9999
2024-03-30T07:43:27,1,9998,0,9999
2024-03-30T07:59:27,1,9998,0,9999
2024-03-30T08:15:26,1,9998,0,9999
2024-03-30T08:31:27,1,9998,0,9999
2024-03-30T08:47:28,1,9998,0,9999
2024-03-30T09:03:28,1,9998,0,9999
2024-03-30T09:19:39,1,9998,0,9999
2024-03-30T09:35:40,2,9997,0,9999
2024-03-30T09:51:40,2,9997,0,9999
2024-03-30T10:07:41,2,9997,0,9999
2024-03-30T10:23:40,2,9997,0,9999
2024-03-30T10:39:41,2,9997,0,9999
2024-03-30T10:55:51,2,9997,0,9999
2024-03-30T11:11:51,2,9997,0,9999
2024-03-30T11:27:51,2,9997,0,9999
2024-03-30T11:43:51,2,9997,0,9999
2024-03-30T11:59:51,2,9997,0,9999
2024-03-30T12:16:01,2,9997,0,9999
2024-03-30T12:32:01,2,9997,0,9999
2024-03-30T12:48:01,2,9997,0,9999
2024-03-30T13:04:02,2,9997,0,9999
2024-03-30T13:20:13,2,9997,0,9999
2024-03-30T13:36:13,2,9997,0,9999
2024-03-30T13:52:12,2,9997,0,9999
2024-03-30T14:08:13,2,9997,0,9999
2024-03-30T14:24:13,2,9997,0,9999
2024-03-30T14:40:23,2,9997,0,9999
2024-03-30T14:56:23,2,9997,0,9999
2024-03-30T15:12:25,2,9997,0,9999
2024-03-30T15:28:25,2,9997,0,9999
2024-03-30T15:44:25,2,9997,0,9999
2024-03-30T16:00:34,2,9997,0,9999
2024-03-30T16:16:34,2,9997,0,9999
2024-03-30T16:32:34,2,9997,0,9999
2024-03-30T16:48:34,2,9997,0,9999
2024-03-30T17:04:34,2,9997,0,9999
2024-03-30T17:20:45,2,9997,0,9999
2024-03-30T17:36:45,2,9997,0,9999
2024-03-30T17:52:45,2,9997,0,9999
2024-03-30T18:08:45,2,9997,0,9999
2024-03-30T18:24:46,2,9997,0,9999
2024-03-30T18:40:56,2,9997,0,9999
2024-03-30T18:56:56,2,9997,0,9999
2024-03-30T19:12:57,2,9997,0,9999
2024-03-30T19:29:05,2,9997,0,9999
2024-03-30T19:45:05,2,9997,0,9999
2024-03-30T20:01:05,2,9997,0,9999
2024-03-30T20:17:15,2,9997,0,9999
2024-03-30T20:33:15,2,9997,0,9999
2024-03-30T20:49:15,2,9997,0,9999
2024-03-30T21:05:17,2,9997,0,9999
2024-03-30T21:21:16,2,9997,0,9999
2024-03-30T21:37:27,2,9997,0,9999
2024-03-30T21:53:28,2,9997,0,9999
2024-03-30T22:09:29,2,9997,0,9999
2024-03-30T22:25:29,2,9997,0,9999
2024-03-30T22:41:30,2,9997,0,9999
2024-03-30T22:57:42,2,9997,0,9999
2024-03-30T23:13:43,2,9997,0,9999
2024-03-30T23:29:43,2,9997,0,9999
2024-03-30T23:45:45,2,9997,0,9999
2024-03-31T00:01:47,2,9997,0,9999
2024-03-31T00:18:09,2,9997,0,9999
2024-03-31T00:34:38,2,9997,0,9999
2024-03-31T00:50:46,2,9997,0,9999
2024-03-31T01:06:50,2,9997,0,9999
2024-03-31T01:22:52,2,9997,0,9999
2024-03-31T01:38:56,2,9997,0,9999
2024-03-31T01:55:00,2,9997,0,9999
2024-03-31T02:11:29,2,9997,0,9999
2024-03-31T02:27:33,2,9997,0,9999
2024-03-31T02:43:37,2,9997,0,9999
2024-03-31T02:59:41,2,9997,0,9999
2024-03-31T03:15:45,2,9997,0,9999
2024-03-31T03:31:49,2,9997,0,9999
2024-03-31T03:47:52,2,9997,0,9999
2024-03-31T04:03:57,2,9997,0,9999
2024-03-31T04:34:08,2,9997,0,9999
2024-03-31T04:50:32,2,9997,0,9999
2024-03-31T05:06:42,2,9997,0,9999
2024-03-31T05:22:45,2,9997,0,9999
2024-03-31T05:38:47,2,9997,0,9999
2024-03-31T05:54:54,2,9997,0,9999
2024-03-31T06:11:01,2,9997,0,9999
2024-03-31T06:27:04,2,9997,0,9999
2024-03-31T06:43:07,2,9997,0,9999
2024-03-31T06:59:09,2,9997,0,9999
2024-03-31T07:15:09,2,9997,0,9999
2024-03-31T07:31:17,2,9997,0,9999
2024-03-31T07:47:20,2,9997,0,9999
2024-03-31T08:03:22,2,9997,0,9999
2024-03-31T08:19:22,2,9997,0,9999
2024-03-31T08:35:23,2,9997,0,9999
2024-03-31T08:51:23,2,9997,0,9999
2024-03-31T09:07:23,2,9997,0,9999
2024-03-31T09:23:28,2,9997,0,9999
2024-03-31T09:39:29,2,9997,0,9999
2024-03-31T09:55:33,2,9997,0,9999
2024-03-31T10:11:47,2,9997,0,9999
2024-03-31T10:27:49,2,9997,0,9999
2024-03-31T10:43:52,2,9997,0,9999
2024-03-31T10:59:52,2,9997,0,9999
2024-03-31T11:16:00,2,9997,0,9999
2024-03-31T11:32:00,2,9997,0,9999
2024-03-31T11:47:59,2,9997,0,9999
2024-03-31T12:03:59,2,9997,0,9999
2024-03-31T12:20:06,2,9997,0,9999
2024-03-31T12:36:06,2,9997,0,9999
2024-03-31T12:52:05,2,9997,0,9999
2024-03-31T13:08:05,2,9997,0,9999
2024-03-31T13:24:14,2,9997,0,9999
2024-03-31T13:40:13,2,9997,0,9999
2024-03-31T13:56:12,2,9997,0,9999
2024-03-31T14:12:22,2,9997,0,9999
2024-03-31T14:28:21,2,9997,0,9999
2024-03-31T14:44:20,2,9997,0,9999
2024-03-31T15:00:19,2,9997,0,9999
2024-03-31T15:16:29,2,9997,0,9999
2024-03-31T15:32:29,2,9997,0,9999
2024-03-31T15:48:38,2,9997,0,9999
2024-03-31T16:04:38,2,9997,0,9999
2024-03-31T16:20:42,2,9997,0,9999
2024-03-31T16:36:53,2,9997,0,9999
2024-03-31T16:52:54,2,9997,0,9999
2024-03-31T17:08:54,2,9997,0,9999
2024-03-31T17:25:05,2,9997,0,9999
2024-03-31T17:41:04,2,9997,0,9999
2024-03-31T17:57:07,2,9997,0,9999
2024-03-31T18:13:18,2,9997,0,9999
2024-03-31T18:29:18,2,9997,0,9999
2024-03-31T18:45:20,2,9997,0,9999
2024-03-31T19:01:30,2,9997,0,9999
2024-03-31T19:17:32,2,9997,0,9999
2024-03-31T19:33:33,2,9997,0,9999
2024-03-31T19:49:45,2,9997,0,9999
2024-03-31T20:05:45,2,9997,0,9999
2024-03-31T20:21:57,2,9997,0,9999
2024-03-31T20:37:57,2,9997,0,9999
2024-03-31T20:54:07,2,9997,0,9999
2024-03-31T21:10:09,2,9997,0,9999
2024-03-31T21:26:22,2,9997,0,9999
2024-03-31T21:42:24,2,9997,0,9999
2024-03-31T21:58:36,2,9997,0,9999
2024-03-31T22:14:36,2,9997,0,9999
2024-03-31T22:30:36,2,9997,0,9999
2024-03-31T22:46:47,2,9997,0,9999
2024-03-31T23:02:48,2,9997,0,9999
2024-03-31T23:19:00,2,9997,0,9999
2024-03-31T23:35:02,2,9997,0,9999
2024-03-31T23:51:13,2,9997,0,9999
2024-04-01T00:07:52,2,9997,0,9999
2024-04-01T00:24:17,2,9997,0,9999
2024-04-01T00:40:32,2,9997,0,9999
2024-04-01T00:56:51,2,9997,0,9999
2024-04-01T01:12:52,2,9997,0,9999
2024-04-01T01:29:05,2,9997,0,9999
2024-04-01T01:45:09,2,9997,0,9999
2024-04-01T02:01:28,2,9997,0,9999
2024-04-01T02:17:34,2,9997,0,9999
2024-04-01T02:33:36,2,9997,0,9999
2024-04-01T02:49:51,3,9996,0,9999
2024-04-01T03:05:55,3,9996,0,9999
2024-04-01T03:22:10,3,9996,0,9999
2024-04-01T03:38:13,3,9996,0,9999
2024-04-01T03:54:17,3,9996,0,9999
2024-04-01T04:10:20,3,9996,0,9999
2024-04-01T04:27:35,3,9996,0,9999
2024-04-01T04:45:18,3,9996,0,9999
2024-04-01T05:01:23,3,9996,0,9999
2024-04-01T05:17:29,3,9996,0,9999
2024-04-01T05:33:35,3,9996,0,9999
2024-04-01T05:49:41,3,9996,0,9999
2024-04-01T06:05:49,3,9996,0,9999
2024-04-01T06:21:53,3,9996,0,9999
2024-04-01T06:37:57,3,9996,0,9999
2024-04-01T06:54:07,3,9996,0,9999
2024-04-01T07:10:16,3,9996,0,9999
2024-04-01T07:26:19,3,9996,0,9999
2024-04-01T07:42:21,3,9996,0,9999
2024-04-01T07:58:33,3,9996,0,9999
2024-04-01T08:17:09,3,9996,0,9999
2024-04-01T08:33:25,3,9996,0,9999
2024-04-01T08:49:27,3,9996,0,9999
2024-04-01T09:05:44,3,9996,0,9999
2024-04-01T09:21:49,3,9996,0,9999
2024-04-01T09:38:02,3,9996,0,9999
2024-04-01T09:54:17,3,9996,0,9999
2024-04-01T10:10:24,3,9996,0,9999
2024-04-01T10:26:47,3,9996,0,9999
2024-04-01T10:43:10,3,9996,0,9999
2024-04-01T10:59:30,3,9996,0,9999
2024-04-01T11:15:51,3,9996,0,9999
2024-04-01T11:32:08,3,9996,0,9999
2024-04-01T11:48:17,3,9996,0,9999
2024-04-01T12:04:35,3,9996,0,9999
2024-04-01T12:20:50,3,9996,0,9999
2024-04-01T12:37:06,3,9996,0,9999
2024-04-01T12:53:22,3,9996,0,9999
2024-04-01T13:09:36,3,9996,0,9999
2024-04-01T13:25:52,3,9996,0,9999
2024-04-01T13:41:56,3,9996,0,9999
2024-04-01T13:58:10,3,9996,0,9999
2024-04-01T14:14:17,3,9996,0,9999
2024-04-01T14:30:35,3,9996,0,9999
2024-04-01T14:46:50,3,9996,0,9999
2024-04-01T15:03:08,3,9996,0,9999
2024-04-01T15:19:23,3,9996,0,9999
2024-04-01T15:35:27,3,9996,0,9999
2024-04-01T15:51:47,3,9996,0,9999
2024-04-01T16:07:53,3,9996,0,9999
2024-04-01T16:24:09,3,9996,0,9999
2024-04-01T16:40:13,3,9996,0,9999
2024-04-01T16:56:29,3,9996,0,9999
2024-04-01T17:12:33,3,9996,0,9999
2024-04-01T17:28:49,3,9996,0,9999
2024-04-01T17:45:05,3,9996,0,9999
2024-04-01T18:01:09,3,9996,0,9999
2024-04-01T18:17:10,3,9996,0,9999
2024-04-01T18:33:24,3,9996,0,9999
2024-04-01T18:49:26,3,9996,0,9999
2024-04-01T19:05:41,3,9996,0,9999
2024-04-01T19:21:42,3,9996,0,9999
2024-04-01T19:37:55,3,9996,0,9999
2024-04-01T19:53:57,3,9996,0,9999
2024-04-01T20:09:59,3,9996,0,9999
2024-04-01T20:26:12,3,9996,0,9999
2024-04-01T20:42:14,3,9996,0,9999
2024-04-01T20:58:16,3,9996,0,9999
2024-04-01T21:14:29,3,9996,0,9999
2024-04-01T21:30:30,3,9996,0,9999
2024-04-01T21:46:33,3,9996,0,9999
2024-04-01T22:02:48,3,9996,0,9999
2024-04-01T22:18:50,3,9996,0,9999
2024-04-01T22:34:53,3,9996,0,9999
2024-04-01T22:51:07,3,9996,0,9999
2024-04-01T23:07:09,3,9996,0,9999
2024-04-01T23:23:23,3,9996,0,9999
2024-04-01T23:39:26,3,9996,0,9999
2024-04-01T23:55:30,3,9996,0,9999
2024-04-02T00:11:52,3,9996,0,9999
2024-04-02T00:28:04,3,9996,0,9999
2024-04-02T00:44:16,3,9996,0,9999
2024-04-02T01:00:23,3,9996,0,9999
2024-04-02T01:16:45,3,9996,0,9999
2024-04-02T01:32:51,3,9996,0,9999
2024-04-02T01:48:57,3,9996,0,9999
2024-04-02T02:05:02,3,9996,0,9999
2024-04-02T02:21:06,3,9996,0,9999
2024-04-02T02:37:10,3,9996,0,9999
2024-04-02T02:53:26,3,9996,0,9999
2024-04-02T03:09:29,3,9996,0,9999
2024-04-02T03:25:33,3,9996,0,9999
2024-04-02T03:41:37,3,9996,0,9999
2024-04-02T03:57:41,3,9996,0,9999
2024-04-02T04:13:42,3,9996,0,9999
2024-04-02T04:28:34,3,9996,0,9999
2024-04-02T04:46:10,3,9996,0,9999
2024-04-02T05:02:20,3,9996,0,9999
2024-04-02T05:18:26,3,9996,0,9999
2024-04-02T05:34:33,3,9996,0,9999
2024-04-02T05:50:39,3,9996,0,9999
2024-04-02T06:06:48,3,9996,0,9999
2024-04-02T06:23:03,3,9996,0,9999
2024-04-02T06:39:09,3,9996,0,9999
2024-04-02T06:55:51,3,9996,0,9999
2024-04-02T07:12:15,3,9996,0,9999
2024-04-02T07:28:19,3,9996,0,9999
2024-04-02T07:44:23,3,9996,0,9999
2024-04-02T08:00:28,3,9996,0,9999
2024-04-02T08:16:42,3,9996,0,9999
2024-04-02T08:32:45,3,9996,0,9999
2024-04-02T08:48:51,3,9996,0,9999
2024-04-02T09:05:03,3,9996,0,9999
2024-04-02T09:21:07,3,9996,0,9999
2024-04-02T09:37:15,3,9996,0,9999
2024-04-02T09:53:30,3,9996,0,9999
2024-04-02T10:09:47,3,9996,0,9999
2024-04-02T10:25:53,3,9996,0,9999
2024-04-02T10:42:11,3,9996,0,9999
2024-04-02T10:58:15,3,9996,0,9999
2024-04-02T11:14:37,3,9996,0,9999
2024-04-02T11:30:56,3,9996,0,9999
2024-04-02T11:47:03,3,9996,0,9999
2024-04-02T12:03:21,3,9996,0,9999
2024-04-02T12:19:37,3,9996,0,9999
2024-04-02T12:35:54,3,9996,0,9999
2024-04-02T12:51:59,3,9996,0,9999
2024-04-02T13:08:13,3,9996,0,9999
2024-04-02T13:24:28,3,9996,0,9999
2024-04-02T13:40:35,3,9996,0,9999
2024-04-02T13:56:52,3,9996,0,9999
2024-04-02T14:13:20,3,9996,0,9999
2024-04-02T14:29:26,3,9996,0,9999
2024-04-02T14:45:43,3,9996,0,9999
2024-04-02T15:01:59,3,9996,0,9999
2024-04-02T15:18:05,3,9996,0,9999
2024-04-02T15:34:22,3,9996,0,9999
2024-04-02T15:50:39,3,9996,0,9999
2024-04-02T16:06:45,3,9996,0,9999
2024-04-02T16:23:02,3,9996,0,9999
2024-04-02T16:39:08,3,9996,0,9999
2024-04-02T16:55:24,3,9996,0,9999
2024-04-02T17:11:29,3,9996,0,9999
2024-04-02T17:27:47,3,9996,0,9999
2024-04-02T17:43:51,3,9996,0,9999
2024-04-02T18:00:06,3,9996,0,9999
2024-04-02T18:16:10,3,9996,0,9999
2024-04-02T18:32:24,3,9996,0,9999
2024-04-02T18:48:27,3,9996,0,9999
2024-04-02T19:04:30,3,9996,0,9999
2024-04-02T19:20:45,3,9996,0,9999
2024-04-02T19:36:51,3,9996,0,9999
2024-04-02T19:52:54,3,9996,0,9999
2024-04-02T20:09:09,3,9996,0,9999
2024-04-02T20:25:13,3,9996,0,9999
2024-04-02T20:41:16,3,9996,0,9999
2024-04-02T20:57:19,3,9996,0,9999
2024-04-02T21:13:34,3,9996,0,9999
2024-04-02T21:29:37,3,9996,0,9999
2024-04-02T21:45:42,3,9996,0,9999
2024-04-02T22:01:56,3,9996,0,9999
2024-04-02T22:17:58,3,9996,0,9999
2024-04-02T22:34:01,3,9996,0,9999
2024-04-02T22:50:04,3,9996,0,9999
2024-04-02T23:06:18,3,9996,0,9999
2024-04-02T23:22:21,3,9996,0,9999
2024-04-02T23:38:25,3,9996,0,9999
2024-04-02T23:54:39,3,9996,0,9999
2024-04-03T00:10:43,3,9996,0,9999
2024-04-03T00:26:53,3,9996,0,9999
2024-04-03T00:43:01,3,9996,0,9999
2024-04-03T00:59:08,3,9996,0,9999
2024-04-03T01:15:26,3,9996,0,9999
2024-04-03T01:31:35,3,9996,0,9999
2024-04-03T01:47:42,3,9996,0,9999
2024-04-03T02:03:49,3,9996,0,9999
2024-04-03T02:19:55,3,9996,0,9999
2024-04-03T02:36:01,3,9996,0,9999
2024-04-03T02:52:06,3,9996,0,9999
2024-04-03T03:08:11,3,9996,0,9999
2024-04-03T03:24:20,3,9996,0,9999
2024-04-03T03:40:37,3,9996,0,9999
2024-04-03T03:56:43,3,9996,0,9999
2024-04-03T04:12:49,3,9996,0,9999
2024-04-03T04:36:04,3,9996,0,9999
2024-04-03T04:52:35,3,9996,0,9999
2024-04-03T05:08:44,3,9996,0,9999
2024-04-03T05:24:51,3,9996,0,9999
2024-04-03T05:40:57,3,9996,0,9999
2024-04-03T05:58:51,3,9996,0,9999
2024-04-03T06:14:59,3,9996,0,9999
2024-04-03T06:31:04,3,9996,0,9999
2024-04-03T06:47:08,3,9996,0,9999
2024-04-03T07:03:15,3,9996,0,9999
2024-04-03T07:19:31,3,9996,0,9999
2024-04-03T07:35:33,3,9996,0,9999
2024-04-03T07:51:34,3,9996,0,9999
2024-04-03T08:07:38,3,9996,0,9999
2024-04-03T08:23:40,3,9996,0,9999
2024-04-03T08:39:46,3,9996,0,9999
2024-04-03T08:56:14,3,9996,0,9999
2024-04-03T09:12:18,3,9996,0,9999
2024-04-03T09:28:24,3,9996,0,9999
2024-04-03T09:44:49,3,9996,0,9999
2024-04-03T10:01:13,3,9996,0,9999
2024-04-03T10:29:22,3,9996,0,9999
2024-04-03T10:45:38,3,9996,0,9999
2024-04-03T11:01:47,3,9996,0,9999
2024-04-03T11:18:05,3,9996,0,9999
2024-04-03T11:34:13,3,9996,0,9999
2024-04-03T11:50:31,3,9996,0,9999
2024-04-03T12:06:39,3,9996,0,9999
2024-04-03T12:22:57,3,9996,0,9999
2024-04-03T12:39:06,3,9996,0,9999
2024-04-03T12:55:23,3,9996,0,9999
2024-04-03T13:11:29,3,9996,0,9999
2024-04-03T13:27:49,3,9996,0,9999
2024-04-03T13:43:56,3,9996,0,9999
2024-04-03T14:00:12,3,9996,0,9999
2024-04-03T14:16:19,3,9996,0,9999
2024-04-03T14:32:40,3,9996,0,9999
2024-04-03T14:48:46,3,9996,0,9999
2024-04-03T15:04:52,3,9996,0,9999
2024-04-03T15:21:09,3,9996,0,9999
2024-04-03T15:37:15,3,9996,0,9999
2024-04-03T15:53:32,3,9996,0,9999
2024-04-03T16:09:38,3,9996,0,9999
2024-04-03T16:25:53,3,9996,0,9999
2024-04-03T16:41:57,3,9996,0,9999
2024-04-03T16:58:01,3,9996,0,9999
2024-04-03T17:14:17,3,9996,0,9999
2024-04-03T17:30:22,3,9996,0,9999
2024-04-03T17:46:37,3,9996,0,9999
2024-04-03T18:02:40,3,9996,0,9999
2024-04-03T18:18:43,3,9996,0,9999
2024-04-03T18:34:58,3,9996,0,9999
2024-04-03T18:51:01,3,9996,0,9999
2024-04-03T19:07:04,3,9996,0,9999
2024-04-03T19:23:07,3,9996,0,9999
2024-04-03T19:39:22,3,9996,0,9999
2024-04-03T19:55:24,3,9996,0,9999
2024-04-03T20:11:26,3,9996,0,9999
2024-04-03T20:27:30,3,9996,0,9999
2024-04-03T20:43:43,3,9996,0,9999
2024-04-03T20:59:46,3,9996,0,9999
2024-04-03T21:15:50,3,9996,0,9999
2024-04-03T21:31:53,3,9996,0,9999
2024-04-03T21:48:09,3,9996,0,9999
2024-04-03T22:04:11,3,9996,0,9999
2024-04-03T22:20:14,3,9996,0,9999
2024-04-03T22:36:20,3,9996,0,9999
2024-04-03T22:52:34,3,9996,0,9999
2024-04-03T23:08:39,3,9996,0,9999
2024-04-03T23:24:44,3,9996,0,9999
2024-04-03T23:40:50,3,9996,0,9999
2024-04-03T23:57:05,3,9996,0,9999
2024-04-04T00:13:11,3,9996,0,9999
2024-04-04T00:29:21,3,9996,0,9999
2024-04-04T00:45:29,3,9996,0,9999
2024-04-04T01:01:36,3,9996,0,9999
2024-04-04T01:17:41,3,9996,0,9999
2024-04-04T01:33:59,3,9996,0,9999
2024-04-04T01:50:05,3,9996,0,9999
2024-04-04T02:06:12,3,9996,0,9999
2024-04-04T02:22:20,3,9996,0,9999
2024-04-04T02:38:23,3,9996,0,9999
2024-04-04T02:54:26,3,9996,0,9999
2024-04-04T03:10:31,3,9996,0,9999
2024-04-04T03:26:40,3,9996,0,9999
2024-04-04T03:42:47,3,9996,0,9999
2024-04-04T03:58:54,3,9996,0,9999
2024-04-04T04:22:28,3,9996,0,9999
2024-04-04T04:38:59,3,9996,0,9999
2024-04-04T04:55:15,3,9996,0,9999
2024-04-04T05:11:23,3,9996,0,9999
2024-04-04T05:27:31,3,9996,0,9999
2024-04-04T05:43:37,3,9996,0,9999
2024-04-04T05:59:42,3,9996,0,9999
2024-04-04T06:15:49,3,9996,0,9999
2024-04-04T06:31:53,3,9996,0,9999
2024-04-04T06:47:57,3,9996,0,9999
2024-04-04T07:04:05,3,9996,0,9999
2024-04-04T07:20:13,3,9996,0,9999
2024-04-04T07:36:28,3,9996,0,9999
2024-04-04T07:52:35,3,9996,0,9999
2024-04-04T08:08:41,3,9996,0,9999
2024-04-04T08:24:49,3,9996,0,9999
2024-04-04T08:41:03,3,9996,0,9999
2024-04-04T08:57:10,3,9996,0,9999
2024-04-04T09:13:30,3,9996,0,9999
2024-04-04T09:29:37,3,9996,0,9999
2024-04-04T09:45:44,3,9996,0,9999
2024-04-04T10:02:00,3,9996,0,9999
2024-04-04T10:18:05,3,9996,0,9999
2024-04-04T10:34:10,3,9996,0,9999
2024-04-04T10:50:25,3,9996,0,9999
2024-04-04T11:06:29,3,9996,0,9999
2024-04-04T11:22:33,3,9996,0,9999
2024-04-04T11:38:49,3,9996,0,9999
2024-04-04T11:54:53,3,9996,0,9999
2024-04-04T12:11:08,3,9996,0,9999
2024-04-04T12:27:13,3,9996,0,9999
2024-04-04T12:43:18,3,9996,0,9999
2024-04-04T12:59:33,3,9996,0,9999
2024-04-04T13:15:37,3,9996,0,9999
2024-04-04T13:31:44,3,9996,0,9999
2024-04-04T13:47:58,3,9996,0,9999
2024-04-04T14:04:02,3,9996,0,9999
2024-04-04T14:20:20,3,9996,0,9999
2024-04-04T14:36:25,3,9996,0,9999
2024-04-04T14:52:40,3,9996,0,9999
2024-04-04T15:08:43,3,9996,0,9999
2024-04-04T15:24:50,3,9996,0,9999
2024-04-04T15:41:06,3,9996,0,9999
2024-04-04T15:57:10,3,9996,0,9999
2024-04-04T16:13:15,3,9996,0,9999
2024-04-04T16:29:30,3,9996,0,9999
2024-04-04T16:45:34,3,9996,0,9999
2024-04-04T17:01:49,3,9996,0,9999
2024-04-04T17:17:55,3,9996,0,9999
2024-04-04T17:33:59,3,9996,0,9999
2024-04-04T17:50:13,3,9996,0,9999
2024-04-04T18:06:16,3,9996,0,9999
2024-04-04T18:22:19,3,9996,0,9999
2024-04-04T18:38:24,3,9996,0,9999
2024-04-04T18:54:38,3,9996,0,9999
2024-04-04T19:10:40,3,9996,0,9999
2024-04-04T19:26:44,3,9996,0,9999
2024-04-04T19:42:48,3,9996,0,9999
2024-04-04T19:59:02,3,9996,0,9999
2024-04-04T20:15:06,3,9996,0,9999
2024-04-04T20:31:09,3,9996,0,9999
2024-04-04T20:47:13,3,9996,0,9999
2024-04-04T21:03:27,3,9996,0,9999
2024-04-04T21:19:32,3,9996,0,9999
2024-04-04T21:35:36,3,9996,0,9999
2024-04-04T21:51:40,3,9996,0,9999
2024-04-04T22:07:44,3,9996,0,9999
2024-04-04T22:23:59,3,9996,0,9999
2024-04-04T22:40:04,3,9996,0,9999
2024-04-04T22:56:09,3,9996,0,9999
2024-04-04T23:12:14,3,9996,0,9999
2024-04-04T23:28:19,3,9996,0,9999
2024-04-04T23:44:35,3,9996,0,9999
2024-04-05T00:00:39,3,9996,0,9999
2024-04-05T00:16:47,3,9996,0,9999
2024-04-05T00:32:56,3,9996,0,9999
2024-04-05T00:49:04,3,9996,0,9999
2024-04-05T01:05:11,3,9996,0,9999
2024-04-05T01:21:20,3,9996,0,9999
2024-04-05T01:37:40,3,9996,0,9999
2024-04-05T01:53:49,3,9996,0,9999
2024-04-05T02:09:56,3,9996,0,9999
2024-04-05T02:26:03,3,9996,0,9999
2024-04-05T02:42:11,3,9996,0,9999
2024-04-05T02:58:16,3,9996,0,9999
2024-04-05T03:14:23,3,9996,0,9999
2024-04-05T03:30:37,3,9996,0,9999
2024-04-05T03:46:51,3,9996,0,9999
2024-04-05T04:03:02,3,9996,0,9999
2024-04-05T04:29:58,3,9996,0,9999
2024-04-05T04:46:34,3,9996,0,9999
2024-04-05T05:02:43,3,9996,0,9999
2024-04-05T05:18:54,3,9996,0,9999
2024-04-05T05:35:04,3,9996,0,9999
2024-04-05T05:51:11,3,9996,0,9999
2024-04-05T06:07:20,3,9996,0,9999
2024-04-05T06:23:27,3,9996,0,9999
2024-04-05T06:39:36,3,9996,0,9999
2024-04-05T06:55:41,3,9996,0,9999
2024-04-05T07:11:52,3,9996,0,9999
2024-04-05T07:27:58,3,9996,0,9999
2024-04-05T07:44:14,3,9996,0,9999
2024-04-05T08:00:19,3,9996,0,9999
2024-04-05T08:16:25,3,9996,0,9999
2024-04-05T08:32:32,3,9996,0,9999
2024-04-05T08:48:36,3,9996,0,9999
2024-04-05T09:04:40,3,9996,0,9999
2024-04-05T09:20:44,3,9996,0,9999
2024-04-05T09:37:00,3,9996,0,9999
2024-04-05T09:53:03,3,9996,0,9999
2024-04-05T10:09:07,3,9996,0,9999
2024-04-05T10:25:13,3,9996,0,9999
2024-04-05T10:41:29,3,9996,0,9999
2024-04-05T10:57:32,3,9996,0,9999
2024-04-05T11:13:36,3,9996,0,9999
2024-04-05T11:29:42,3,9996,0,9999
2024-04-05T11:45:57,3,9996,0,9999
2024-04-05T12:02:03,3,9996,0,9999
2024-04-05T12:18:23,3,9996,0,9999
2024-04-05T12:34:28,3,9996,0,9999
2024-04-05T12:50:31,3,9996,0,9999
2024-04-05T13:06:34,3,9996,0,9999
2024-04-05T13:22:47,3,9996,0,9999
2024-04-05T13:38:52,3,9996,0,9999
2024-04-05T13:54:55,3,9996,0,9999
2024-04-05T14:11:00,3,9996,0,9999
2024-04-05T14:27:18,3,9996,0,9999
2024-04-05T14:43:22,3,9996,0,9999
2024-04-05T14:59:26,3,9996,0,9999
2024-04-05T15:15:41,3,9996,0,9999
2024-04-05T15:31:47,3,9996,0,9999
2024-04-05T15:47:51,3,9996,0,9999
2024-04-05T16:03:54,3,9996,0,9999
2024-04-05T16:20:09,3,9996,0,9999
2024-04-05T16:36:13,3,9996,0,9999
2024-04-05T16:52:16,3,9996,0,9999
2024-04-05T17:08:20,3,9996,0,9999
2024-04-05T17:24:25,3,9996,0,9999
2024-04-05T17:40:40,3,9996,0,9999
2024-04-05T17:56:43,3,9996,0,9999
2024-04-05T18:12:46,3,9996,0,9999
2024-04-05T18:28:50,3,9996,0,9999
2024-04-05T18:44:54,3,9996,0,9999
2024-04-05T19:01:08,3,9996,0,9999
2024-04-05T19:17:11,3,9996,0,9999
2024-04-05T19:33:15,3,9996,0,9999
2024-04-05T19:49:19,3,9996,0,9999
2024-04-05T20:05:25,3,9996,0,9999
2024-04-05T20:21:33,3,9996,0,9999
2024-04-05T20:37:49,3,9996,0,9999
2024-04-05T20:53:53,3,9996,0,9999
2024-04-05T21:09:58,3,9996,0,9999
2024-04-05T21:26:02,3,9996,0,9999
2024-04-05T21:42:09,3,9996,0,9999
2024-04-05T21:58:14,3,9996,0,9999
2024-04-05T22:14:20,3,9996,0,9999
2024-04-05T22:30:34,3,9996,0,9999
2024-04-05T22:46:38,3,9996,0,9999
2024-04-05T23:02:41,3,9996,0,9999
2024-04-05T23:18:46,3,9996,0,9999
2024-04-05T23:34:51,3,9996,0,9999
2024-04-05T23:50:56,3,9996,0,9999
2024-04-06T00:07:01,3,9996,0,9999
2024-04-06T00:23:12,3,9996,0,9999
2024-04-06T00:39:24,3,9996,0,9999
2024-04-06T00:55:42,3,9996,0,9999
2024-04-06T01:11:49,3,9996,0,9999
2024-04-06T01:27:57,3,9996,0,9999
2024-04-06T01:44:04,3,9996,0,9999
2024-04-06T02:00:12,3,9996,0,9999
2024-04-06T02:16:18,3,9996,0,9999
2024-04-06T02:32:25,3,9996,0,9999
2024-04-06T02:48:31,3,9996,0,9999
2024-04-06T03:04:35,3,9996,0,9999
2024-04-06T03:20:41,3,9996,0,9999
2024-04-06T03:36:48,3,9996,0,9999
2024-04-06T03:52:54,3,9996,0,9999
2024-04-06T04:09:12,3,9996,0,9999
2024-04-06T04:24:28,3,9996,0,9999
2024-04-06T04:40:38,3,9996,0,9999
2024-04-06T04:58:26,3,9996,0,9999
2024-04-06T05:15:54,3,9996,0,9999
2024-04-06T05:32:02,3,9996,0,9999
2024-04-06T05:48:11,3,9996,0,9999
2024-04-06T06:04:19,3,9996,0,9999
2024-04-06T06:20:26,3,9996,0,9999
2024-04-06T06:36:33,3,9996,0,9999
2024-04-06T06:52:46,3,9996,0,9999
2024-04-06T07:08:53,3,9996,0,9999
2024-04-06T07:25:02,3,9996,0,9999
2024-04-06T07:41:10,3,9996,0,9999
2024-04-06T07:57:16,3,9996,0,9999
2024-04-06T08:13:22,3,9996,0,9999
2024-04-06T08:29:30,3,9996,0,9999
2024-04-06T08:45:37,3,9996,0,9999
2024-04-06T09:01:44,3,9996,0,9999
2024-04-06T09:18:01,3,9996,0,9999
2024-04-06T09:34:09,3,9996,0,9999
2024-04-06T09:50:15,3,9996,0,9999
2024-04-06T10:06:22,3,9996,0,9999
2024-04-06T10:22:28,3,9996,0,9999
2024-04-06T10:38:36,3,9996,0,9999
2024-04-06T10:54:41,3,9996,0,9999
2024-04-06T11:10:46,3,9996,0,9999
2024-04-06T11:27:02,3,9996,0,9999
2024-04-06T11:43:07,3,9996,0,9999
2024-04-06T11:59:12,3,9996,0,9999
2024-04-06T12:15:18,3,9996,0,9999
2024-04-06T12:31:24,3,9996,0,9999
2024-04-06T12:47:29,3,9996,0,9999
2024-04-06T13:03:43,3,9996,0,9999
2024-04-06T13:19:46,3,9996,0,9999
2024-04-06T13:35:50,3,9996,0,9999
2024-04-06T13:51:54,3,9996,0,9999
2024-04-06T14:07:57,3,9996,0,9999
2024-04-06T14:24:01,3,9996,0,9999
2024-04-06T14:40:05,3,9996,0,9999
2024-04-06T14:56:10,3,9996,0,9999
2024-04-06T15:12:22,3,9996,0,9999
2024-04-06T15:28:26,3,9996,0,9999
2024-04-06T15:44:29,3,9996,0,9999
2024-04-06T16:00:32,3,9996,0,9999
2024-04-06T16:16:36,3,9996,0,9999
2024-04-06T16:32:40,3,9996,0,9999
2024-04-06T16:48:43,3,9996,0,9999
2024-04-06T17:04:56,3,9996,0,9999
2024-04-06T17:21:01,3,9996,0,9999
2024-04-06T17:37:04,3,9996,0,9999
2024-04-06T17:53:07,3,9996,0,9999
2024-04-06T18:09:10,3,9996,0,9999
2024-04-06T18:25:15,3,9996,0,9999
2024-04-06T18:41:18,3,9996,0,9999
2024-04-06T18:57:21,3,9996,0,9999
2024-04-06T19:13:36,3,9996,0,9999
2024-04-06T19:29:40,3,9996,0,9999
2024-04-06T19:45:43,3,9996,0,9999
2024-04-06T20:01:46,3,9996,0,9999
2024-04-06T20:17:50,3,9996,0,9999
2024-04-06T20:33:53,3,9996,0,9999
2024-04-06T20:49:57,3,9996,0,9999
2024-04-06T21:06:12,3,9996,0,9999
2024-04-06T21:22:15,3,9996,0,9999
2024-04-06T21:38:20,3,9996,0,9999
2024-04-06T21:54:23,3,9996,0,9999
2024-04-06T22:10:28,3,9996,0,9999
2024-04-06T22:26:31,3,9996,0,9999
2024-04-06T22:42:35,3,9996,0,9999
2024-04-06T22:58:48,3,9996,0,9999
2024-04-06T23:14:53,3,9996,0,9999
2024-04-06T23:30:57,3,9996,0,9999
2024-04-06T23:47:01,3,9996,0,9999
2024-04-07T00:03:05,3,9996,0,9999
2024-04-07T00:19:10,3,9996,0,9999
2024-04-07T00:35:16,3,9996,0,9999
2024-04-07T00:51:21,3,9996,0,9999
2024-04-07T01:07:54,3,9996,0,9999
2024-04-07T01:24:07,3,9996,0,9999
2024-04-07T01:40:14,3,9996,0,9999
2024-04-07T01:56:20,3,9996,0,9999
2024-04-07T02:12:26,3,9996,0,9999
2024-04-07T02:28:32,3,9996,0,9999
2024-04-07T02:44:37,3,9996,0,9999
2024-04-07T03:00:41,3,9996,0,9999
2024-04-07T03:16:47,3,9996,0,9999
2024-04-07T03:32:52,3,9996,0,9999
2024-04-07T03:48:57,3,9996,0,9999
2024-04-07T04:05:03,3,9996,0,9999
2024-04-07T04:27:53,3,9996,0,9999
2024-04-07T04:45:29,3,9996,0,9999
2024-04-07T05:01:38,3,9996,0,9999
2024-04-07T05:17:46,3,9996,0,9999
2024-04-07T05:33:52,3,9996,0,9999
2024-04-07T05:49:59,3,9996,0,9999
2024-04-07T06:06:07,3,9996,0,9999
2024-04-07T06:22:13,3,9996,0,9999
2024-04-07T06:38:19,3,9996,0,9999
2024-04-07T06:54:27,3,9996,0,9999
2024-04-07T07:10:33,3,9996,0,9999
2024-04-07T07:26:40,3,9996,0,9999
2024-04-07T07:42:53,3,9996,0,9999
2024-04-07T07:58:56,3,9996,0,9999
2024-04-07T08:14:59,3,9996,0,9999
2024-04-07T08:31:03,3,9996,0,9999
2024-04-07T08:47:06,3,9996,0,9999
2024-04-07T09:03:10,3,9996,0,9999
2024-04-07T09:19:14,3,9996,0,9999
2024-04-07T09:35:17,3,9996,0,9999
2024-04-07T09:51:20,3,9996,0,9999
2024-04-07T10:07:25,3,9996,0,9999
2024-04-07T10:23:31,3,9996,0,9999
2024-04-07T10:39:44,3,9996,0,9999
2024-04-07T10:55:48,3,9996,0,9999
2024-04-07T11:11:51,3,9996,0,9999
2024-04-07T11:27:55,3,9996,0,9999
2024-04-07T11:43:57,3,9996,0,9999
2024-04-07T12:00:01,3,9996,0,9999
2024-04-07T12:16:06,3,9996,0,9999
2024-04-07T12:32:11,3,9996,0,9999
2024-04-07T12:48:26,3,9996,0,9999
2024-04-07T13:04:29,3,9996,0,9999
2024-04-07T13:20:32,3,9996,0,9999
2024-04-07T13:36:37,3,9996,0,9999
2024-04-07T13:52:40,3,9996,0,9999
2024-04-07T14:08:43,3,9996,0,9999
2024-04-07T14:24:47,3,9996,0,9999
2024-04-07T14:41:00,3,9996,0,9999
2024-04-07T14:57:02,3,9996,0,9999
2024-04-07T15:13:05,3,9996,0,9999
2024-04-07T15:29:08,3,9996,0,9999
2024-04-07T15:45:10,3,9996,0,9999
2024-04-07T16:01:23,3,9996,0,9999
2024-04-07T16:17:27,3,9996,0,9999
2024-04-07T16:33:31,3,9996,0,9999
2024-04-07T16:49:34,3,9996,0,9999
2024-04-07T17:05:36,3,9996,0,9999
2024-04-07T17:21:41,3,9996,0,9999
2024-04-07T17:37:43,3,9996,0,9999
2024-04-07T17:53:57,3,9996,0,9999
2024-04-07T18:10:00,3,9996,0,9999
2024-04-07T18:26:04,3,9996,0,9999
2024-04-07T18:42:09,3,9996,0,9999
2024-04-07T18:58:13,3,9996,0,9999
2024-04-07T19:14:18,3,9996,0,9999
2024-04-07T19:30:20,3,9996,0,9999
2024-04-07T19:46:33,3,9996,0,9999
2024-04-07T20:02:36,3,9996,0,9999
2024-04-07T20:18:40,3,9996,0,9999
2024-04-07T20:34:42,3,9996,0,9999
2024-04-07T20:50:46,3,9996,0,9999
2024-04-07T21:07:00,3,9996,0,9999
2024-04-07T21:23:04,3,9996,0,9999
2024-04-07T21:39:08,3,9996,0,9999
2024-04-07T21:55:11,3,9996,0,9999
2024-04-07T22:11:15,3,9996,0,9999
2024-04-07T22:27:18,3,9996,0,9999
2024-04-07T22:43:30,3,9996,0,9999
2024-04-07T22:59:34,3,9996,0,9999
2024-04-07T23:15:38,3,9996,0,9999
2024-04-07T23:31:42,3,9996,0,9999
2024-04-07T23:47:46,3,9996,0,9999
2024-04-08T00:03:51,3,9996,0,9999
2024-04-08T00:20:10,3,9996,0,9999
2024-04-08T00:36:19,3,9996,0,9999
2024-04-08T00:52:25,3,9996,0,9999
2024-04-08T01:08:42,3,9996,0,9999
2024-04-08T01:24:54,3,9996,0,9999
2024-04-08T01:41:01,3,9996,0,9999
2024-04-08T01:57:09,3,9996,0,9999
2024-04-08T02:13:27,3,9996,0,9999
2024-04-08T02:29:44,3,9996,0,9999
2024-04-08T02:45:50,3,9996,0,9999
2024-04-08T03:01:54,3,9996,0,9999
2024-04-08T03:18:02,3,9996,0,9999
2024-04-08T03:34:07,3,9996,0,9999
2024-04-08T03:50:12,3,9996,0,9999
2024-04-08T04:06:21,3,9996,0,9999
2024-04-08T04:26:52,3,9996,0,9999
2024-04-08T04:43:02,3,9996,0,9999
2024-04-08T05:00:41,3,9996,0,9999
2024-04-08T05:16:54,3,9996,0,9999
2024-04-08T05:33:03,3,9996,0,9999
2024-04-08T05:49:14,3,9996,0,9999
2024-04-08T06:05:23,3,9996,0,9999
2024-04-08T06:21:29,3,9996,0,9999
2024-04-08T06:37:36,3,9996,0,9999
2024-04-08T06:53:41,3,9996,0,9999
2024-04-08T07:09:47,3,9996,0,9999
2024-04-08T07:25:53,3,9996,0,9999
2024-04-08T07:42:04,3,9996,0,9999
2024-04-08T07:58:07,3,9996,0,9999
2024-04-08T08:14:11,3,9996,0,9999
2024-04-08T08:30:15,3,9996,0,9999
2024-04-08T08:46:19,3,9996,0,9999
2024-04-08T09:02:23,3,9996,0,9999
2024-04-08T09:18:26,3,9996,0,9999
2024-04-08T09:34:40,3,9996,0,9999
2024-04-08T09:50:43,3,9996,0,9999
2024-04-08T10:06:47,3,9996,0,9999
2024-04-08T10:22:51,3,9996,0,9999
2024-04-08T10:39:04,3,9996,0,9999
2024-04-08T10:55:07,3,9996,0,9999
2024-04-08T11:11:10,3,9996,0,9999
2024-04-08T11:27:23,3,9996,0,9999
2024-04-08T11:43:26,3,9996,0,9999
2024-04-08T11:59:29,3,9996,0,9999
2024-04-08T12:15:43,3,9996,0,9999
2024-04-08T12:31:49,3,9996,0,9999
2024-04-08T12:47:56,3,9996,0,9999
2024-04-08T13:04:10,3,9996,0,9999
2024-04-08T13:20:14,3,9996,0,9999
2024-04-08T13:36:18,3,9996,0,9999
2024-04-08T13:52:24,3,9996,0,9999
2024-04-08T14:08:41,3,9996,0,9999
2024-04-08T14:24:48,3,9996,0,9999
2024-04-08T14:40:53,3,9996,0,9999
2024-04-08T14:57:11,3,9996,0,9999
2024-04-08T15:13:16,3,9996,0,9999
2024-04-08T15:29:20,3,9996,0,9999
2024-04-08T15:45:36,3,9996,0,9999
2024-04-08T16:01:39,3,9996,0,9999
2024-04-08T16:17:44,3,9996,0,9999
2024-04-08T16:34:01,3,9996,0,9999
2024-04-08T16:50:06,3,9996,0,9999
2024-04-08T17:06:11,3,9996,0,9999
2024-04-08T17:22:29,3,9996,0,9999
2024-04-08T17:38:33,3,9996,0,9999
2024-04-08T17:54:37,3,9996,0,9999
2024-04-08T18:10:40,3,9996,0,9999
2024-04-08T18:26:56,3,9996,0,9999
2024-04-08T18:43:00,3,9996,0,9999
2024-04-08T18:59:04,3,9996,0,9999
2024-04-08T19:15:10,3,9996,0,9999
2024-04-08T19:31:13,3,9996,0,9999
2024-04-08T19:47:28,3,9996,0,9999
2024-04-08T20:03:35,3,9996,0,9999
2024-04-08T20:19:39,3,9996,0,9999
2024-04-08T20:35:43,3,9996,0,9999
2024-04-08T20:51:47,3,9996,0,9999
2024-04-08T21:08:01,3,9996,0,9999
2024-04-08T21:24:05,3,9996,0,9999
2024-04-08T21:40:11,3,9996,0,9999
2024-04-08T21:56:16,3,9996,0,9999
2024-04-08T22:12:20,3,9996,0,9999
2024-04-08T22:28:24,3,9996,0,9999
2024-04-08T22:44:39,3,9996,0,9999
2024-04-08T23:00:43,3,9996,0,9999
2024-04-08T23:16:48,3,9996,0,9999
2024-04-08T23:32:53,3,9996,0,9999
2024-04-08T23:49:08,3,9996,0,9999
2024-04-09T00:05:13,3,9996,0,9999
2024-04-09T00:21:23,3,9996,0,9999
2024-04-09T00:37:34,3,9996,0,9999
2024-04-09T00:53:45,3,9996,0,9999
2024-04-09T01:09:53,3,9996,0,9999
2024-04-09T01:26:01,3,9996,0,9999
2024-04-09T01:42:21,3,9996,0,9999
2024-04-09T01:58:28,3,9996,0,9999
2024-04-09T02:14:36,3,9996,0,9999
2024-04-09T02:30:42,3,9996,0,9999
2024-04-09T02:46:47,3,9996,0,9999
2024-04-09T03:02:53,3,9996,0,9999
2024-04-09T03:19:13,3,9996,0,9999
2024-04-09T03:35:22,3,9996,0,9999
2024-04-09T03:51:29,3,9996,0,9999
2024-04-09T04:07:37,3,9996,0,9999
2024-04-09T04:25:36,3,9996,0,9999
2024-04-09T04:43:08,3,9996,0,9999
2024-04-09T04:59:58,3,9996,0,9999
2024-04-09T05:16:16,3,9996,0,9999
2024-04-09T05:32:24,3,9996,0,9999
2024-04-09T05:48:30,3,9996,0,9999
2024-04-09T06:05:14,3,9996,0,9999
2024-04-09T06:21:19,3,9996,0,9999
2024-04-09T06:37:25,3,9996,0,9999
2024-04-09T06:53:30,3,9996,0,9999
2024-04-09T07:09:36,3,9996,0,9999
2024-04-09T07:25:47,3,9996,0,9999
2024-04-09T07:42:02,3,9996,0,9999
2024-04-09T07:58:07,3,9996,0,9999
2024-04-09T08:14:12,3,9996,0,9999
2024-04-09T08:30:18,3,9996,0,9999
2024-04-09T08:46:23,3,9996,0,9999
2024-04-09T09:02:29,3,9996,0,9999
2024-04-09T09:18:35,3,9996,0,9999
2024-04-09T09:34:51,3,9996,0,9999
2024-04-09T09:50:57,3,9996,0,9999
2024-04-09T10:07:01,3,9996,0,9999
2024-04-09T10:23:06,3,9996,0,9999
2024-04-09T10:39:22,3,9996,0,9999
2024-04-09T10:55:26,3,9996,0,9999
2024-04-09T11:11:31,3,9996,0,9999
2024-04-09T11:27:36,3,9996,0,9999
2024-04-09T11:43:51,3,9996,0,9999
2024-04-09T11:59:55,3,9996,0,9999
2024-04-09T12:16:09,3,9996,0,9999
2024-04-09T12:32:14,3,9996,0,9999
2024-04-09T12:48:18,3,9996,0,9999
2024-04-09T13:04:22,3,9996,0,9999
2024-04-09T13:20:37,3,9996,0,9999
2024-04-09T13:36:41,3,9996,0,9999
2024-04-09T13:52:45,3,9996,0,9999
2024-04-09T14:08:58,3,9996,0,9999
2024-04-09T14:25:03,3,9996,0,9999
2024-04-09T14:41:08,3,9996,0,9999
2024-04-09T14:57:26,3,9996,0,9999
2024-04-09T15:13:31,3,9996,0,9999
2024-04-09T15:29:38,3,9996,0,9999
2024-04-09T15:45:56,3,9996,0,9999
2024-04-09T16:02:00,3,9996,0,9999
2024-04-09T16:18:06,3,9996,0,9999
2024-04-09T16:34:21,3,9996,0,9999
2024-04-09T16:50:26,3,9996,0,9999
2024-04-09T17:06:31,3,9996,0,9999
2024-04-09T17:22:38,3,9996,0,9999
2024-04-09T17:38:54,3,9996,0,9999
2024-04-09T17:55:00,3,9996,0,9999
2024-04-09T18:11:06,3,9996,0,9999
2024-04-09T18:27:11,3,9996,0,9999
2024-04-09T18:43:16,3,9996,0,9999
2024-04-09T18:59:32,3,9996,0,9999
2024-04-09T19:15:38,3,9996,0,9999
2024-04-09T19:31:43,3,9996,0,9999
2024-04-09T19:47:50,3,9996,0,9999
2024-04-09T20:03:58,3,9996,0,9999
2024-04-09T20:20:16,3,9996,0,9999
2024-04-09T20:36:23,3,9996,0,9999
2024-04-09T20:52:32,3,9996,0,9999
2024-04-09T21:08:39,3,9996,0,9999
2024-04-09T21:24:48,3,9996,0,9999
2024-04-09T21:40:56,3,9996,0,9999
2024-04-09T21:57:03,3,9996,0,9999
2024-04-09T22:13:22,3,9996,0,9999
2024-04-09T22:29:30,3,9996,0,9999
2024-04-09T22:45:37,3,9996,0,9999
2024-04-09T23:01:44,3,9996,0,9999
2024-04-09T23:17:51,3,9996,0,9999
2024-04-09T23:34:02,3,9996,0,9999
2024-04-09T23:50:22,3,9996,0,9999
2024-04-10T00:06:33,3,9996,0,9999
2024-04-10T00:22:47,3,9996,0,9999
2024-04-10T00:38:59,3,9996,0,9999
2024-04-10T00:55:11,3,9996,0,9999
2024-04-10T01:11:21,3,9996,0,9999
2024-04-10T01:27:30,3,9996,0,9999
2024-04-10T01:43:52,3,9996,0,9999
2024-04-10T02:00:01,3,9996,0,9999
2024-04-10T02:16:11,3,9996,0,9999
2024-04-10T02:32:22,3,9996,0,9999
2024-04-10T02:48:32,3,9996,0,9999
2024-04-10T03:04:43,3,9996,0,9999
2024-04-10T03:20:54,3,9996,0,9999
2024-04-10T03:37:04,3,9996,0,9999
2024-04-10T03:53:14,3,9996,0,9999
2024-04-10T04:09:24,3,9996,0,9999
2024-04-10T04:25:16,3,9996,0,9999
2024-04-10T04:42:58,3,9996,0,9999
2024-04-10T04:59:09,3,9996,0,9999
2024-04-10T05:15:29,3,9996,0,9999
2024-04-10T05:32:09,3,9996,0,9999
2024-04-10T05:48:21,3,9996,0,9999
2024-04-10T06:04:36,3,9996,0,9999
2024-04-10T06:20:46,3,9996,0,9999
2024-04-10T06:36:57,3,9996,0,9999
2024-04-10T06:53:07,3,9996,0,9999
2024-04-10T07:09:22,3,9996,0,9999
2024-04-10T07:25:32,3,9996,0,9999
2024-04-10T07:41:41,3,9996,0,9999
2024-04-10T07:57:51,3,9996,0,9999
2024-04-10T08:14:03,3,9996,0,9999
2024-04-10T08:30:12,3,9996,0,9999
2024-04-10T08:46:39,3,9996,0,9999
2024-04-10T09:02:51,3,9996,0,9999
2024-04-10T09:19:03,3,9996,0,9999
2024-04-10T09:35:13,3,9996,0,9999
2024-04-10T09:51:24,3,9996,0,9999
2024-04-10T10:07:33,3,9996,0,9999
2024-04-10T10:23:54,3,9996,0,9999
2024-04-10T10:40:02,3,9996,0,9999
2024-04-10T10:56:16,3,9996,0,9999
2024-04-10T11:12:25,3,9996,0,9999
2024-04-10T11:28:49,3,9996,0,9999
2024-04-10T11:44:57,3,9996,0,9999
2024-04-10T12:01:05,3,9996,0,9999
2024-04-10T12:17:39,3,9996,0,9999
2024-04-10T12:33:48,3,9996,0,9999
2024-04-10T12:49:56,3,9996,0,9999
2024-04-10T13:06:04,3,9996,0,9999
2024-04-10T13:22:24,3,9996,0,9999
2024-04-10T13:38:31,3,9996,0,9999
2024-04-10T13:54:39,3,9996,0,9999
2024-04-10T14:10:47,3,9996,0,9999
2024-04-10T14:27:06,3,9996,0,9999
2024-04-10T14:43:13,3,9996,0,9999
2024-04-10T14:59:21,3,9996,0,9999
2024-04-10T15:15:55,3,9996,0,9999
2024-04-10T15:32:06,3,9996,0,9999
2024-04-10T15:48:14,3,9996,0,9999
2024-04-10T16:04:22,3,9996,0,9999
2024-04-10T16:20:40,3,9996,0,9999
2024-04-10T16:36:48,3,9996,0,9999
2024-04-13T00:06:21,3,9996,0,9999
2024-04-13T00:22:36,3,9996,0,9999
2024-04-13T00:38:53,3,9996,0,9999
2024-04-13T00:55:08,3,9996,0,9999
2024-04-13T01:11:24,3,9996,0,9999
2024-04-13T01:27:38,3,9996,0,9999
2024-04-13T01:43:51,3,9996,0,9999
2024-04-13T02:00:04,3,9996,0,9999
2024-04-13T02:16:18,3,9996,0,9999
2024-04-13T02:32:39,3,9996,0,9999
2024-04-13T02:48:51,3,9996,0,9999
2024-04-13T03:05:01,3,9996,0,9999
2024-04-13T03:21:14,3,9996,0,9999
2024-04-13T03:37:26,3,9996,0,9999
2024-04-13T03:53:37,3,9996,0,9999
2024-04-13T04:09:49,3,9996,0,9999
2024-04-13T09:58:57,3,9996,0,9999
2024-04-13T10:17:02,3,9996,0,9999
2024-04-13T10:33:12,3,9996,0,9999
2024-04-13T10:49:21,3,9996,0,9999
2024-04-13T11:05:30,3,9996,0,9999
2024-04-13T11:21:40,3,9996,0,9999
2024-04-13T11:37:50,3,9996,0,9999
2024-04-13T11:54:10,3,9996,0,9999
2024-04-13T12:10:23,3,9996,0,9999
2024-04-13T12:26:33,3,9996,0,9999
2024-04-13T12:42:42,3,9996,0,9999
2024-04-13T12:58:52,3,9996,0,9999
2024-04-13T13:15:02,3,9996,0,9999
2024-04-13T13:31:12,3,9996,0,9999
2024-04-13T13:47:31,3,9996,0,9999
2024-04-13T14:03:40,3,9996,0,9999
2024-04-13T14:19:48,3,9996,0,9999
2024-04-13T14:35:57,3,9996,0,9999
2024-04-13T14:52:06,3,9996,0,9999
2024-04-13T15:08:15,3,9996,0,9999
2024-04-13T15:24:24,3,9996,0,9999
2024-04-13T15:40:33,3,9996,0,9999
2024-04-13T15:56:42,3,9996,0,9999
2024-04-13T16:12:50,3,9996,0,9999
2024-04-13T16:29:09,3,9996,0,9999
2024-04-13T16:45:18,3,9996,0,9999
2024-04-13T17:01:27,3,9996,0,9999
2024-04-13T17:17:38,3,9996,0,9999
2024-04-13T17:33:46,3,9996,0,9999
2024-04-13T17:49:56,3,9996,0,9999
2024-04-13T18:06:06,3,9996,0,9999
2024-04-13T18:22:15,3,9996,0,9999
2024-04-13T18:38:24,3,9996,0,9999
2024-04-13T18:54:32,3,9996,0,9999
2024-04-13T19:10:42,3,9996,0,9999
2024-04-13T19:26:50,3,9996,0,9999
2024-04-13T19:42:59,3,9996,0,9999
2024-04-13T19:59:08,3,9996,0,9999
2024-04-13T20:15:28,3,9996,0,9999
2024-04-13T20:31:37,3,9996,0,9999
2024-04-13T20:47:46,3,9996,0,9999
2024-04-13T21:03:55,3,9996,0,9999
2024-04-13T21:20:04,3,9996,0,9999
2024-04-13T21:36:14,3,9996,0,9999
2024-04-13T21:52:23,3,9996,0,9999
2024-04-13T22:08:33,3,9996,0,9999
2024-04-13T22:24:42,3,9996,0,9999
2024-04-13T22:40:51,3,9996,0,9999
2024-04-13T22:57:00,3,9996,0,9999
2024-04-13T23:13:09,3,9996,0,9999
2024-04-13T23:29:20,3,9996,0,9999
2024-04-13T23:45:39,3,9996,0,9999
2024-04-14T00:01:49,3,9996,0,9999
2024-04-14T00:18:07,3,9996,0,9999
2024-04-14T00:34:23,3,9996,0,9999
2024-04-14T00:50:37,3,9996,0,9999
2024-04-14T01:06:50,3,9996,0,9999
2024-04-14T01:23:00,3,9996,0,9999
2024-04-14T01:39:12,3,9996,0,9999
2024-04-14T01:55:23,3,9996,0,9999
2024-04-14T02:11:39,3,9996,0,9999
2024-04-14T02:27:51,3,9996,0,9999
2024-04-14T02:44:03,3,9996,0,9999
2024-04-14T03:00:15,3,9996,0,9999
2024-04-14T03:16:28,3,9996,0,9999
2024-04-14T03:32:41,3,9996,0,9999
2024-04-14T03:48:53,3,9996,0,9999
2024-04-14T04:05:05,3,9996,0,9999
2024-04-14T12:39:37,3,9996,0,9999
2024-04-14T12:55:47,3,9996,0,9999
2024-04-14T13:11:56,3,9996,0,9999
2024-04-14T13:28:05,3,9996,0,9999
2024-04-14T13:44:14,3,9996,0,9999
2024-04-14T14:00:23,3,9996,0,9999
2024-04-14T14:16:32,3,9996,0,9999
2024-04-14T14:32:41,3,9996,0,9999
2024-04-14T14:48:51,3,9996,0,9999
2024-04-14T15:05:00,3,9996,0,9999
2024-04-14T15:21:18,3,9996,0,9999
2024-04-14T15:37:26,3,9996,0,9999
2024-04-14T15:53:36,3,9996,0,9999
2024-04-14T16:09:47,3,9996,0,9999
2024-04-14T16:25:57,3,9996,0,9999
2024-04-14T16:42:08,3,9996,0,9999
2024-04-14T16:58:17,3,9996,0,9999
2024-04-14T17:14:27,3,9996,0,9999
2024-04-14T17:30:53,3,9996,0,9999
2024-04-14T17:47:02,3,9996,0,9999
2024-04-14T18:03:11,3,9996,0,9999
2024-04-14T18:19:20,3,9996,0,9999
2024-04-14T18:35:31,3,9996,0,9999
2024-04-14T18:51:41,3,9996,0,9999
2024-04-14T19:07:54,3,9996,0,9999
2024-04-14T19:24:06,3,9996,0,9999
2024-04-14T19:40:17,3,9996,0,9999
2024-04-14T19:56:44,3,9996,0,9999
2024-04-14T20:12:55,3,9996,0,9999
2024-04-14T20:29:05,3,9996,0,9999
2024-04-14T20:45:15,3,9996,0,9999
2024-04-14T21:01:24,3,9996,0,9999
2024-04-14T21:17:35,3,9996,0,9999
2024-04-14T21:33:50,3,9996,0,9999
2024-04-14T21:49:59,3,9996,0,9999
2024-04-14T22:06:11,3,9996,0,9999
2024-04-14T22:22:35,3,9996,0,9999
2024-04-14T22:38:46,3,9996,0,9999
2024-04-14T22:54:57,3,9996,0,9999
2024-04-14T23:11:08,3,9996,0,9999
2024-04-14T23:27:19,3,9996,0,9999
2024-04-14T23:43:29,3,9996,0,9999
2024-04-14T23:59:39,3,9996,0,9999
2024-04-15T00:15:55,3,9996,0,9999
2024-04-15T00:32:12,3,9996,0,9999
2024-04-15T00:48:29,3,9996,0,9999
2024-04-15T01:04:54,3,9996,0,9999
2024-04-15T01:21:10,3,9996,0,9999
2024-04-15T01:37:22,3,9996,0,9999
2024-04-15T01:53:34,3,9996,0,9999
2024-04-15T02:09:47,3,9996,0,9999
2024-04-15T02:25:59,3,9996,0,9999
2024-04-15T02:42:39,3,9996,0,9999
2024-04-15T02:58:49,3,9996,0,9999
2024-04-15T03:15:00,3,9996,0,9999
2024-04-15T03:31:12,3,9996,0,9999
2024-04-15T03:47:24,3,9996,0,9999
2024-04-15T04:03:35,3,9996,0,9999
2024-04-15T04:29:48,3,9996,0,9999
2024-04-15T04:47:28,3,9996,0,9999
2024-04-15T05:03:43,3,9996,0,9999
2024-04-15T05:19:59,3,9996,0,9999
2024-04-15T05:36:13,3,9996,0,9999
2024-04-15T05:52:26,3,9996,0,9999
2024-04-15T06:08:39,3,9996,0,9999
2024-04-15T06:24:50,3,9996,0,9999
2024-04-15T06:41:02,3,9996,0,9999
2024-04-15T06:57:16,3,9996,0,9999
2024-04-15T07:13:29,3,9996,0,9999
2024-04-15T07:29:51,3,9996,0,9999
2024-04-15T07:46:00,3,9996,0,9999
2024-04-15T08:02:10,3,9996,0,9999
2024-04-15T08:18:22,3,9996,0,9999
2024-04-15T08:34:32,3,9996,0,9999
2024-04-15T08:50:45,3,9996,0,9999
2024-04-15T09:06:55,3,9996,0,9999
2024-04-15T09:23:05,3,9996,0,9999
2024-04-15T09:39:17,3,9996,0,9999
2024-04-15T09:55:37,3,9996,0,9999
2024-04-15T10:11:46,3,9996,0,9999
2024-04-15T10:27:55,3,9996,0,9999
2024-04-15T10:44:04,3,9996,0,9999
2024-04-15T11:00:13,3,9996,0,9999
2024-04-15T11:16:22,3,9996,0,9999
2024-04-15T11:32:43,3,9996,0,9999
2024-04-15T11:48:52,3,9996,0,9999
2024-04-15T12:05:02,3,9996,0,9999
2024-04-15T12:21:22,3,9996,0,9999
2024-04-15T12:37:31,3,9996,0,9999
2024-04-15T12:53:40,3,9996,0,9999
2024-04-15T13:09:48,3,9996,0,9999
2024-04-15T13:26:10,3,9996,0,9999
2024-04-15T13:42:27,3,9996,0,9999
2024-04-15T13:58:44,3,9996,0,9999
2024-04-15T14:14:58,3,9996,0,9999
2024-04-15T14:31:08,3,9996,0,9999
2024-04-15T14:47:19,3,9996,0,9999
2024-04-15T15:03:38,3,9996,0,9999
2024-04-15T15:19:50,3,9996,0,9999
2024-04-15T15:36:00,3,9996,0,9999
2024-04-15T15:52:08,3,9996,0,9999
2024-04-15T16:08:27,3,9996,0,9999
2024-04-15T16:24:38,3,9996,0,9999
2024-04-15T16:40:47,3,9996,0,9999
2024-04-15T16:56:56,3,9996,0,9999
2024-04-15T17:13:08,3,9996,0,9999
2024-04-15T17:29:31,3,9996,0,9999
2024-04-15T17:45:41,3,9996,0,9999
2024-04-15T18:01:49,3,9996,0,9999
2024-04-15T18:17:57,3,9996,0,9999
2024-04-15T18:34:06,3,9996,0,9999
2024-04-15T18:50:15,3,9996,0,9999
2024-04-15T19:06:35,3,9996,0,9999
2024-04-15T19:22:43,3,9996,0,9999
2024-04-15T19:38:52,3,9996,0,9999
2024-04-15T19:55:01,3,9996,0,9999
2024-04-15T20:11:10,3,9996,0,9999
2024-04-15T20:27:19,3,9996,0,9999
2024-04-15T20:43:27,3,9996,0,9999
2024-04-15T20:59:36,3,9996,0,9999
2024-04-15T21:15:57,3,9996,0,9999
2024-04-15T21:32:07,3,9996,0,9999
2024-04-15T21:48:17,3,9996,0,9999
2024-04-15T22:04:28,3,9996,0,9999
2024-04-15T22:20:38,3,9996,0,9999
2024-04-15T22:36:46,3,9996,0,9999
2024-04-15T22:52:55,3,9996,0,9999
2024-04-15T23:09:15,3,9996,0,9999
2024-04-15T23:25:26,3,9996,0,9999
2024-04-15T23:41:37,3,9996,0,9999
2024-04-15T23:57:47,3,9996,0,9999
2024-04-16T00:14:05,3,9996,0,9999
2024-04-16T00:30:25,3,9996,0,9999
2024-04-16T00:46:41,3,9996,0,9999
2024-04-16T01:02:53,3,9996,0,9999
2024-04-16T01:19:06,3,9996,0,9999
2024-04-16T01:35:18,3,9996,0,9999
2024-04-16T01:51:38,3,9996,0,9999
2024-04-16T02:07:59,3,9996,0,9999
2024-04-16T02:24:10,3,9996,0,9999
2024-04-16T02:40:21,3,9996,0,9999
2024-04-16T02:56:32,3,9996,0,9999
2024-04-16T03:12:44,3,9996,0,9999
2024-04-16T03:28:58,3,9996,0,9999
2024-04-16T03:45:09,3,9996,0,9999
2024-04-16T04:01:24,3,9996,0,9999
2024-04-16T14:02:30,3,9996,0,9999
2024-04-16T14:18:50,3,9996,0,9999
2024-04-16T14:35:01,3,9996,0,9999
2024-04-16T14:51:11,3,9996,0,9999
2024-04-16T15:07:23,3,9996,0,9999
2024-04-16T15:23:49,3,9996,0,9999
2024-04-16T15:39:59,3,9996,0,9999
2024-04-16T15:56:09,3,9996,0,9999
2024-04-16T16:12:20,3,9996,0,9999
2024-04-16T16:28:30,3,9996,0,9999
2024-04-16T16:44:53,3,9996,0,9999
2024-04-16T17:01:02,3,9996,0,9999
2024-04-16T17:17:14,3,9996,0,9999
2024-04-16T17:33:25,3,9996,0,9999
2024-04-16T17:49:35,3,9996,0,9999
2024-04-16T18:05:46,3,9996,0,9999
2024-04-16T18:22:07,3,9996,0,9999
2024-04-16T18:38:18,3,9996,0,9999
2024-04-16T18:54:28,3,9996,0,9999
2024-04-16T19:10:38,3,9996,0,9999
2024-04-16T19:26:45,3,9996,0,9999
2024-04-16T19:42:51,3,9996,0,9999
2024-04-16T19:59:09,3,9996,0,9999
2024-04-16T20:15:16,3,9996,0,9999
2024-04-16T20:31:23,3,9996,0,9999
2024-04-16T20:47:29,3,9996,0,9999
2024-04-16T21:03:36,3,9996,0,9999
2024-04-16T21:19:44,3,9996,0,9999
2024-04-16T21:35:55,3,9996,0,9999
2024-04-16T21:52:18,3,9996,0,9999
2024-04-16T22:08:27,3,9996,0,9999
2024-04-16T22:24:37,3,9996,0,9999
2024-04-16T22:40:47,3,9996,0,9999
2024-04-16T22:56:56,3,9996,0,9999
2024-04-16T23:13:07,3,9996,0,9999
2024-04-16T23:29:18,3,9996,0,9999
2024-04-16T23:45:29,3,9996,0,9999
2024-04-17T00:01:51,3,9996,0,9999
2024-04-17T00:18:10,3,9996,0,9999
2024-04-17T00:34:25,3,9996,0,9999
2024-04-17T00:50:43,3,9996,0,9999
2024-04-17T01:06:55,3,9996,0,9999
2024-04-17T01:23:07,3,9996,0,9999
2024-04-17T01:39:19,3,9996,0,9999
2024-04-17T01:55:32,3,9996,0,9999
2024-04-17T02:11:46,3,9996,0,9999
2024-04-17T02:27:57,3,9996,0,9999
2024-04-17T02:44:09,3,9996,0,9999
2024-04-17T03:00:20,3,9996,0,9999
2024-04-17T03:16:33,3,9996,0,9999
2024-04-17T03:32:48,3,9996,0,9999
2024-04-17T03:49:10,3,9996,0,9999
2024-04-17T04:05:22,3,9996,0,9999
2024-04-17T12:02:07,3,9996,0,9999
2024-04-17T12:18:18,3,9996,0,9999
2024-04-17T12:34:30,3,9996,0,9999
2024-04-17T12:50:52,3,9996,0,9999
2024-04-17T13:07:04,3,9996,0,9999
2024-04-17T13:23:14,3,9996,0,9999
2024-04-17T13:39:25,3,9996,0,9999
2024-04-17T13:55:38,3,9996,0,9999
2024-04-17T14:12:01,3,9996,0,9999
2024-04-17T14:28:12,3,9996,0,9999
2024-04-17T14:44:24,3,9996,0,9999
2024-04-17T15:00:35,3,9996,0,9999
2024-04-17T15:17:00,3,9996,0,9999
2024-04-17T15:33:12,3,9996,0,9999
2024-04-17T15:49:23,3,9996,0,9999
2024-04-17T16:05:35,3,9996,0,9999
2024-04-17T16:21:46,3,9996,0,9999
2024-04-17T16:37:56,3,9996,0,9999
2024-04-17T16:54:20,3,9996,0,9999
2024-04-17T17:10:31,3,9996,0,9999
2024-04-17T17:26:46,3,9996,0,9999
2024-04-17T17:42:59,3,9996,0,9999
2024-04-17T17:59:09,3,9996,0,9999
2024-04-17T18:15:21,3,9996,0,9999
2024-04-17T18:31:45,3,9996,0,9999
2024-04-17T18:47:55,3,9996,0,9999
2024-04-17T19:04:07,3,9996,0,9999
2024-04-17T19:20:16,3,9996,0,9999
2024-04-17T19:36:27,3,9996,0,9999
2024-04-17T19:52:37,3,9996,0,9999
2024-04-17T20:08:48,3,9996,0,9999
2024-04-17T20:25:09,3,9996,0,9999
2024-04-17T20:41:20,3,9996,0,9999
2024-04-17T20:57:32,3,9996,0,9999
2024-04-17T21:13:45,3,9996,0,9999
2024-04-17T21:29:57,3,9996,0,9999
2024-04-17T21:46:09,3,9996,0,9999
2024-04-17T22:02:21,3,9996,0,9999
2024-04-17T22:18:31,3,9996,0,9999
2024-04-17T22:34:51,3,9996,0,9999
2024-04-17T22:51:02,3,9996,0,9999
2024-04-17T23:07:14,3,9996,0,9999
2024-04-17T23:23:27,3,9996,0,9999
2024-04-17T23:39:43,3,9996,0,9999
2024-04-17T23:55:54,3,9996,0,9999
2024-04-18T00:12:09,3,9996,0,9999
2024-04-18T00:28:29,3,9996,0,9999
2024-04-18T00:44:47,3,9996,0,9999
2024-04-18T01:01:17,3,9996,0,9999
2024-04-18T01:17:33,3,9996,0,9999
2024-04-18T01:33:47,3,9996,0,9999
2024-04-18T01:50:02,3,9996,0,9999
2024-04-18T02:06:16,3,9996,0,9999
2024-04-18T02:22:29,3,9996,0,9999
2024-04-18T02:38:41,3,9996,0,9999
2024-04-18T02:54:56,3,9996,0,9999
2024-04-18T03:11:09,3,9996,0,9999
2024-04-18T03:27:22,3,9996,0,9999
2024-04-18T03:43:36,3,9996,0,9999
2024-04-18T03:59:51,3,9996,0,9999
2024-04-18T04:29:51,3,9996,0,9999
2024-04-18T04:46:26,3,9996,0,9999
2024-04-18T05:02:42,3,9996,0,9999
2024-04-18T05:18:59,3,9996,0,9999
2024-04-18T05:35:17,3,9996,0,9999
2024-04-18T05:51:32,3,9996,0,9999
2024-04-18T06:07:47,3,9996,0,9999
2024-04-18T06:24:00,3,9996,0,9999
2024-04-18T06:40:13,3,9996,0,9999
2024-04-18T06:56:25,3,9996,0,9999
2024-04-18T07:12:44,3,9996,0,9999
2024-04-18T07:28:57,3,9996,0,9999
2024-04-18T07:45:13,3,9996,0,9999
2024-04-18T08:01:26,3,9996,0,9999
2024-04-18T08:17:40,3,9996,0,9999
2024-04-18T08:34:11,3,9996,0,9999
2024-04-18T08:50:23,3,9996,0,9999
2024-04-18T09:06:35,3,9996,0,9999
2024-04-18T09:22:49,3,9996,0,9999
2024-04-18T09:39:14,3,9996,0,9999
2024-04-18T09:55:27,3,9996,0,9999
2024-04-18T10:11:40,3,9996,0,9999
2024-04-18T10:27:52,3,9996,0,9999
2024-04-18T10:44:07,3,9996,0,9999
2024-04-18T11:00:30,3,9996,0,9999
2024-04-18T11:16:41,3,9996,0,9999
2024-04-18T11:32:52,3,9996,0,9999
2024-04-18T11:49:02,3,9996,0,9999
2024-04-18T12:05:16,3,9996,0,9999
2024-04-18T12:21:38,3,9996,0,9999
2024-04-18T12:37:49,3,9996,0,9999
2024-04-18T12:53:59,3,9996,0,9999
2024-04-18T13:10:29,3,9996,0,9999
2024-04-18T13:26:41,3,9996,0,9999
2024-04-18T13:42:51,3,9996,0,9999
2024-04-18T13:59:01,3,9996,0,9999
2024-04-18T14:15:12,3,9996,0,9999
2024-04-18T14:31:33,3,9996,0,9999
2024-04-18T14:47:43,3,9996,0,9999
2024-04-18T15:03:58,3,9996,0,9999
2024-04-18T15:20:27,3,9996,0,9999
2024-04-18T15:36:37,3,9996,0,9999
2024-04-18T15:52:48,3,9996,0,9999
2024-04-18T16:09:00,3,9996,0,9999
2024-04-18T16:25:10,3,9996,0,9999
2024-04-18T16:41:31,3,9996,0,9999
2024-04-18T16:57:41,3,9996,0,9999
2024-04-18T17:13:53,3,9996,0,9999
2024-04-18T17:30:03,3,9996,0,9999
2024-04-18T17:46:32,3,9996,0,9999
2024-04-18T18:02:43,3,9996,0,9999
2024-04-18T18:18:54,3,9996,0,9999
2024-04-18T18:35:05,3,9996,0,9999
2024-04-18T18:51:16,3,9996,0,9999
2024-04-18T19:07:27,3,9996,0,9999
2024-04-18T19:23:37,3,9996,0,9999
2024-04-18T19:40:00,3,9996,0,9999
2024-04-18T19:56:11,3,9996,0,9999
2024-04-18T20:12:21,3,9996,0,9999
2024-04-18T20:28:32,3,9996,0,9999
2024-04-18T20:44:42,3,9996,0,9999
2024-04-18T21:00:51,3,9996,0,9999
2024-04-18T21:17:01,3,9996,0,9999
2024-04-18T21:33:13,3,9996,0,9999
2024-04-18T21:49:43,3,9996,0,9999
2024-04-18T22:05:51,3,9996,0,9999
2024-04-18T22:21:59,3,9996,0,9999
2024-04-18T22:38:07,3,9996,0,9999
2024-04-18T22:54:16,3,9996,0,9999
2024-04-18T23:10:25,3,9996,0,9999
2024-04-18T23:26:36,3,9996,0,9999
2024-04-18T23:42:45,3,9996,0,9999
2024-04-18T23:58:56,3,9996,0,9999
2024-04-19T00:15:13,3,9996,0,9999
2024-04-19T00:31:42,3,9996,0,9999
2024-04-19T00:47:54,3,9996,0,9999
2024-04-19T01:04:05,3,9996,0,9999
2024-04-19T01:20:18,3,9996,0,9999
2024-04-19T01:36:30,3,9996,0,9999
2024-04-19T01:52:42,3,9996,0,9999
2024-04-19T02:08:53,3,9996,0,9999
2024-04-19T02:25:04,3,9996,0,9999
2024-04-19T02:41:15,3,9996,0,9999
2024-04-19T02:57:25,3,9996,0,9999
2024-04-19T03:13:39,3,9996,0,9999
2024-04-19T03:30:12,3,9996,0,9999
2024-04-19T03:46:25,3,9996,0,9999
2024-04-19T04:02:40,3,9996,0,9999
2024-04-19T04:27:06,3,9996,0,9999
2024-04-19T04:43:24,3,9996,0,9999
2024-04-19T05:01:08,3,9996,0,9999
2024-04-19T05:17:32,3,9996,0,9999
2024-04-19T05:33:48,3,9996,0,9999
2024-04-19T05:50:01,3,9996,0,9999
2024-04-19T06:06:15,3,9996,0,9999
2024-04-19T06:22:30,3,9996,0,9999
2024-04-19T06:38:44,3,9996,0,9999
2024-04-19T06:54:57,3,9996,0,9999
2024-04-19T07:11:15,3,9996,0,9999
2024-04-19T07:27:29,3,9996,0,9999
2024-04-19T07:43:40,3,9996,0,9999
2024-04-19T07:59:52,3,9996,0,9999
2024-04-19T08:16:05,3,9996,0,9999
2024-04-19T08:32:20,3,9996,0,9999
2024-04-19T08:48:41,3,9996,0,9999
2024-04-19T09:04:55,3,9996,0,9999
2024-04-19T09:21:07,3,9996,0,9999
2024-04-19T09:37:19,3,9996,0,9999
2024-04-19T09:53:30,3,9996,0,9999
2024-04-19T10:09:41,3,9996,0,9999
2024-04-19T10:25:52,3,9996,0,9999
2024-04-19T10:42:14,3,9996,0,9999
2024-04-19T10:58:25,3,9996,0,9999
2024-04-19T11:14:36,3,9996,0,9999
2024-04-19T11:30:47,3,9996,0,9999
2024-04-19T11:46:56,3,9996,0,9999
2024-04-19T12:03:07,3,9996,0,9999
2024-04-19T12:19:18,3,9996,0,9999
2024-04-19T12:35:39,3,9996,0,9999
2024-04-19T12:51:49,3,9996,0,9999
2024-04-19T13:08:01,3,9996,0,9999
2024-04-19T13:24:11,3,9996,0,9999
2024-04-19T13:40:22,3,9996,0,9999
2024-04-19T13:56:33,3,9996,0,9999
2024-04-19T14:12:45,3,9996,0,9999
2024-04-19T14:28:55,3,9996,0,9999
2024-04-19T14:45:18,3,9996,0,9999
2024-04-19T15:01:27,3,9996,0,9999
2024-04-19T15:17:36,3,9996,0,9999
2024-04-19T15:33:46,3,9996,0,9999
2024-04-19T15:49:56,3,9996,0,9999
2024-04-19T16:06:06,3,9996,0,9999
2024-04-19T16:22:18,3,9996,0,9999
2024-04-19T16:38:28,3,9996,0,9999
2024-04-19T16:54:39,3,9996,0,9999
2024-04-19T17:11:00,3,9996,0,9999
2024-04-19T17:27:12,3,9996,0,9999
2024-04-19T17:43:23,3,9996,0,9999
2024-04-19T17:59:33,3,9996,0,9999
2024-04-19T18:15:43,3,9996,0,9999
2024-04-19T18:31:53,3,9996,0,9999
2024-04-19T18:48:03,3,9996,0,9999
2024-04-19T19:04:15,3,9996,0,9999
2024-04-19T19:20:26,3,9996,0,9999
2024-04-19T19:36:36,3,9996,0,9999
2024-04-19T19:52:47,3,9996,0,9999
2024-04-19T20:09:14,3,9996,0,9999
2024-04-19T20:25:24,3,9996,0,9999
2024-04-19T20:41:34,3,9996,0,9999
2024-04-19T20:57:44,3,9996,0,9999
2024-04-19T21:13:55,3,9996,0,9999
2024-04-19T21:30:06,3,9996,0,9999
2024-04-19T21:46:18,3,9996,0,9999
2024-04-19T22:02:28,3,9996,0,9999
2024-04-19T22:18:39,3,9996,0,9999
2024-04-19T22:34:50,3,9996,0,9999
2024-04-19T22:51:01,3,9996,0,9999
2024-04-19T23:07:25,3,9996,0,9999
2024-04-19T23:23:35,3,9996,0,9999
2024-04-19T23:39:46,3,9996,0,9999
2024-04-19T23:55:58,3,9996,0,9999
2024-04-20T00:12:11,3,9996,0,9999
2024-04-20T00:28:28,3,9996,0,9999
2024-04-20T00:44:42,3,9996,0,9999
2024-04-20T01:00:54,3,9996,0,9999
2024-04-20T01:17:04,3,9996,0,9999
2024-04-20T01:33:15,3,9996,0,9999
2024-04-20T01:49:26,3,9996,0,9999
2024-04-20T02:05:37,3,9996,0,9999
2024-04-20T02:21:48,3,9996,0,9999
2024-04-20T02:38:01,3,9996,0,9999
2024-04-20T02:54:13,3,9996,0,9999
2024-04-20T03:10:24,3,9996,0,9999
2024-04-20T03:26:43,3,9996,0,9999
2024-04-20T03:42:51,3,9996,0,9999
2024-04-20T03:59:02,3,9996,0,9999
2024-04-20T04:19:42,3,9996,0,9999
2024-04-20T04:36:00,3,9996,0,9999
2024-04-20T04:53:51,3,9996,0,9999
2024-04-20T05:11:23,3,9996,0,9999
2024-04-20T05:27:39,3,9996,0,9999
2024-04-20T05:43:54,3,9996,0,9999
2024-04-20T06:00:07,3,9996,0,9999
2024-04-20T06:16:20,3,9996,0,9999
2024-04-20T06:32:32,3,9996,0,9999
2024-04-20T06:48:44,3,9996,0,9999
2024-04-20T07:04:56,3,9996,0,9999
2024-04-20T07:21:09,3,9996,0,9999
2024-04-20T07:37:22,3,9996,0,9999
2024-04-20T07:53:34,3,9996,0,9999
2024-04-20T08:09:46,3,9996,0,9999
2024-04-20T08:25:57,3,9996,0,9999
2024-04-20T08:42:19,3,9996,0,9999
2024-04-20T08:58:32,3,9996,0,9999
2024-04-20T09:14:43,3,9996,0,9999
2024-04-20T09:30:55,3,9996,0,9999
2024-04-20T09:47:06,3,9996,0,9999
2024-04-20T10:03:18,3,9996,0,9999
2024-04-20T10:19:30,3,9996,0,9999
2024-04-20T10:35:42,3,9996,0,9999
2024-04-20T10:51:53,3,9996,0,9999
2024-04-20T11:08:03,3,9996,0,9999
2024-04-20T11:24:14,3,9996,0,9999
2024-04-20T11:40:25,3,9996,0,9999
2024-04-20T11:56:35,3,9996,0,9999
2024-04-20T12:12:46,3,9996,0,9999
2024-04-20T12:28:57,3,9996,0,9999
2024-04-20T12:45:20,3,9996,0,9999
2024-04-20T13:01:31,3,9996,0,9999
2024-04-20T13:17:42,3,9996,0,9999
2024-04-20T13:33:54,3,9996,0,9999
2024-04-20T13:50:04,3,9996,0,9999
2024-04-20T14:06:15,3,9996,0,9999
2024-04-20T14:22:25,3,9996,0,9999
2024-04-20T14:38:35,3,9996,0,9999
2024-04-20T14:54:46,3,9996,0,9999
2024-04-20T15:10:56,3,9996,0,9999
2024-04-20T15:27:06,3,9996,0,9999
2024-04-20T15:43:16,3,9996,0,9999
2024-04-20T15:59:27,3,9996,0,9999
2024-04-20T16:15:52,3,9996,0,9999
2024-04-20T16:32:03,3,9996,0,9999
2024-04-20T16:48:14,3,9996,0,9999
2024-04-20T17:04:25,3,9996,0,9999
2024-04-20T17:20:38,3,9996,0,9999
2024-04-20T17:36:51,3,9996,0,9999
2024-04-20T17:53:06,3,9996,0,9999
2024-04-20T18:09:17,3,9996,0,9999
2024-04-20T18:25:28,3,9996,0,9999
2024-04-20T18:41:40,3,9996,0,9999
2024-04-20T18:57:51,3,9996,0,9999
2024-04-20T19:14:03,3,9996,0,9999
2024-04-20T19:30:14,3,9996,0,9999
2024-04-20T19:46:25,3,9996,0,9999
2024-04-20T20:02:36,3,9996,0,9999
2024-04-20T20:18:58,3,9996,0,9999
2024-04-20T20:35:09,3,9996,0,9999
2024-04-20T20:51:21,3,9996,0,9999
2024-04-20T21:07:33,3,9996,0,9999
2024-04-20T21:23:46,3,9996,0,9999
2024-04-20T21:39:58,3,9996,0,9999
2024-04-20T21:56:10,3,9996,0,9999
2024-04-20T22:12:23,3,9996,0,9999
2024-04-20T22:28:34,3,9996,0,9999
2024-04-20T22:44:46,3,9996,0,9999
2024-04-20T23:01:01,3,9996,0,9999
2024-04-20T23:17:14,3,9996,0,9999
2024-04-20T23:33:26,3,9996,0,9999
2024-04-20T23:49:37,3,9996,0,9999
2024-04-21T00:05:50,3,9996,0,9999
2024-04-21T00:22:03,3,9996,0,9999
2024-04-21T00:38:25,3,9996,0,9999
2024-04-21T01:11:24,3,9996,0,9999
2024-04-21T01:27:42,3,9996,0,9999
2024-04-21T01:43:56,3,9996,0,9999
2024-04-21T02:00:12,3,9996,0,9999
2024-04-21T02:16:29,3,9996,0,9999
2024-04-21T02:32:47,3,9996,0,9999
2024-04-21T02:49:02,3,9996,0,9999
2024-04-21T03:05:38,3,9996,0,9999
2024-04-21T03:21:56,3,9996,0,9999
2024-04-21T03:38:10,3,9996,0,9999
2024-04-21T03:54:25,3,9996,0,9999
2024-04-21T04:10:45,3,9996,0,9999
2024-04-21T04:28:06,3,9996,0,9999
2024-04-21T04:45:32,3,9996,0,9999
2024-04-21T05:02:04,3,9996,0,9999
2024-04-21T05:18:23,3,9996,0,9999
2024-04-21T05:34:48,3,9996,0,9999
2024-04-21T05:51:05,3,9996,0,9999
2024-04-21T06:07:17,3,9996,0,9999
2024-04-21T06:23:28,3,9996,0,9999
2024-04-21T06:39:39,3,9996,0,9999
2024-04-21T06:55:49,3,9996,0,9999
2024-04-21T07:12:10,3,9996,0,9999
2024-04-21T07:28:27,3,9996,0,9999
2024-04-21T07:44:40,3,9996,0,9999
2024-04-21T08:00:53,3,9996,0,9999
2024-04-21T08:17:05,3,9996,0,9999
2024-04-21T08:33:16,3,9996,0,9999
2024-04-21T08:49:26,3,9996,0,9999
2024-04-21T09:05:42,3,9996,0,9999
2024-04-21T09:21:54,3,9996,0,9999
2024-04-21T09:38:09,3,9996,0,9999
2024-04-21T09:54:20,3,9996,0,9999
2024-04-21T10:10:34,3,9996,0,9999
2024-04-21T10:26:48,3,9996,0,9999
2024-04-21T10:43:08,3,9996,0,9999
2024-04-21T10:59:18,3,9996,0,9999
2024-04-21T11:15:28,3,9996,0,9999
2024-04-21T11:31:37,3,9996,0,9999
2024-04-21T11:47:48,3,9996,0,9999
2024-04-21T12:03:58,3,9996,0,9999
2024-04-21T12:20:08,3,9996,0,9999
2024-04-21T12:36:17,3,9996,0,9999
2024-04-21T12:52:26,3,9996,0,9999
2024-04-21T13:08:36,3,9996,0,9999
2024-04-21T13:24:46,3,9996,0,9999
2024-04-21T13:40:55,3,9996,0,9999
2024-04-21T13:57:04,3,9996,0,9999
2024-04-21T14:13:24,3,9996,0,9999
2024-04-21T14:29:34,3,9996,0,9999
2024-04-21T14:45:45,3,9996,0,9999
2024-04-21T15:01:57,3,9996,0,9999
2024-04-21T15:18:07,3,9996,0,9999
2024-04-21T15:34:17,3,9996,0,9999
2024-04-21T15:50:26,3,9996,0,9999
2024-04-21T16:06:37,3,9996,0,9999
2024-04-21T16:22:48,3,9996,0,9999
2024-04-21T16:39:00,3,9996,0,9999
2024-04-21T16:55:20,3,9996,0,9999
2024-04-21T17:11:29,3,9996,0,9999
2024-04-21T17:27:39,3,9996,0,9999
2024-04-21T17:43:48,3,9996,0,9999
2024-04-21T17:59:58,3,9996,0,9999
2024-04-21T18:16:07,3,9996,0,9999
2024-04-21T18:32:15,3,9996,0,9999
2024-04-21T18:48:24,3,9996,0,9999
2024-04-21T19:04:35,3,9996,0,9999
2024-04-21T19:20:46,3,9996,0,9999
2024-04-21T19:36:55,3,9996,0,9999
2024-04-21T19:53:14,3,9996,0,9999
2024-04-21T20:09:23,3,9996,0,9999
2024-04-21T20:25:32,3,9996,0,9999
2024-04-21T20:41:41,3,9996,0,9999
2024-04-21T20:57:50,3,9996,0,9999
2024-04-21T21:14:01,3,9996,0,9999
2024-04-21T21:30:14,3,9996,0,9999
2024-04-21T21:46:25,3,9996,0,9999
2024-04-21T22:02:35,3,9996,0,9999
2024-04-21T22:18:45,3,9996,0,9999
2024-04-21T22:34:54,3,9996,0,9999
2024-04-21T22:51:04,3,9996,0,9999
2024-04-21T23:07:25,3,9996,0,9999
2024-04-21T23:23:35,3,9996,0,9999
2024-04-21T23:39:44,3,9996,0,9999
2024-04-21T23:55:55,3,9996,0,9999
2024-04-22T00:12:09,3,9996,0,9999
2024-04-22T00:28:33,3,9996,0,9999
2024-04-22T00:44:50,3,9996,0,9999
2024-04-22T01:01:04,3,9996,0,9999
2024-04-22T01:17:17,3,9996,0,9999
2024-04-22T01:33:32,3,9996,0,9999
2024-04-22T01:49:43,3,9996,0,9999
2024-04-22T02:05:56,3,9996,0,9999
2024-04-22T02:22:07,3,9996,0,9999
2024-04-22T02:38:37,3,9996,0,9999
2024-04-22T02:54:46,3,9996,0,9999
2024-04-22T03:10:57,3,9996,0,9999
2024-04-22T03:27:09,3,9996,0,9999
2024-04-22T03:43:20,3,9996,0,9999
2024-04-22T03:59:31,3,9996,0,9999
2024-04-22T04:22:40,3,9996,0,9999
2024-04-22T04:38:57,3,9996,0,9999
2024-04-22T04:56:45,3,9996,0,9999
2024-04-22T05:13:10,3,9996,0,9999
2024-04-22T05:29:26,3,9996,0,9999
2024-04-22T05:45:41,3,9996,0,9999
2024-04-22T06:01:57,3,9996,0,9999
2024-04-22T06:18:10,3,9996,0,9999
2024-04-22T06:34:23,3,9996,0,9999
2024-04-22T06:50:36,3,9996,0,9999
2024-04-22T07:06:52,3,9996,0,9999
2024-04-22T07:23:05,3,9996,0,9999
2024-04-22T07:39:17,3,9996,0,9999
2024-04-22T07:55:29,3,9996,0,9999
2024-04-22T08:11:50,3,9996,0,9999
2024-04-22T08:28:00,3,9996,0,9999
2024-04-22T08:44:11,3,9996,0,9999
2024-04-22T09:00:21,3,9996,0,9999
2024-04-22T09:16:32,3,9996,0,9999
2024-04-22T09:32:43,3,9996,0,9999
2024-04-22T09:48:54,3,9996,0,9999
2024-04-22T10:05:18,3,9996,0,9999
2024-04-22T10:21:28,3,9996,0,9999
2024-04-22T10:37:39,3,9996,0,9999
2024-04-22T10:53:50,3,9996,0,9999
2024-04-22T11:10:00,3,9996,0,9999
2024-04-22T11:26:10,3,9996,0,9999
2024-04-22T11:42:21,3,9996,0,9999
2024-04-22T11:58:41,3,9996,0,9999
2024-04-22T12:14:53,3,9996,0,9999
2024-04-22T12:31:04,3,9996,0,9999
2024-04-22T12:47:14,3,9996,0,9999
2024-04-22T13:03:24,3,9996,0,9999
2024-04-22T13:19:46,3,9996,0,9999
2024-04-22T13:35:57,3,9996,0,9999
2024-04-22T13:52:07,3,9996,0,9999
2024-04-22T14:08:20,3,9996,0,9999
2024-04-22T14:24:30,3,9996,0,9999
2024-04-22T14:40:58,3,9996,0,9999
2024-04-22T14:57:09,3,9996,0,9999
2024-04-22T15:13:20,3,9996,0,9999
2024-04-22T15:29:32,3,9996,0,9999
2024-04-22T15:45:43,3,9996,0,9999
2024-04-22T16:01:56,3,9996,0,9999
2024-04-22T16:18:18,3,9996,0,9999
2024-04-22T16:34:30,3,9996,0,9999
2024-04-22T16:50:41,3,9996,0,9999
2024-04-22T17:06:52,3,9996,0,9999
2024-04-22T17:23:07,3,9996,0,9999
2024-04-22T17:39:18,3,9996,0,9999
2024-04-22T17:55:31,3,9996,0,9999
2024-04-22T18:11:52,3,9996,0,9999
2024-04-22T18:28:02,3,9996,0,9999
2024-04-22T18:44:12,3,9996,0,9999
2024-04-22T19:00:22,3,9996,0,9999
2024-04-22T19:16:31,3,9996,0,9999
2024-04-22T19:32:40,3,9996,0,9999
2024-04-22T19:48:51,3,9996,0,9999
2024-04-22T20:05:08,3,9996,0,9999
2024-04-22T20:21:18,3,9996,0,9999
2024-04-22T20:37:42,3,9996,0,9999
2024-04-22T20:53:53,3,9996,0,9999
2024-04-22T21:10:03,3,9996,0,9999
2024-04-22T21:26:15,3,9996,0,9999
2024-04-22T21:42:25,3,9996,0,9999
2024-04-22T21:58:36,3,9996,0,9999
2024-04-22T22:14:52,3,9996,0,9999
2024-04-22T22:31:03,3,9996,0,9999
2024-04-22T22:47:28,3,9996,0,9999
2024-04-22T23:03:38,3,9996,0,9999
2024-04-22T23:19:50,3,9996,0,9999
2024-04-22T23:36:02,3,9996,0,9999
2024-04-22T23:52:15,3,9996,0,9999
2024-04-23T00:08:29,3,9996,0,9999
2024-04-23T00:24:49,3,9996,0,9999
2024-04-23T00:41:08,3,9996,0,9999
2024-04-23T00:57:28,3,9996,0,9999
2024-04-23T01:13:44,3,9996,0,9999
2024-04-23T01:29:57,3,9996,0,9999
2024-04-23T01:46:10,3,9996,0,9999
2024-04-23T02:02:36,3,9996,0,9999
2024-04-23T02:18:49,3,9996,0,9999
2024-04-23T02:35:02,3,9996,0,9999
2024-04-23T02:51:15,3,9996,0,9999
2024-04-23T03:07:28,3,9996,0,9999
2024-04-23T03:23:55,3,9996,0,9999
2024-04-23T03:40:11,3,9996,0,9999
2024-04-23T03:56:24,3,9996,0,9999
2024-04-23T04:12:43,3,9996,0,9999
2024-04-23T04:33:57,3,9996,0,9999
2024-04-23T04:51:45,3,9996,0,9999
2024-04-23T05:08:12,3,9996,0,9999
2024-04-23T05:24:26,3,9996,0,9999
2024-04-23T05:40:40,3,9996,0,9999
2024-04-23T05:56:58,3,9996,0,9999
2024-04-23T06:13:10,3,9996,0,9999
2024-04-23T06:29:23,3,9996,0,9999
2024-04-23T06:45:38,3,9996,0,9999
2024-04-23T07:01:52,3,9996,0,9999
2024-04-23T07:18:07,3,9996,0,9999
2024-04-23T07:34:19,3,9996,0,9999
2024-04-23T07:50:33,3,9996,0,9999
2024-04-23T08:06:46,3,9996,0,9999
2024-04-23T08:23:21,3,9996,0,9999
2024-04-23T08:39:34,3,9996,0,9999
2024-04-23T08:55:48,3,9996,0,9999
2024-04-23T09:11:59,3,9996,0,9999
2024-04-23T09:28:11,3,9996,0,9999
2024-04-23T09:44:27,3,9996,0,9999
2024-04-23T10:00:41,3,9996,0,9999
2024-04-23T10:16:53,3,9996,0,9999
2024-04-23T10:33:04,3,9996,0,9999
2024-04-23T10:49:14,3,9996,0,9999
2024-04-23T11:05:40,3,9996,0,9999
2024-04-23T11:21:52,3,9996,0,9999
2024-04-23T11:38:05,3,9996,0,9999
2024-04-23T11:54:23,3,9996,0,9999
2024-04-23T12:10:34,3,9996,0,9999
2024-04-23T12:26:45,3,9996,0,9999
2024-04-23T12:42:57,3,9996,0,9999
2024-04-23T12:59:29,3,9996,0,9999
2024-04-23T13:15:39,3,9996,0,9999
2024-04-23T13:31:49,3,9996,0,9999
2024-04-23T13:48:00,3,9996,0,9999
2024-04-23T14:04:11,3,9996,0,9999
2024-04-23T14:20:23,3,9996,0,9999
2024-04-23T14:36:34,3,9996,0,9999
2024-04-23T14:52:55,3,9996,0,9999
2024-04-23T15:09:06,3,9996,0,9999
2024-04-23T15:25:17,3,9996,0,9999
2024-04-23T15:41:28,3,9996,0,9999
2024-04-23T15:57:37,3,9996,0,9999
2024-04-23T16:13:49,3,9996,0,9999
2024-04-23T16:30:00,3,9996,0,9999
2024-04-23T16:46:30,3,9996,0,9999
2024-04-23T17:02:40,3,9996,0,9999
2024-04-23T17:18:54,3,9996,0,9999
2024-04-23T17:35:04,3,9996,0,9999
2024-04-23T17:51:15,3,9996,0,9999
2024-04-23T18:07:26,3,9996,0,9999
2024-04-23T18:23:36,3,9996,0,9999
2024-04-23T18:39:47,3,9996,0,9999
2024-04-23T18:56:07,3,9996,0,9999
2024-04-23T19:12:19,3,9996,0,9999
2024-04-23T19:28:28,3,9996,0,9999
2024-04-23T19:44:38,3,9996,0,9999
2024-04-23T20:00:49,3,9996,0,9999
2024-04-23T20:17:10,3,9996,0,9999
2024-04-23T20:33:21,3,9996,0,9999
2024-04-23T20:49:31,3,9996,0,9999
2024-04-23T21:06:03,3,9996,0,9999
2024-04-23T21:22:14,3,9996,0,9999
2024-04-23T21:38:25,3,9996,0,9999
2024-04-23T21:54:37,3,9996,0,9999
2024-04-23T22:10:49,3,9996,0,9999
2024-04-23T22:27:00,3,9996,0,9999
2024-04-23T22:43:10,3,9996,0,9999
2024-04-23T22:59:21,3,9996,0,9999
2024-04-23T23:15:34,3,9996,0,9999
2024-04-23T23:31:56,3,9996,0,9999
2024-04-23T23:48:08,3,9996,0,9999
2024-04-24T00:04:20,3,9996,0,9999
2024-04-24T00:20:39,3,9996,0,9999
2024-04-24T00:36:53,3,9996,0,9999
2024-04-24T00:53:10,3,9996,0,9999
2024-04-24T01:09:24,3,9996,0,9999
2024-04-24T01:25:37,3,9996,0,9999
2024-04-24T01:41:51,3,9996,0,9999
2024-04-24T01:58:02,3,9996,0,9999
2024-04-24T02:14:14,3,9996,0,9999
2024-04-24T02:30:25,3,9996,0,9999
2024-04-24T02:46:37,3,9996,0,9999
2024-04-24T03:02:48,3,9996,0,9999
2024-04-24T03:19:12,3,9996,0,9999
2024-04-24T03:36:30,3,9996,0,9999
2024-04-24T03:52:43,3,9996,0,9999
2024-04-24T04:08:56,3,9996,0,9999
2024-04-24T04:30:02,3,9996,0,9999
2024-04-24T04:46:40,3,9996,0,9999
2024-04-24T05:02:54,3,9996,0,9999
2024-04-24T05:19:08,3,9996,0,9999
2024-04-24T05:37:10,3,9996,0,9999
2024-04-24T05:53:25,3,9996,0,9999
2024-04-24T06:09:41,3,9996,0,9999
2024-04-24T06:25:54,3,9996,0,9999
2024-04-24T06:42:06,3,9996,0,9999
2024-04-24T06:58:17,3,9996,0,9999
2024-04-24T07:14:29,3,9996,0,9999
2024-04-24T07:30:49,3,9996,0,9999
2024-04-24T07:46:58,3,9996,0,9999
2024-04-24T08:03:10,3,9996,0,9999
2024-04-24T08:19:27,3,9996,0,9999
2024-04-24T08:35:38,3,9996,0,9999
2024-04-24T08:52:00,3,9996,0,9999
2024-04-24T09:08:11,3,9996,0,9999
2024-04-24T09:24:21,3,9996,0,9999
2024-04-24T09:40:32,3,9996,0,9999
2024-04-24T09:56:42,3,9996,0,9999
2024-04-24T10:12:52,3,9996,0,9999
2024-04-24T10:29:02,3,9996,0,9999
2024-04-24T10:45:23,3,9996,0,9999
2024-04-24T11:01:33,3,9996,0,9999
2024-04-24T11:17:43,3,9996,0,9999
2024-04-24T11:33:54,3,9996,0,9999
2024-04-24T11:50:04,3,9996,0,9999
2024-04-24T12:06:14,3,9996,0,9999
2024-04-24T12:22:35,3,9996,0,9999
2024-04-24T12:38:45,3,9996,0,9999
2024-04-24T12:54:55,3,9996,0,9999
2024-04-24T13:11:06,3,9996,0,9999
2024-04-24T13:27:19,3,9996,0,9999
2024-04-24T13:43:31,3,9996,0,9999
2024-04-24T13:59:51,3,9996,0,9999
2024-04-24T14:16:01,3,9996,0,9999
2024-04-24T14:32:11,3,9996,0,9999
2024-04-24T14:48:21,3,9996,0,9999
2024-04-24T15:04:31,3,9996,0,9999
2024-04-24T15:20:52,3,9996,0,9999
2024-04-24T15:37:02,3,9996,0,9999
2024-04-24T15:53:19,3,9996,0,9999
2024-04-24T16:09:30,3,9996,0,9999
2024-04-24T16:25:39,3,9996,0,9999
2024-04-24T16:41:49,3,9996,0,9999
2024-04-24T16:58:01,3,9996,0,9999
2024-04-24T17:14:27,3,9996,0,9999
2024-04-24T17:30:39,3,9996,0,9999
2024-04-24T17:46:50,3,9996,0,9999
2024-04-24T18:03:04,3,9996,0,9999
2024-04-24T18:19:19,3,9996,0,9999
2024-04-24T18:35:33,3,9996,0,9999
2024-04-24T18:51:45,3,9996,0,9999
2024-04-24T19:07:56,3,9996,0,9999
2024-04-24T19:24:08,3,9996,0,9999
2024-04-24T19:40:29,3,9996,0,9999
2024-04-24T19:56:41,3,9996,0,9999
2024-04-24T20:12:51,3,9996,0,9999
2024-04-24T20:29:02,3,9996,0,9999
2024-04-24T20:45:13,3,9996,0,9999
2024-04-24T21:01:24,3,9996,0,9999
2024-04-24T21:17:34,3,9996,0,9999
2024-04-24T21:33:45,3,9996,0,9999
2024-04-24T21:49:56,3,9996,0,9999
2024-04-24T22:06:17,3,9996,0,9999
2024-04-24T22:22:27,3,9996,0,9999
2024-04-24T22:38:37,3,9996,0,9999
2024-04-24T22:54:48,3,9996,0,9999
2024-04-24T23:11:00,3,9996,0,9999
2024-04-24T23:27:12,3,9996,0,9999
2024-04-24T23:43:23,3,9996,0,9999
2024-04-24T23:59:35,3,9996,0,9999
2024-04-25T00:15:50,3,9996,0,9999
2024-04-25T00:32:11,3,9996,0,9999
2024-04-25T00:48:28,3,9996,0,9999
2024-04-25T01:04:42,3,9996,0,9999
2024-04-25T01:20:56,3,9996,0,9999
2024-04-25T01:37:16,3,9996,0,9999
2024-04-25T01:53:29,3,9996,0,9999
2024-04-25T02:09:40,3,9996,0,9999
2024-04-25T02:25:51,3,9996,0,9999
2024-04-25T02:42:02,3,9996,0,9999
2024-04-25T02:58:15,3,9996,0,9999
2024-04-25T03:14:30,3,9996,0,9999
2024-04-25T03:30:43,3,9996,0,9999
2024-04-25T03:46:54,3,9996,0,9999
2024-04-25T04:03:06,3,9996,0,9999
2024-04-25T04:29:23,3,9996,0,9999
2024-04-25T04:46:05,3,9996,0,9999
2024-04-25T05:02:18,3,9996,0,9999
2024-04-25T05:18:39,3,9996,0,9999
2024-04-25T05:34:55,3,9996,0,9999
2024-04-25T05:51:09,3,9996,0,9999
2024-04-25T06:07:22,3,9996,0,9999
2024-04-25T06:23:38,3,9996,0,9999
2024-04-25T06:39:53,3,9996,0,9999
2024-04-25T06:56:06,3,9996,0,9999
2024-04-25T07:12:23,3,9996,0,9999
2024-04-25T07:28:35,3,9996,0,9999
2024-04-25T07:44:47,3,9996,0,9999
2024-04-25T08:00:58,3,9996,0,9999
2024-04-25T08:17:21,3,9996,0,9999
2024-04-25T08:33:33,3,9996,0,9999
2024-04-25T08:49:44,3,9996,0,9999
2024-04-25T09:06:07,3,9996,0,9999
2024-04-25T09:22:19,3,9996,0,9999
2024-04-25T09:38:32,3,9996,0,9999
2024-04-25T09:54:43,3,9996,0,9999
2024-04-25T10:10:55,3,9996,0,9999
2024-04-25T10:27:07,3,9996,0,9999
2024-04-25T10:43:17,3,9996,0,9999
2024-04-25T10:59:28,3,9996,0,9999
2024-04-25T11:15:39,3,9996,0,9999
2024-04-25T11:32:01,3,9996,0,9999
2024-04-25T11:48:12,3,9996,0,9999
2024-04-25T12:04:23,3,9996,0,9999
2024-04-25T12:20:38,3,9996,0,9999
2024-04-25T12:36:48,3,9996,0,9999
2024-04-25T12:53:00,3,9996,0,9999
2024-04-25T13:09:20,3,9996,0,9999
2024-04-25T13:25:33,3,9996,0,9999
2024-04-25T13:41:44,3,9996,0,9999
2024-04-25T13:57:55,3,9996,0,9999
2024-04-25T14:14:08,3,9996,0,9999
2024-04-25T14:30:18,3,9996,0,9999
2024-04-25T14:46:28,3,9996,0,9999
2024-04-25T15:02:51,3,9996,0,9999
2024-04-25T15:19:00,3,9996,0,9999
2024-04-25T15:35:10,3,9996,0,9999
2024-04-25T15:51:21,3,9996,0,9999
2024-04-25T16:07:31,3,9996,0,9999
2024-04-25T16:23:41,3,9996,0,9999
2024-04-25T16:40:02,3,9996,0,9999
2024-04-25T16:56:11,3,9996,0,9999
2024-04-25T17:12:22,3,9996,0,9999
2024-04-25T17:28:34,3,9996,0,9999
2024-04-25T17:44:45,3,9996,0,9999
2024-04-25T18:00:56,3,9996,0,9999
2024-04-25T18:17:06,3,9996,0,9999
2024-04-25T18:33:16,3,9996,0,9999
2024-04-25T18:49:27,3,9996,0,9999
2024-04-25T19:05:50,3,9996,0,9999
2024-04-25T19:22:00,3,9996,0,9999
2024-04-25T19:38:10,3,9996,0,9999
2024-04-25T19:54:19,3,9996,0,9999
2024-04-25T20:10:41,3,9996,0,9999
2024-04-25T20:26:51,3,9996,0,9999
2024-04-25T20:43:01,3,9996,0,9999
2024-04-25T20:59:12,3,9996,0,9999
2024-04-25T21:15:23,3,9996,0,9999
2024-04-25T21:31:44,3,9996,0,9999
2024-04-25T21:47:56,3,9996,0,9999
2024-04-25T22:04:08,3,9996,0,9999
2024-04-25T22:20:19,3,9996,0,9999
2024-04-25T22:36:29,3,9996,0,9999
2024-04-25T22:52:39,3,9996,0,9999
2024-04-25T23:08:51,3,9996,0,9999
2024-04-25T23:25:03,3,9996,0,9999
2024-04-25T23:41:14,3,9996,0,9999
2024-04-25T23:57:25,3,9996,0,9999
2024-04-26T00:13:52,3,9996,0,9999
2024-04-26T00:30:09,3,9996,0,9999
2024-04-26T00:46:27,3,9996,0,9999
2024-04-26T01:02:41,3,9996,0,9999
2024-04-26T01:18:54,3,9996,0,9999
2024-04-26T01:35:08,3,9996,0,9999
2024-04-26T01:51:21,3,9996,0,9999
2024-04-26T02:07:33,3,9996,0,9999
2024-04-26T02:23:45,3,9996,0,9999
2024-04-26T02:39:56,3,9996,0,9999
2024-04-26T02:56:08,3,9996,0,9999
2024-04-26T03:12:30,3,9996,0,9999
2024-04-26T03:29:02,3,9996,0,9999
2024-04-26T03:45:14,3,9996,0,9999
2024-04-26T04:01:26,3,9996,0,9999
2024-04-26T04:24:13,3,9996,0,9999
2024-04-26T04:42:05,3,9996,0,9999
2024-04-26T04:58:19,3,9996,0,9999
2024-04-26T05:14:40,3,9996,0,9999
2024-04-26T05:30:53,3,9996,0,9999
2024-04-26T05:47:06,3,9996,0,9999
2024-04-26T06:03:19,3,9996,0,9999
2024-04-26T06:19:37,3,9996,0,9999
2024-04-26T06:35:49,3,9996,0,9999
2024-04-26T06:52:01,3,9996,0,9999
2024-04-26T07:08:12,3,9996,0,9999
2024-04-26T07:24:23,3,9996,0,9999
2024-04-26T07:40:39,3,9996,0,9999
2024-04-26T07:56:49,3,9996,0,9999
2024-04-26T08:13:02,3,9996,0,9999
2024-04-26T08:29:28,3,9996,0,9999
2024-04-26T08:45:38,3,9996,0,9999
2024-04-26T09:01:49,3,9996,0,9999
2024-04-26T09:17:59,3,9996,0,9999
2024-04-26T09:34:11,3,9996,0,9999
2024-04-26T09:50:21,3,9996,0,9999
2024-04-26T10:06:32,3,9996,0,9999
2024-04-26T10:22:43,3,9996,0,9999
2024-04-26T10:38:54,3,9996,0,9999
2024-04-26T10:55:04,3,9996,0,9999
2024-04-26T11:11:27,3,9996,0,9999
2024-04-26T11:27:37,3,9996,0,9999
2024-04-26T11:43:49,3,9996,0,9999
2024-04-26T11:59:58,3,9996,0,9999
2024-04-26T12:16:09,3,9996,0,9999
2024-04-26T12:32:20,3,9996,0,9999
2024-04-26T12:48:31,3,9996,0,9999
2024-04-26T13:04:54,3,9996,0,9999
2024-04-26T13:21:06,3,9996,0,9999
2024-04-26T13:37:17,3,9996,0,9999
2024-04-26T13:53:27,3,9996,0,9999
2024-04-26T14:09:38,3,9996,0,9999
2024-04-26T14:25:49,3,9996,0,9999
2024-04-26T14:42:00,3,9996,0,9999
2024-04-26T14:58:10,3,9996,0,9999
2024-04-26T15:14:35,3,9996,0,9999
2024-04-26T15:30:46,3,9996,0,9999
2024-04-26T15:46:56,3,9996,0,9999
2024-04-26T16:03:11,3,9996,0,9999
2024-04-26T16:19:21,3,9996,0,9999
2024-04-26T16:35:52,3,9996,0,9999
2024-04-26T16:52:03,3,9996,0,9999
2024-04-26T17:08:14,3,9996,0,9999
2024-04-26T17:24:28,3,9996,0,9999
2024-04-26T17:40:41,3,9996,0,9999
2024-04-26T17:56:52,3,9996,0,9999
2024-04-26T18:13:02,3,9996,0,9999
2024-04-26T18:29:13,3,9996,0,9999
2024-04-26T18:45:24,3,9996,0,9999
2024-04-26T19:01:34,3,9996,0,9999
2024-04-26T19:17:44,3,9996,0,9999
2024-04-26T19:34:05,3,9996,0,9999
2024-04-26T19:50:15,3,9996,0,9999
2024-04-26T20:06:28,3,9996,0,9999
2024-04-26T20:22:38,3,9996,0,9999
2024-04-26T20:38:48,3,9996,0,9999
2024-04-26T20:54:58,3,9996,0,9999
2024-04-26T21:11:08,3,9996,0,9999
2024-04-26T21:27:19,3,9996,0,9999
2024-04-26T21:43:31,3,9996,0,9999
2024-04-27T00:04:37,3,9996,0,9999
2024-04-27T00:20:54,3,9996,0,9999
2024-04-27T00:37:12,3,9996,0,9999
2024-04-27T00:53:39,3,9996,0,9999
2024-04-27T01:09:50,3,9996,0,9999
2024-04-27T01:26:01,3,9996,0,9999
2024-04-27T01:42:14,3,9996,0,9999
2024-04-27T01:58:25,3,9996,0,9999
2024-04-27T02:14:36,3,9996,0,9999
2024-04-27T02:30:47,3,9996,0,9999
2024-04-27T02:46:57,3,9996,0,9999
2024-04-27T03:03:06,3,9996,0,9999
2024-04-27T03:19:17,3,9996,0,9999
2024-04-27T03:35:28,3,9996,0,9999
2024-04-27T03:51:41,3,9996,0,9999
2024-04-27T04:07:54,3,9996,0,9999
2024-04-27T04:23:21,3,9996,0,9999
2024-04-27T04:39:32,3,9996,0,9999
2024-04-27T04:57:42,3,9996,0,9999
2024-04-27T05:14:19,3,9996,0,9999
2024-04-27T05:30:33,3,9996,0,9999
2024-04-27T05:46:44,3,9996,0,9999
2024-04-27T06:02:56,3,9996,0,9999
2024-04-27T06:19:08,3,9996,0,9999
2024-04-27T06:35:20,3,9996,0,9999
2024-04-27T06:51:31,3,9996,0,9999
2024-04-27T07:07:42,3,9996,0,9999
2024-04-27T07:24:01,3,9996,0,9999
2024-04-27T07:40:13,3,9996,0,9999
2024-04-27T07:56:24,3,9996,0,9999
2024-04-27T08:12:35,3,9996,0,9999
2024-04-27T08:28:45,3,9996,0,9999
2024-04-27T08:44:56,3,9996,0,9999
2024-04-27T09:01:06,3,9996,0,9999
2024-04-27T09:17:16,3,9996,0,9999
2024-04-27T09:33:26,3,9996,0,9999
2024-04-27T09:49:36,3,9996,0,9999
2024-04-27T10:05:46,3,9996,0,9999
2024-04-27T10:22:06,3,9996,0,9999
2024-04-27T10:38:16,3,9996,0,9999
2024-04-27T10:54:26,3,9996,0,9999
2024-04-27T11:10:37,3,9996,0,9999
2024-04-27T11:26:47,3,9996,0,9999
2024-04-27T11:42:58,3,9996,0,9999
2024-04-27T11:59:07,3,9996,0,9999
2024-04-27T12:15:16,3,9996,0,9999
2024-04-27T12:31:25,3,9996,0,9999
2024-04-27T12:47:34,3,9996,0,9999
2024-04-27T13:03:42,3,9996,0,9999
2024-04-27T13:19:53,3,9996,0,9999
2024-04-27T13:36:12,3,9996,0,9999
2024-04-27T13:52:20,3,9996,0,9999
2024-04-27T14:08:29,3,9996,0,9999
2024-04-27T14:24:38,3,9996,0,9999
2024-04-27T14:40:47,3,9996,0,9999
2024-04-27T14:56:56,3,9996,0,9999
2024-04-27T15:13:08,3,9996,0,9999
2024-04-27T15:29:18,3,9996,0,9999
2024-04-27T15:45:26,3,9996,0,9999
2024-04-27T16:01:35,3,9996,0,9999
2024-04-27T16:17:43,3,9996,0,9999
2024-04-27T16:34:02,3,9996,0,9999
2024-04-27T16:50:11,3,9996,0,9999
2024-04-27T17:06:20,3,9996,0,9999
2024-04-27T17:22:30,3,9996,0,9999
2024-04-27T17:38:39,3,9996,0,9999
2024-04-27T17:54:48,3,9996,0,9999
2024-04-27T18:10:57,3,9996,0,9999
2024-04-27T18:27:05,3,9996,0,9999
2024-04-27T18:43:15,3,9996,0,9999
2024-04-27T18:59:24,3,9996,0,9999
2024-04-27T19:15:35,3,9996,0,9999
2024-04-27T19:31:44,3,9996,0,9999
2024-04-27T19:47:54,3,9996,0,9999
2024-04-27T20:04:03,3,9996,0,9999
2024-04-27T20:20:11,3,9996,0,9999
2024-04-27T20:36:30,3,9996,0,9999
2024-04-27T20:52:39,3,9996,0,9999
2024-04-27T21:08:48,3,9996,0,9999
2024-04-27T21:24:57,3,9996,0,9999
2024-04-27T21:41:06,3,9996,0,9999
2024-04-27T21:57:17,3,9996,0,9999
2024-04-27T22:13:27,3,9996,0,9999
2024-04-27T22:29:36,3,9996,0,9999
2024-04-27T22:45:47,3,9996,0,9999
2024-04-27T23:01:55,3,9996,0,9999
2024-04-27T23:18:05,3,9996,0,9999
2024-04-27T23:34:14,3,9996,0,9999
2024-04-27T23:50:24,3,9996,0,9999
2024-04-28T00:06:42,3,9996,0,9999
2024-04-28T00:22:55,3,9996,0,9999
2024-04-28T00:39:02,3,9996,0,9999
2024-04-28T00:55:09,3,9996,0,9999
2024-04-28T01:11:17,3,9996,0,9999
2024-04-28T04:37:25,3,9996,0,9999
2024-04-28T04:53:41,3,9996,0,9999
2024-04-28T05:10:21,3,9996,0,9999
2024-04-28T05:26:35,3,9996,0,9999
2024-04-28T05:42:50,3,9996,0,9999
2024-04-28T05:59:09,3,9996,0,9999
2024-04-28T06:15:29,3,9996,0,9999
2024-04-28T06:31:43,3,9996,0,9999
2024-04-28T06:47:56,3,9996,0,9999
2024-04-28T07:04:09,3,9996,0,9999
2024-04-28T07:20:21,3,9996,0,9999
2024-04-28T07:36:35,3,9996,0,9999
2024-04-28T07:52:51,3,9996,0,9999
2024-04-28T08:09:13,3,9996,0,9999
2024-04-28T08:25:27,3,9996,0,9999
2024-04-28T08:41:46,3,9996,0,9999
2024-04-28T08:58:03,3,9996,0,9999
2024-04-28T09:14:22,3,9996,0,9999
2024-04-28T09:30:38,3,9996,0,9999
2024-04-28T09:46:57,3,9996,0,9999
2024-04-28T10:03:12,3,9996,0,9999
2024-04-28T10:19:31,3,9996,0,9999
2024-04-28T10:35:44,3,9996,0,9999
2024-04-28T10:51:55,3,9996,0,9999
2024-04-28T11:08:04,3,9996,0,9999
2024-04-28T11:24:13,3,9996,0,9999
2024-04-28T11:40:23,3,9996,0,9999
2024-04-28T11:56:33,3,9996,0,9999
2024-04-28T12:12:42,3,9996,0,9999
2024-04-28T12:29:02,3,9996,0,9999
2024-04-28T12:45:10,3,9996,0,9999
2024-04-28T13:01:20,3,9996,0,9999
2024-04-28T13:17:30,3,9996,0,9999
2024-04-28T13:33:40,3,9996,0,9999
2024-04-28T13:49:49,3,9996,0,9999
2024-04-28T14:05:58,3,9996,0,9999
2024-04-28T14:22:07,3,9996,0,9999
2024-04-28T14:38:16,3,9996,0,9999
2024-04-28T14:54:25,3,9996,0,9999
2024-04-28T15:10:35,3,9996,0,9999
2024-04-28T15:26:56,3,9996,0,9999
2024-04-28T15:43:05,3,9996,0,9999
2024-04-28T15:59:14,3,9996,0,9999
2024-04-28T16:15:24,3,9996,0,9999
2024-04-28T16:31:35,3,9996,0,9999
2024-04-28T16:47:45,3,9996,0,9999
2024-04-28T17:03:54,3,9996,0,9999
2024-04-28T17:20:04,3,9996,0,9999
2024-04-28T17:36:14,3,9996,0,9999
2024-04-28T17:52:23,3,9996,0,9999
2024-04-28T18:08:34,3,9996,0,9999
2024-04-28T18:24:44,3,9996,0,9999
2024-04-28T18:41:06,3,9996,0,9999
2024-04-28T18:57:17,3,9996,0,9999
2024-04-28T19:13:30,3,9996,0,9999
2024-04-28T19:29:41,3,9996,0,9999
2024-04-28T19:45:51,3,9996,0,9999
2024-04-28T20:02:01,3,9996,0,9999
2024-04-28T20:18:12,3,9996,0,9999
2024-04-28T20:34:22,3,9996,0,9999
2024-04-28T20:50:32,3,9996,0,9999
2024-04-28T21:06:41,3,9996,0,9999
2024-04-28T21:22:53,3,9996,0,9999
2024-04-28T21:39:06,3,9996,0,9999
2024-04-28T21:55:20,3,9996,0,9999
2024-04-28T22:11:42,3,9996,0,9999
2024-04-28T22:27:52,3,9996,0,9999
2024-04-28T22:44:02,3,9996,0,9999
2024-04-28T23:00:11,3,9996,0,9999
2024-04-28T23:16:23,3,9996,0,9999
2024-04-28T23:32:34,3,9996,0,9999
2024-04-28T23:48:44,3,9996,0,9999
2024-04-29T00:04:58,3,9996,0,9999
2024-04-29T00:21:17,3,9996,0,9999
2024-04-29T00:37:35,3,9996,0,9999
2024-04-29T00:53:51,3,9996,0,9999
2024-04-29T01:10:08,3,9996,0,9999
2024-04-29T01:26:22,3,9996,0,9999
2024-04-29T01:42:34,3,9996,0,9999
2024-04-29T01:58:45,3,9996,0,9999
2024-04-29T02:14:58,3,9996,0,9999
2024-04-29T02:31:17,3,9996,0,9999
2024-04-29T02:47:29,3,9996,0,9999
2024-04-29T03:03:40,3,9996,0,9999
2024-04-29T03:19:52,3,9996,0,9999
2024-04-29T03:36:05,3,9996,0,9999
2024-04-29T03:52:18,3,9996,0,9999
2024-04-29T04:08:30,3,9996,0,9999
2024-04-29T04:30:44,3,9996,0,9999
2024-04-29T04:48:08,3,9996,0,9999
2024-04-29T05:04:41,3,9996,0,9999
2024-04-29T05:20:55,3,9996,0,9999
2024-04-29T05:37:08,3,9996,0,9999
2024-04-29T05:53:23,3,9996,0,9999
2024-04-29T06:09:35,3,9996,0,9999
2024-04-29T06:25:51,3,9996,0,9999
2024-04-29T06:42:00,3,9996,0,9999
2024-04-29T06:58:10,3,9996,0,9999
2024-04-29T07:14:20,3,9996,0,9999
2024-04-29T07:30:29,3,9996,0,9999
2024-04-29T07:46:39,3,9996,0,9999
2024-04-29T08:02:48,3,9996,0,9999
2024-04-29T08:18:59,3,9996,0,9999
2024-04-29T08:35:09,3,9996,0,9999
2024-04-29T08:51:20,3,9996,0,9999
2024-04-29T09:07:33,3,9996,0,9999
2024-04-29T09:23:54,3,9996,0,9999
2024-04-29T09:40:05,3,9996,0,9999
2024-04-29T09:56:15,3,9996,0,9999
2024-04-29T10:12:25,3,9996,0,9999
2024-04-29T10:28:36,3,9996,0,9999
2024-04-29T10:44:46,3,9996,0,9999
2024-04-29T11:00:56,3,9996,0,9999
2024-04-29T11:17:07,3,9996,0,9999
2024-04-29T11:33:27,3,9996,0,9999
2024-04-29T11:49:41,3,9996,0,9999
2024-04-29T12:05:51,3,9996,0,9999
2024-04-29T12:22:04,3,9996,0,9999
2024-04-29T12:38:24,3,9996,0,9999
2024-04-29T12:54:34,3,9996,0,9999
2024-04-29T13:10:44,3,9996,0,9999
2024-04-29T13:26:54,3,9996,0,9999
2024-04-29T13:43:04,3,9996,0,9999
2024-04-29T13:59:25,3,9996,0,9999
2024-04-29T14:15:35,3,9996,0,9999
2024-04-29T14:31:45,3,9996,0,9999
2024-04-29T14:47:55,3,9996,0,9999
2024-04-29T15:04:05,3,9996,0,9999
2024-04-29T15:20:27,3,9996,0,9999
2024-04-29T15:36:38,3,9996,0,9999
2024-04-29T15:52:48,3,9996,0,9999
2024-04-29T16:08:57,3,9996,0,9999
2024-04-29T16:25:07,3,9996,0,9999
2024-04-29T16:41:17,3,9996,0,9999
2024-04-29T16:57:26,3,9996,0,9999
2024-04-29T17:13:40,3,9996,0,9999
2024-04-29T17:30:12,3,9996,0,9999
2024-04-29T17:46:22,3,9996,0,9999
2024-04-29T18:02:32,3,9996,0,9999
2024-04-29T18:18:42,3,9996,0,9999
2024-04-29T18:34:52,3,9996,0,9999
2024-04-29T18:51:03,3,9996,0,9999
2024-04-29T19:07:14,3,9996,0,9999
2024-04-29T19:23:24,3,9996,0,9999
2024-04-29T19:39:34,3,9996,0,9999
2024-04-29T19:55:44,3,9996,0,9999
2024-04-29T20:12:03,3,9996,0,9999
2024-04-29T20:28:26,3,9996,0,9999
2024-04-29T20:44:36,3,9996,0,9999
2024-04-29T21:00:46,3,9996,0,9999
2024-04-29T21:16:59,3,9996,0,9999
2024-04-29T21:33:12,3,9996,0,9999
2024-04-29T21:49:23,3,9996,0,9999
2024-04-29T22:05:34,3,9996,0,9999
2024-04-29T22:21:45,3,9996,0,9999
2024-04-29T22:37:55,3,9996,0,9999
2024-04-29T22:54:06,3,9996,0,9999
2024-04-29T23:10:17,3,9996,0,9999
2024-04-29T23:26:28,3,9996,0,9999
2024-04-29T23:42:48,3,9996,0,9999
2024-04-29T23:59:00,3,9996,0,9999
2024-04-30T00:15:17,3,9996,0,9999
2024-04-30T00:31:37,3,9996,0,9999
2024-04-30T00:47:54,3,9996,0,9999
2024-04-30T01:04:09,3,9996,0,9999
2024-04-30T01:20:22,3,9996,0,9999
2024-04-30T01:36:33,3,9996,0,9999
2024-04-30T01:52:46,3,9996,0,9999
2024-04-30T02:08:57,3,9996,0,9999
2024-04-30T02:25:09,3,9996,0,9999
2024-04-30T02:41:19,3,9996,0,9999
2024-04-30T02:57:40,3,9996,0,9999
2024-04-30T03:13:53,3,9996,0,9999
2024-04-30T03:30:06,3,9996,0,9999
2024-04-30T03:46:22,3,9996,0,9999
2024-04-30T04:02:37,3,9996,0,9999
2024-04-30T10:06:39,3,9996,0,9999
2024-05-01T14:38:04,3,9996,0,9999
2024-05-02T12:54:41,3,9996,0,9999
2024-05-02T13:10:51,3,9996,0,9999
2024-05-02T13:27:10,3,9996,0,9999
2024-05-02T13:43:21,3,9996,0,9999
2024-05-02T13:59:30,3,9996,0,9999
2024-05-02T14:15:42,3,9996,0,9999
2024-05-02T14:31:52,3,9996,0,9999
2024-05-02T14:48:00,3,9996,0,9999
2024-05-02T15:04:09,3,9996,0,9999
2024-05-02T15:20:32,3,9996,0,9999
2024-05-02T15:36:39,3,9996,0,9999
2024-05-02T15:52:47,3,9996,0,9999
2024-05-02T16:08:56,3,9996,0,9999
2024-05-02T16:25:05,3,9996,0,9999
2024-05-02T16:41:23,3,9996,0,9999
2024-05-02T16:57:31,3,9996,0,9999
2024-05-02T17:13:42,3,9996,0,9999
2024-05-02T17:29:53,3,9996,0,9999
2024-05-02T17:46:03,3,9996,0,9999
2024-05-02T18:02:12,3,9996,0,9999
2024-05-02T18:18:21,3,9996,0,9999
2024-05-02T18:34:38,3,9996,0,9999
2024-05-02T18:50:47,3,9996,0,9999
2024-05-02T19:06:56,3,9996,0,9999
2024-05-02T19:23:05,3,9996,0,9999
2024-05-02T19:39:13,3,9996,0,9999
2024-05-02T19:55:24,3,9996,0,9999
2024-05-02T20:11:33,3,9996,0,9999
2024-05-02T20:27:46,3,9996,0,9999
2024-05-02T20:43:54,3,9996,0,9999
2024-05-02T21:00:11,3,9996,0,9999
2024-05-02T21:16:20,3,9996,0,9999
2024-05-02T21:32:29,3,9996,0,9999
2024-05-02T21:48:38,3,9996,0,9999
2024-05-02T22:04:46,3,9996,0,9999
2024-05-02T22:20:53,3,9996,0,9999
2024-05-02T22:37:01,3,9996,0,9999
2024-05-02T22:53:09,3,9996,0,9999
2024-05-02T23:09:18,3,9996,0,9999
2024-05-02T23:25:39,3,9996,0,9999
2024-05-02T23:41:49,3,9996,0,9999
2024-05-02T23:57:59,3,9996,0,9999
2024-05-03T00:14:11,3,9996,0,9999
2024-05-03T00:30:24,3,9996,0,9999
2024-05-03T00:46:35,3,9996,0,9999
2024-05-03T01:02:48,3,9996,0,9999
2024-05-03T01:19:02,3,9996,0,9999
2024-05-03T01:35:14,3,9996,0,9999
2024-05-03T01:51:26,3,9996,0,9999
2024-05-03T02:07:37,3,9996,0,9999
2024-05-03T02:24:06,3,9996,0,9999
2024-05-03T02:40:16,3,9996,0,9999
2024-05-03T02:56:27,3,9996,0,9999
2024-05-03T03:12:37,3,9996,0,9999
2024-05-03T03:28:49,3,9996,0,9999
2024-05-03T03:45:16,3,9996,0,9999
2024-05-03T04:01:27,3,9996,0,9999
2024-05-03T04:26:28,3,9996,0,9999
2024-05-03T04:43:05,3,9996,0,9999
2024-05-03T04:59:17,3,9996,0,9999
2024-05-03T05:15:33,3,9996,0,9999
2024-05-03T05:33:38,3,9996,0,9999
2024-05-03T05:49:53,3,9996,0,9999
2024-05-03T06:06:06,3,9996,0,9999
2024-05-03T06:22:18,3,9996,0,9999
2024-05-03T06:38:31,3,9996,0,9999
2024-05-03T06:54:44,3,9996,0,9999
2024-05-03T07:10:57,3,9996,0,9999
2024-05-03T07:27:10,3,9996,0,9999
2024-05-03T07:43:22,3,9996,0,9999
2024-05-03T07:59:34,3,9996,0,9999
2024-05-03T08:15:56,3,9996,0,9999
2024-05-03T08:32:06,3,9996,0,9999
2024-05-03T08:48:16,3,9996,0,9999
2024-05-03T09:04:29,3,9996,0,9999
2024-05-03T09:20:40,3,9996,0,9999
2024-05-03T09:36:57,3,9996,0,9999
2024-05-03T09:53:09,3,9996,0,9999
2024-05-03T10:09:19,3,9996,0,9999
2024-05-03T10:25:32,3,9996,0,9999
2024-05-03T10:41:54,3,9996,0,9999
2024-05-03T10:58:04,3,9996,0,9999
2024-05-03T11:14:16,3,9996,0,9999
2024-05-03T11:30:31,3,9996,0,9999
2024-05-03T11:46:42,3,9996,0,9999
2024-05-03T12:02:53,3,9996,0,9999
2024-05-03T12:19:03,3,9996,0,9999
2024-05-03T12:35:26,3,9996,0,9999
2024-05-03T12:51:36,3,9996,0,9999
2024-05-03T13:07:47,3,9996,0,9999
2024-05-03T13:23:57,3,9996,0,9999
2024-05-03T13:40:07,3,9996,0,9999
2024-05-03T13:56:16,3,9996,0,9999
2024-05-03T14:12:27,3,9996,0,9999
2024-05-03T14:28:37,3,9996,0,9999
2024-05-03T14:44:59,3,9996,0,9999
2024-05-03T15:01:09,3,9996,0,9999
2024-05-03T15:17:20,3,9996,0,9999
2024-05-03T15:33:29,3,9996,0,9999
2024-05-03T15:49:39,3,9996,0,9999
2024-05-03T16:05:49,3,9996,0,9999
2024-05-03T16:22:09,3,9996,0,9999
2024-05-03T16:38:20,3,9996,0,9999
2024-05-03T16:54:30,3,9996,0,9999
2024-05-03T17:10:43,3,9996,0,9999
2024-05-03T17:26:55,3,9996,0,9999
2024-05-03T17:43:07,3,9996,0,9999
2024-05-03T17:59:19,3,9996,0,9999
2024-05-03T18:15:30,3,9996,0,9999
2024-05-03T18:31:41,3,9996,0,9999
2024-05-03T18:48:01,3,9996,0,9999
2024-05-03T19:04:12,3,9996,0,9999
2024-05-03T19:20:22,3,9996,0,9999
2024-05-03T19:36:32,3,9996,0,9999
2024-05-03T19:52:42,3,9996,0,9999
2024-05-03T20:09:02,3,9996,0,9999
2024-05-03T20:25:13,3,9996,0,9999
2024-05-03T20:41:24,3,9996,0,9999
2024-05-03T20:57:35,3,9996,0,9999
2024-05-03T21:13:46,3,9996,0,9999
2024-05-03T21:29:57,3,9996,0,9999
2024-05-03T21:46:18,3,9996,0,9999
2024-05-03T22:02:29,3,9996,0,9999
2024-05-03T22:18:39,3,9996,0,9999
2024-05-03T22:34:50,3,9996,0,9999
2024-05-03T22:51:00,3,9996,0,9999
2024-05-03T23:07:11,3,9996,0,9999
2024-05-03T23:23:23,3,9996,0,9999
2024-05-03T23:39:41,3,9996,0,9999
2024-05-03T23:55:52,3,9996,0,9999
2024-05-04T00:12:05,3,9996,0,9999
2024-05-04T00:28:28,3,9996,0,9999
2024-05-04T00:44:53,3,9996,0,9999
2024-05-04T01:01:07,3,9996,0,9999
2024-05-04T01:17:20,3,9996,0,9999
2024-05-04T01:33:32,3,9996,0,9999
2024-05-04T01:49:43,3,9996,0,9999
2024-05-04T02:06:01,3,9996,0,9999
2024-05-04T02:22:12,3,9996,0,9999
2024-05-04T02:38:22,3,9996,0,9999
2024-05-04T02:54:33,3,9996,0,9999
2024-05-04T03:10:48,3,9996,0,9999
2024-05-04T03:27:04,3,9996,0,9999
2024-05-04T03:43:18,3,9996,0,9999
2024-05-04T03:59:32,3,9996,0,9999
2024-05-04T04:25:29,3,9996,0,9999
2024-05-04T04:42:57,3,9996,0,9999
2024-05-04T04:59:30,3,9996,0,9999
2024-05-04T05:15:45,3,9996,0,9999
2024-05-04T05:32:00,3,9996,0,9999
2024-05-04T05:48:13,3,9996,0,9999
2024-05-04T06:04:26,3,9996,0,9999
2024-05-04T06:20:41,3,9996,0,9999
2024-05-04T06:36:53,3,9996,0,9999
2024-05-04T06:53:22,3,9996,0,9999
2024-05-04T07:09:35,3,9996,0,9999
2024-05-04T07:25:49,3,9996,0,9999
2024-05-04T07:42:01,3,9996,0,9999
2024-05-04T07:58:12,3,9996,0,9999
2024-05-04T08:14:24,3,9996,0,9999
2024-05-04T08:30:35,3,9996,0,9999
2024-05-04T08:46:46,3,9996,0,9999
2024-05-04T09:02:58,3,9996,0,9999
2024-05-04T09:19:10,3,9996,0,9999
2024-05-04T09:35:21,3,9996,0,9999
2024-05-04T09:51:34,3,9996,0,9999
2024-05-04T10:07:49,3,9996,0,9999
2024-05-04T10:24:18,3,9996,0,9999
2024-05-04T10:40:30,3,9996,0,9999
2024-05-04T10:56:41,3,9996,0,9999
2024-05-04T11:12:53,3,9996,0,9999
2024-05-04T11:29:03,3,9996,0,9999
2024-05-04T11:45:13,3,9996,0,9999
2024-05-04T12:01:23,3,9996,0,9999
2024-05-04T12:17:34,3,9996,0,9999
2024-05-04T12:33:44,3,9996,0,9999
2024-05-04T12:50:13,3,9996,0,9999
2024-05-04T13:06:23,3,9996,0,9999
2024-05-04T13:22:33,3,9996,0,9999
2024-05-04T13:38:43,3,9996,0,9999
2024-05-04T13:54:55,3,9996,0,9999
2024-05-04T14:11:05,3,9996,0,9999
2024-05-04T14:27:14,3,9996,0,9999
2024-05-04T14:43:24,3,9996,0,9999
2024-05-04T14:59:34,3,9996,0,9999
2024-05-04T15:15:44,3,9996,0,9999
2024-05-04T15:31:54,3,9996,0,9999
2024-05-04T15:48:15,3,9996,0,9999
2024-05-04T16:04:28,3,9996,0,9999
2024-05-04T16:20:38,3,9996,0,9999
2024-05-04T16:36:48,3,9996,0,9999
2024-05-04T16:52:59,3,9996,0,9999
2024-05-04T17:09:12,3,9996,0,9999
2024-05-04T17:25:23,3,9996,0,9999
2024-05-04T17:41:33,3,9996,0,9999
2024-05-04T17:57:43,3,9996,0,9999
2024-05-04T18:13:53,3,9996,0,9999
2024-05-04T18:30:04,3,9996,0,9999
2024-05-04T18:46:14,3,9996,0,9999
2024-05-04T19:02:41,3,9996,0,9999
2024-05-04T19:18:51,3,9996,0,9999
2024-05-04T19:35:01,3,9996,0,9999
2024-05-04T19:51:10,3,9996,0,9999
2024-05-04T20:07:21,3,9996,0,9999
2024-05-04T20:23:31,3,9996,0,9999
2024-05-04T20:39:42,3,9996,0,9999
2024-05-04T20:55:52,3,9996,0,9999
2024-05-04T21:12:04,3,9996,0,9999
2024-05-04T21:28:15,3,9996,0,9999
2024-05-04T21:44:25,3,9996,0,9999
2024-05-04T22:00:37,3,9996,0,9999
2024-05-04T22:16:56,3,9996,0,9999
2024-05-04T22:33:08,3,9996,0,9999
2024-05-04T22:49:19,3,9996,0,9999
2024-05-04T23:05:30,3,9996,0,9999
2024-05-04T23:21:41,3,9996,0,9999
2024-05-04T23:37:51,3,9996,0,9999
2024-05-04T23:54:01,3,9996,0,9999
2024-05-05T00:10:15,3,9996,0,9999
2024-05-05T00:26:35,3,9996,0,9999
2024-05-05T00:42:49,3,9996,0,9999
2024-05-05T00:59:00,3,9996,0,9999
2024-05-05T01:15:14,3,9996,0,9999
2024-05-05T01:31:46,3,9996,0,9999
2024-05-05T01:48:01,3,9996,0,9999
2024-05-05T02:04:14,3,9996,0,9999
2024-05-05T02:20:28,3,9996,0,9999
2024-05-05T02:37:07,3,9996,0,9999
2024-05-05T02:53:22,3,9996,0,9999
2024-05-05T03:09:37,3,9996,0,9999
2024-05-05T03:25:52,3,9996,0,9999
2024-05-05T03:42:04,3,9996,0,9999
2024-05-05T03:58:16,3,9996,0,9999
2024-05-05T04:22:36,3,9996,0,9999
2024-05-05T04:39:10,3,9996,0,9999
2024-05-05T04:55:24,3,9996,0,9999
2024-05-05T05:11:40,3,9996,0,9999
2024-05-05T05:27:52,3,9996,0,9999
2024-05-05T05:44:06,3,9996,0,9999
2024-05-05T06:00:18,3,9996,0,9999
2024-05-05T06:16:32,3,9996,0,9999
2024-05-05T06:32:43,3,9996,0,9999
2024-05-05T06:48:54,3,9996,0,9999
2024-05-05T07:05:04,3,9996,0,9999
2024-05-05T07:21:19,3,9996,0,9999
2024-05-05T07:37:33,3,9996,0,9999
2024-05-05T07:53:47,3,9996,0,9999
2024-05-05T08:10:07,3,9996,0,9999
2024-05-05T08:26:19,3,9996,0,9999
2024-05-05T08:42:33,3,9996,0,9999
2024-05-05T08:58:48,3,9996,0,9999
2024-05-05T09:15:03,3,9996,0,9999
2024-05-05T09:31:18,3,9996,0,9999
2024-05-05T09:47:30,3,9996,0,9999
2024-05-05T10:03:44,3,9996,0,9999
2024-05-05T10:19:57,3,9996,0,9999
2024-05-05T10:36:09,3,9996,0,9999
2024-05-05T10:52:20,3,9996,0,9999
2024-05-05T11:08:30,3,9996,0,9999
2024-05-05T11:24:41,3,9996,0,9999
2024-05-05T11:40:52,3,9996,0,9999
2024-05-05T11:57:12,3,9996,0,9999
2024-05-05T12:13:24,3,9996,0,9999
2024-05-05T12:29:35,3,9996,0,9999
2024-05-05T12:45:44,3,9996,0,9999
2024-05-05T13:01:56,3,9996,0,9999
2024-05-05T13:18:07,3,9996,0,9999
2024-05-05T13:34:19,3,9996,0,9999
2024-05-05T13:50:32,3,9996,0,9999
2024-05-05T14:06:44,3,9996,0,9999
2024-05-05T14:23:07,3,9996,0,9999
2024-05-05T14:39:18,3,9996,0,9999
2024-05-05T14:55:32,3,9996,0,9999
2024-05-05T15:11:42,3,9996,0,9999
2024-05-05T15:27:56,3,9996,0,9999
2024-05-05T15:44:05,3,9996,0,9999
2024-05-05T16:00:16,3,9996,0,9999
2024-05-05T16:16:28,3,9996,0,9999
2024-05-05T16:32:49,3,9996,0,9999
2024-05-05T16:49:00,3,9996,0,9999
2024-05-05T17:05:10,3,9996,0,9999
2024-05-05T17:21:21,3,9996,0,9999
2024-05-05T17:37:31,3,9996,0,9999
2024-05-05T17:53:42,3,9996,0,9999
2024-05-05T18:09:53,3,9996,0,9999
2024-05-05T18:26:06,3,9996,0,9999
2024-05-05T18:42:18,3,9996,0,9999
2024-05-05T18:58:31,3,9996,0,9999
2024-05-05T19:14:57,3,9996,0,9999
2024-05-05T19:31:10,3,9996,0,9999
2024-05-05T19:47:21,3,9996,0,9999
2024-05-05T20:03:34,3,9996,0,9999
2024-05-05T20:19:44,3,9996,0,9999
2024-05-05T20:35:54,3,9996,0,9999
2024-05-05T20:52:04,3,9996,0,9999
2024-05-05T21:08:15,3,9996,0,9999
2024-05-05T21:24:31,3,9996,0,9999
2024-05-05T21:40:43,3,9996,0,9999
2024-05-05T21:56:55,3,9996,0,9999
2024-05-05T22:13:17,3,9996,0,9999
2024-05-05T22:29:28,3,9996,0,9999
2024-05-05T22:45:38,3,9996,0,9999
2024-05-05T23:01:50,3,9996,0,9999
2024-05-05T23:18:02,3,9996,0,9999
2024-05-05T23:34:16,3,9996,0,9999
2024-05-05T23:50:28,3,9996,0,9999
2024-05-06T00:06:42,3,9996,0,9999
2024-05-06T00:22:58,3,9996,0,9999
2024-05-06T00:39:16,3,9996,0,9999
2024-05-06T00:55:33,3,9996,0,9999
2024-05-06T01:11:46,3,9996,0,9999
2024-05-06T01:28:12,3,9996,0,9999
2024-05-06T01:44:36,3,9996,0,9999
2024-05-06T02:00:50,3,9996,0,9999
2024-05-06T02:17:04,3,9996,0,9999
2024-05-06T02:33:24,3,9996,0,9999
2024-05-06T02:49:35,3,9996,0,9999
2024-05-06T03:05:50,3,9996,0,9999
2024-05-06T03:22:08,3,9996,0,9999
2024-05-06T03:38:24,3,9996,0,9999
2024-05-06T03:54:38,3,9996,0,9999
2024-05-06T04:34:27,3,9996,0,9999
2024-05-06T04:52:06,3,9996,0,9999
2024-05-06T05:08:24,3,9996,0,9999
2024-05-06T05:24:42,3,9996,0,9999
2024-05-06T05:40:56,3,9996,0,9999
2024-05-06T05:57:10,3,9996,0,9999
2024-05-06T06:13:22,3,9996,0,9999
2024-05-06T06:29:36,3,9996,0,9999
2024-05-06T06:45:47,3,9996,0,9999
2024-05-06T07:02:02,3,9996,0,9999
2024-05-06T07:18:16,3,9996,0,9999
2024-05-06T07:34:26,3,9996,0,9999
2024-05-06T07:50:37,3,9996,0,9999
2024-05-06T08:07:04,3,9996,0,9999
2024-05-06T08:23:14,3,9996,0,9999
2024-05-06T08:39:28,3,9996,0,9999
2024-05-06T08:55:40,3,9996,0,9999
2024-05-06T09:11:53,3,9996,0,9999
2024-05-06T09:28:03,3,9996,0,9999
2024-05-06T09:44:19,3,9996,0,9999
2024-05-06T10:00:30,3,9996,0,9999
2024-05-06T10:16:42,3,9996,0,9999
2024-05-06T10:32:53,3,9996,0,9999
2024-05-06T10:49:04,3,9996,0,9999
2024-05-06T11:05:25,3,9996,0,9999
2024-05-06T11:21:35,3,9996,0,9999
2024-05-06T11:37:46,3,9996,0,9999
2024-05-06T11:53:56,3,9996,0,9999
2024-05-06T12:10:08,3,9996,0,9999
2024-05-06T12:26:22,3,9996,0,9999
2024-05-06T12:42:34,3,9996,0,9999
2024-05-06T12:58:55,3,9996,0,9999
2024-05-06T13:15:06,3,9996,0,9999
2024-05-06T13:31:16,3,9996,0,9999
2024-05-06T13:47:26,3,9996,0,9999
2024-05-06T14:03:41,3,9996,0,9999
2024-05-06T14:19:58,3,9996,0,9999
2024-05-06T14:36:10,3,9996,0,9999
2024-05-06T14:52:20,3,9996,0,9999
2024-05-06T15:08:30,3,9996,0,9999
2024-05-06T15:24:55,3,9996,0,9999
2024-05-06T15:41:08,3,9996,0,9999
2024-05-06T15:57:20,3,9996,0,9999
2024-05-06T16:13:32,3,9996,0,9999
2024-05-06T16:29:43,3,9996,0,9999
2024-05-06T16:45:54,3,9996,0,9999
2024-05-06T17:02:04,3,9996,0,9999
2024-05-06T17:18:27,3,9996,0,9999
2024-05-06T17:34:39,3,9996,0,9999
2024-05-06T17:50:50,3,9996,0,9999
2024-05-06T18:07:02,3,9996,0,9999
2024-05-06T18:23:13,3,9996,0,9999
2024-05-06T18:39:25,3,9996,0,9999
2024-05-06T18:55:35,3,9996,0,9999
2024-05-06T19:11:45,3,9996,0,9999
2024-05-06T19:27:56,3,9996,0,9999
2024-05-06T19:44:18,3,9996,0,9999
2024-05-06T20:00:28,3,9996,0,9999
2024-05-06T20:16:39,3,9996,0,9999
2024-05-06T20:32:50,3,9996,0,9999
2024-05-06T20:49:00,3,9996,0,9999
2024-05-06T21:05:11,3,9996,0,9999
2024-05-06T21:21:22,3,9996,0,9999
2024-05-06T21:37:33,3,9996,0,9999
2024-05-06T21:53:45,3,9996,0,9999
2024-05-06T22:09:56,3,9996,0,9999
2024-05-06T22:26:16,3,9996,0,9999
2024-05-06T22:42:26,3,9996,0,9999
2024-05-06T22:58:38,3,9996,0,9999
2024-05-06T23:14:50,3,9996,0,9999
2024-05-06T23:31:02,3,9996,0,9999
2024-05-06T23:47:13,3,9996,0,9999
2024-05-07T00:03:26,3,9996,0,9999
2024-05-07T00:19:40,3,9996,0,9999
2024-05-07T00:35:59,3,9996,0,9999
2024-05-07T00:52:15,3,9996,0,9999
2024-05-07T01:08:29,3,9996,0,9999
2024-05-07T01:24:41,3,9996,0,9999
2024-05-07T01:40:55,3,9996,0,9999
2024-05-07T01:57:16,3,9996,0,9999
2024-05-07T02:13:27,3,9996,0,9999
2024-05-07T02:29:38,3,9996,0,9999
2024-05-07T02:45:50,3,9996,0,9999
2024-05-07T03:02:08,3,9996,0,9999
2024-05-07T03:18:21,3,9996,0,9999
2024-05-07T03:34:33,3,9996,0,9999
2024-05-07T03:50:46,3,9996,0,9999
2024-05-07T04:06:58,3,9996,0,9999
2024-05-07T04:22:30,3,9996,0,9999
2024-05-07T04:40:16,3,9996,0,9999
2024-05-07T04:56:29,3,9996,0,9999
2024-05-07T05:12:51,3,9996,0,9999
2024-05-07T05:29:06,3,9996,0,9999
2024-05-07T05:45:20,3,9996,0,9999
2024-05-07T06:01:34,3,9996,0,9999
2024-05-07T06:17:48,3,9996,0,9999
2024-05-07T06:34:01,3,9996,0,9999
2024-05-07T06:50:12,3,9996,0,9999
2024-05-07T07:06:27,3,9996,0,9999
2024-05-07T07:22:40,3,9996,0,9999
2024-05-07T07:38:52,3,9996,0,9999
2024-05-07T07:55:03,3,9996,0,9999
2024-05-07T08:11:17,3,9996,0,9999
2024-05-07T08:27:30,3,9996,0,9999
2024-05-07T08:43:41,3,9996,0,9999
2024-05-07T09:00:01,3,9996,0,9999
2024-05-07T09:16:13,3,9996,0,9999
2024-05-07T09:32:26,3,9996,0,9999
2024-05-07T09:48:39,3,9996,0,9999
2024-05-07T10:04:50,3,9996,0,9999
2024-05-07T10:21:03,3,9996,0,9999
2024-05-07T10:37:16,3,9996,0,9999
2024-05-07T10:53:28,3,9996,0,9999
2024-05-07T11:09:45,3,9996,0,9999
2024-05-07T11:26:08,3,9996,0,9999
2024-05-07T11:42:18,3,9996,0,9999
2024-05-07T11:58:30,3,9996,0,9999
2024-05-07T12:14:43,3,9996,0,9999
2024-05-07T12:30:55,3,9996,0,9999
2024-05-07T12:47:05,3,9996,0,9999
2024-05-07T13:03:26,3,9996,0,9999
2024-05-07T13:19:36,3,9996,0,9999
2024-05-07T13:35:47,3,9996,0,9999
2024-05-07T13:51:59,3,9996,0,9999
2024-05-07T14:08:09,3,9996,0,9999
2024-05-07T14:24:19,3,9996,0,9999
2024-05-07T14:40:29,3,9996,0,9999
2024-05-07T14:56:40,3,9996,0,9999
2024-05-07T15:13:00,3,9996,0,9999
2024-05-07T15:29:11,3,9996,0,9999
2024-05-07T15:45:22,3,9996,0,9999
2024-05-07T16:01:32,3,9996,0,9999
2024-05-07T16:17:43,3,9996,0,9999
2024-05-07T16:33:53,3,9996,0,9999
2024-05-07T16:50:04,3,9996,0,9999
2024-05-07T17:06:24,3,9996,0,9999
2024-05-07T17:22:37,3,9996,0,9999
2024-05-07T17:38:49,3,9996,0,9999
2024-05-07T17:54:59,3,9996,0,9999
2024-05-07T18:11:10,3,9996,0,9999
2024-05-07T18:27:22,3,9996,0,9999
2024-05-07T18:43:32,3,9996,0,9999
2024-05-07T18:59:42,3,9996,0,9999
2024-05-07T19:16:03,3,9996,0,9999
2024-05-07T19:32:13,3,9996,0,9999
2024-05-07T19:48:23,3,9996,0,9999
2024-05-07T20:04:41,3,9996,0,9999
2024-05-07T20:20:51,3,9996,0,9999
2024-05-07T20:37:02,3,9996,0,9999
2024-05-07T20:53:12,3,9996,0,9999
2024-05-07T21:09:23,3,9996,0,9999
2024-05-07T21:25:35,3,9996,0,9999
2024-05-07T21:41:46,3,9996,0,9999
2024-05-07T21:58:06,3,9996,0,9999
2024-05-07T22:14:16,3,9996,0,9999
2024-05-07T22:30:27,3,9996,0,9999
2024-05-07T22:46:38,3,9996,0,9999
2024-05-07T23:02:48,3,9996,0,9999
2024-05-07T23:19:00,3,9996,0,9999
2024-05-07T23:35:12,3,9996,0,9999
2024-05-07T23:51:23,3,9996,0,9999
2024-05-08T00:07:39,3,9996,0,9999
2024-05-08T00:23:54,3,9996,0,9999
2024-05-08T00:40:12,3,9996,0,9999
2024-05-08T00:56:29,3,9996,0,9999
2024-05-08T01:12:46,3,9996,0,9999
2024-05-08T01:29:00,3,9996,0,9999
2024-05-08T01:45:23,3,9996,0,9999
2024-05-08T02:01:35,3,9996,0,9999
2024-05-08T02:17:46,3,9996,0,9999
2024-05-08T02:33:57,3,9996,0,9999
2024-05-08T02:50:07,3,9996,0,9999
2024-05-08T03:06:17,3,9996,0,9999
2024-05-08T03:22:28,3,9996,0,9999
2024-05-08T03:38:38,3,9996,0,9999
2024-05-08T03:54:48,3,9996,0,9999
2024-05-08T04:23:31,3,9996,0,9999
2024-05-08T04:40:05,3,9996,0,9999
2024-05-08T04:56:17,3,9996,0,9999
2024-05-08T05:12:29,3,9996,0,9999
2024-05-08T05:28:52,3,9996,0,9999
2024-05-08T05:45:07,3,9996,0,9999
2024-05-08T06:01:20,3,9996,0,9999
2024-05-08T06:17:32,3,9996,0,9999
2024-05-08T06:33:43,3,9996,0,9999
2024-05-08T06:49:55,3,9996,0,9999
2024-05-08T07:06:08,3,9996,0,9999
2024-05-08T07:22:23,3,9996,0,9999
2024-05-08T07:38:38,3,9996,0,9999
2024-05-08T07:54:50,3,9996,0,9999
2024-05-08T08:11:03,3,9996,0,9999
2024-05-08T08:27:17,3,9996,0,9999
2024-05-08T08:43:29,3,9996,0,9999
2024-05-08T09:27:57,3,9996,0,9999
2024-05-08T09:44:09,3,9996,0,9999
2024-05-08T10:00:21,3,9996,0,9999
2024-05-08T10:16:32,3,9996,0,9999
2024-05-08T10:32:43,3,9996,0,9999
2024-05-08T10:48:54,3,9996,0,9999
2024-05-08T11:05:03,3,9996,0,9999
2024-05-08T11:21:13,3,9996,0,9999
2024-05-08T11:37:29,3,9996,0,9999
2024-05-08T11:53:52,3,9996,0,9999
2024-05-08T12:10:01,3,9996,0,9999
2024-05-08T12:26:10,3,9996,0,9999
2024-05-08T12:42:18,3,9996,0,9999
2024-05-08T12:58:27,3,9996,0,9999
2024-05-08T13:14:38,3,9996,0,9999
2024-05-08T13:30:52,3,9996,0,9999
2024-05-08T13:47:11,3,9996,0,9999
2024-05-08T14:03:20,3,9996,0,9999
2024-05-08T14:19:29,3,9996,0,9999
2024-05-08T14:35:37,3,9996,0,9999
2024-05-08T14:51:47,3,9996,0,9999
2024-05-08T15:07:58,3,9996,0,9999
2024-05-08T15:24:10,3,9996,0,9999
2024-05-08T15:40:30,3,9996,0,9999
2024-05-08T15:56:40,3,9996,0,9999
2024-05-08T16:12:50,3,9996,0,9999
2024-05-08T16:28:59,3,9996,0,9999
2024-05-08T16:45:10,3,9996,0,9999
2024-05-08T17:01:21,3,9996,0,9999
2024-05-08T17:17:34,3,9996,0,9999
2024-05-08T17:33:44,3,9996,0,9999
2024-05-08T17:50:04,3,9996,0,9999
2024-05-08T18:06:14,3,9996,0,9999
2024-05-08T18:22:24,3,9996,0,9999
2024-05-08T18:38:34,3,9996,0,9999
2024-05-08T18:54:46,3,9996,0,9999
2024-05-08T19:10:56,3,9996,0,9999
2024-05-08T19:27:06,3,9996,0,9999
2024-05-08T19:43:16,3,9996,0,9999
2024-05-08T19:59:27,3,9996,0,9999
2024-05-08T20:15:43,3,9996,0,9999
2024-05-08T20:32:02,3,9996,0,9999
2024-05-08T20:48:11,3,9996,0,9999
2024-05-08T21:04:21,3,9996,0,9999
2024-05-08T21:20:33,3,9996,0,9999
2024-05-08T21:36:45,3,9996,0,9999
2024-05-08T21:52:58,3,9996,0,9999
2024-05-08T22:09:07,3,9996,0,9999
2024-05-08T22:25:13,3,9996,0,9999
2024-05-08T22:41:19,3,9996,0,9999
2024-05-08T22:57:25,3,9996,0,9999
2024-05-08T23:13:33,3,9996,0,9999
2024-05-08T23:29:49,3,9996,0,9999
2024-05-08T23:45:55,3,9996,0,9999
2024-05-09T00:02:05,3,9996,0,9999
2024-05-09T00:18:16,3,9996,0,9999
2024-05-09T00:34:27,3,9996,0,9999
2024-05-09T00:50:45,3,9996,0,9999
2024-05-09T01:07:00,3,9996,0,9999
2024-05-09T01:23:13,3,9996,0,9999
2024-05-09T01:39:29,3,9996,0,9999
2024-05-09T01:55:47,3,9996,0,9999
2024-05-09T02:11:59,3,9996,0,9999
2024-05-09T02:28:11,3,9996,0,9999
2024-05-09T02:44:23,3,9996,0,9999
2024-05-09T03:00:45,3,9996,0,9999
2024-05-09T03:16:57,3,9996,0,9999
2024-05-09T03:33:09,3,9996,0,9999
2024-05-09T03:49:20,3,9996,0,9999
2024-05-09T04:05:34,3,9996,0,9999
2024-05-09T04:30:20,3,9996,0,9999
2024-05-09T04:46:54,3,9996,0,9999
2024-05-09T05:03:08,3,9996,0,9999
2024-05-09T05:19:32,3,9996,0,9999
2024-05-09T05:35:46,3,9996,0,9999
2024-05-09T05:52:01,3,9996,0,9999
2024-05-09T06:08:13,3,9996,0,9999
2024-05-09T06:24:30,3,9996,0,9999
2024-05-09T06:40:44,3,9996,0,9999
2024-05-09T06:56:59,3,9996,0,9999
2024-05-09T07:13:17,3,9996,0,9999
2024-05-09T07:29:31,3,9996,0,9999
2024-05-09T07:45:44,3,9996,0,9999
2024-05-09T08:01:56,3,9996,0,9999
2024-05-09T08:18:11,3,9996,0,9999
2024-05-09T08:34:24,3,9996,0,9999
2024-05-09T08:50:48,3,9996,0,9999
2024-05-09T09:07:03,3,9996,0,9999
2024-05-09T09:23:15,3,9996,0,9999
2024-05-09T09:39:27,3,9996,0,9999
2024-05-09T09:55:39,3,9996,0,9999
2024-05-09T10:11:52,3,9996,0,9999
2024-05-09T10:28:05,3,9996,0,9999
2024-05-09T10:44:17,3,9996,0,9999
2024-05-09T11:00:29,3,9996,0,9999
2024-05-09T11:16:41,3,9996,0,9999
2024-05-09T11:32:54,3,9996,0,9999
2024-05-09T11:49:16,3,9996,0,9999
2024-05-09T12:05:30,3,9996,0,9999
2024-05-09T12:21:44,3,9996,0,9999
2024-05-09T12:37:57,3,9996,0,9999
2024-05-09T12:54:08,3,9996,0,9999
2024-05-09T13:10:20,3,9996,0,9999
2024-05-09T13:26:43,3,9996,0,9999
2024-05-09T13:42:55,3,9996,0,9999
2024-05-09T13:59:07,3,9996,0,9999
2024-05-09T14:15:20,3,9996,0,9999
2024-05-09T14:36:12,3,9996,0,9999
2024-05-09T14:52:25,3,9996,0,9999
2024-05-09T15:08:39,3,9996,0,9999
2024-05-09T15:25:06,3,9996,0,9999
2024-05-09T15:41:18,3,9996,0,9999
2024-05-09T15:57:30,3,9996,0,9999
2024-05-09T16:22:25,3,9996,0,9999
2024-05-09T16:38:36,3,9996,0,9999
2024-05-09T16:54:46,3,9996,0,9999
2024-05-09T17:11:17,3,9996,0,9999
2024-05-09T17:27:28,3,9996,0,9999
2024-05-09T17:42:38,3,9996,0,9999
2024-05-09T17:58:50,3,9996,0,9999
2024-05-09T18:15:03,3,9996,0,9999
2024-05-09T18:31:15,3,9996,0,9999
2024-05-09T18:47:27,3,9996,0,9999
2024-05-09T19:03:39,3,9996,0,9999
2024-05-09T19:19:52,3,9996,0,9999
2024-05-09T19:36:04,3,9996,0,9999
2024-05-09T19:52:16,3,9996,0,9999
2024-05-09T20:08:47,3,9996,0,9999
2024-05-09T20:24:59,3,9996,0,9999
2024-05-09T20:41:10,3,9996,0,9999
2024-05-09T20:57:22,3,9996,0,9999
2024-05-09T21:13:33,3,9996,0,9999
2024-05-09T21:29:45,3,9996,0,9999
2024-05-09T21:45:57,3,9996,0,9999
2024-05-09T22:02:10,3,9996,0,9999
2024-05-09T22:18:22,3,9996,0,9999
2024-05-09T22:34:35,3,9996,0,9999
2024-05-09T22:50:48,3,9996,0,9999
2024-05-09T23:07:19,3,9996,0,9999
2024-05-09T23:23:31,3,9996,0,9999
2024-05-09T23:39:43,3,9996,0,9999
2024-05-09T23:55:56,3,9996,0,9999
2024-05-10T00:12:13,3,9996,0,9999
2024-05-10T00:28:35,3,9996,0,9999
2024-05-10T00:44:57,3,9996,0,9999
2024-05-10T01:01:13,3,9996,0,9999
2024-05-10T01:17:27,3,9996,0,9999
2024-05-10T01:33:40,3,9996,0,9999
2024-05-10T01:49:53,3,9996,0,9999
2024-05-10T02:06:11,3,9996,0,9999
2024-05-10T02:22:24,3,9996,0,9999
2024-05-10T02:38:38,3,9996,0,9999
2024-05-10T02:54:51,3,9996,0,9999
2024-05-10T03:11:05,3,9996,0,9999
2024-05-10T03:27:20,3,9996,0,9999
2024-05-10T03:43:41,3,9996,0,9999
2024-05-10T03:59:56,3,9996,0,9999
2024-05-10T04:20:22,3,9996,0,9999
2024-05-10T04:36:42,3,9996,0,9999
2024-05-10T04:54:32,3,9996,0,9999
2024-05-10T05:10:52,3,9996,0,9999
2024-05-10T05:27:07,3,9996,0,9999
2024-05-10T05:43:21,3,9996,0,9999
2024-05-10T05:59:34,3,9996,0,9999
2024-05-10T06:15:50,3,9996,0,9999
2024-05-10T06:32:02,3,9996,0,9999
2024-05-10T06:48:15,3,9996,0,9999
2024-05-10T07:04:28,3,9996,0,9999
2024-05-10T07:20:41,3,9996,0,9999
2024-05-10T07:36:54,3,9996,0,9999
2024-05-10T07:53:04,3,9996,0,9999
2024-05-10T08:09:15,3,9996,0,9999
2024-05-10T08:25:26,3,9996,0,9999
2024-05-10T08:41:40,3,9996,0,9999
2024-05-10T08:58:00,3,9996,0,9999
2024-05-10T09:14:10,3,9996,0,9999
2024-05-10T09:30:21,3,9996,0,9999
2024-05-10T09:46:33,3,9996,0,9999
2024-05-10T10:02:46,3,9996,0,9999
2024-05-10T10:18:57,3,9996,0,9999
2024-05-10T10:35:09,3,9996,0,9999
2024-05-10T10:51:20,3,9996,0,9999
2024-05-10T11:07:31,3,9996,0,9999
2024-05-10T11:23:43,3,9996,0,9999
2024-05-10T11:39:56,3,9996,0,9999
2024-05-10T11:56:07,3,9996,0,9999
2024-05-10T12:12:31,3,9996,0,9999
2024-05-10T12:28:43,3,9996,0,9999
2024-05-10T12:44:54,3,9996,0,9999
2024-05-10T13:01:06,3,9996,0,9999
2024-05-10T13:17:17,3,9996,0,9999
2024-05-10T13:33:29,3,9996,0,9999
2024-05-10T13:49:41,3,9996,0,9999
2024-05-10T14:06:03,3,9996,0,9999
2024-05-10T14:22:14,3,9996,0,9999
2024-05-10T14:38:25,3,9996,0,9999
2024-05-10T14:54:35,3,9996,0,9999
2024-05-10T15:10:47,3,9996,0,9999
2024-05-10T15:27:00,3,9996,0,9999
2024-05-10T15:43:11,3,9996,0,9999
2024-05-10T15:59:22,3,9996,0,9999
2024-05-10T16:15:35,3,9996,0,9999
2024-05-10T16:31:58,3,9996,0,9999
2024-05-10T16:48:09,3,9996,0,9999
2024-05-10T17:04:20,3,9996,0,9999
2024-05-10T17:20:33,3,9996,0,9999
2024-05-10T17:36:44,3,9996,0,9999
2024-05-10T17:52:54,3,9996,0,9999
2024-05-10T18:09:06,3,9996,0,9999
2024-05-10T18:25:17,3,9996,0,9999
2024-05-10T18:41:28,3,9996,0,9999
2024-05-10T18:57:40,3,9996,0,9999
2024-05-10T19:13:51,3,9996,0,9999
2024-05-10T19:30:03,3,9996,0,9999
2024-05-10T19:46:25,3,9996,0,9999
2024-05-10T20:02:37,3,9996,0,9999
2024-05-10T20:18:49,3,9996,0,9999
2024-05-10T20:35:02,3,9996,0,9999
2024-05-10T20:51:13,3,9996,0,9999
2024-05-10T21:07:25,3,9996,0,9999
2024-05-10T21:23:39,3,9996,0,9999
2024-05-10T21:39:52,3,9996,0,9999
2024-05-10T21:56:06,3,9996,0,9999
2024-05-10T22:12:20,3,9996,0,9999
2024-05-10T22:28:32,3,9996,0,9999
2024-05-10T22:44:43,3,9996,0,9999
2024-05-10T23:00:54,3,9996,0,9999
2024-05-10T23:17:19,3,9996,0,9999
2024-05-10T23:33:32,3,9996,0,9999
2024-05-10T23:49:44,3,9996,0,9999
2024-05-11T00:05:57,3,9996,0,9999
2024-05-11T00:22:14,3,9996,0,9999
2024-05-11T00:38:34,3,9996,0,9999
2024-05-11T00:54:51,3,9996,0,9999
2024-05-11T01:11:06,3,9996,0,9999
2024-05-11T01:27:20,3,9996,0,9999
2024-05-11T01:43:35,3,9996,0,9999
2024-05-11T01:59:54,3,9996,0,9999
2024-05-11T02:16:08,3,9996,0,9999
2024-05-11T02:32:21,3,9996,0,9999
2024-05-11T02:48:32,3,9996,0,9999
2024-05-11T03:04:45,3,9996,0,9999
2024-05-11T03:20:57,3,9996,0,9999
2024-05-11T03:37:11,3,9996,0,9999
2024-05-11T03:53:24,3,9996,0,9999
2024-05-11T04:09:46,3,9996,0,9999
2024-05-11T11:53:11,3,9996,0,9999
2024-05-11T12:09:24,3,9996,0,9999
2024-05-11T12:25:47,3,9996,0,9999
2024-05-11T12:41:58,3,9996,0,9999
2024-05-11T12:58:09,3,9996,0,9999
2024-05-11T13:14:20,3,9996,0,9999
2024-05-11T13:30:31,3,9996,0,9999
2024-05-11T13:46:42,3,9996,0,9999
2024-05-11T14:02:53,3,9996,0,9999
2024-05-11T14:19:07,3,9996,0,9999
2024-05-11T14:36:10,3,9996,0,9999
2024-05-11T14:52:20,3,9996,0,9999
2024-05-11T15:08:31,3,9996,0,9999
2024-05-11T15:24:43,3,9996,0,9999
2024-05-11T15:40:55,3,9996,0,9999
2024-05-11T15:57:16,3,9996,0,9999
2024-05-11T16:13:28,3,9996,0,9999
2024-05-11T16:29:39,3,9996,0,9999
2024-05-11T16:45:50,3,9996,0,9999
2024-05-11T17:02:01,3,9996,0,9999
2024-05-11T17:18:14,3,9996,0,9999
2024-05-11T17:34:25,3,9996,0,9999
2024-05-11T17:50:35,3,9996,0,9999
2024-05-11T18:06:46,3,9996,0,9999
2024-05-11T18:22:57,3,9996,0,9999
2024-05-11T18:39:08,3,9996,0,9999
2024-05-11T18:55:18,3,9996,0,9999
2024-05-11T19:11:31,3,9996,0,9999
2024-05-11T19:27:42,3,9996,0,9999
2024-05-11T19:43:53,3,9996,0,9999
2024-05-11T20:00:14,3,9996,0,9999
2024-05-11T20:16:25,3,9996,0,9999
2024-05-11T20:32:36,3,9996,0,9999
2024-05-11T20:48:47,3,9996,0,9999
2024-05-11T21:04:58,3,9996,0,9999
2024-05-11T21:21:09,3,9996,0,9999
2024-05-11T21:37:20,3,9996,0,9999
2024-05-11T21:53:31,3,9996,0,9999
2024-05-11T22:09:41,3,9996,0,9999
2024-05-11T22:25:52,3,9996,0,9999
2024-05-11T22:42:03,3,9996,0,9999
2024-05-11T22:58:14,3,9996,0,9999
2024-05-11T23:14:26,3,9996,0,9999
2024-05-11T23:30:37,3,9996,0,9999
2024-05-11T23:46:48,3,9996,0,9999
2024-05-12T00:03:13,3,9996,0,9999
2024-05-12T05:09:37,3,9996,0,9999
2024-05-12T05:25:57,3,9996,0,9999
2024-05-12T05:42:12,3,9996,0,9999
2024-05-12T05:58:28,3,9996,0,9999
2024-05-12T06:14:45,3,9996,0,9999
2024-05-12T06:30:55,3,9996,0,9999
2024-05-12T06:47:14,3,9996,0,9999
2024-05-12T07:03:44,3,9996,0,9999
2024-05-12T07:19:56,3,9996,0,9999
2024-05-12T07:36:07,3,9996,0,9999
2024-05-12T07:52:17,3,9996,0,9999
2024-05-12T08:08:26,3,9996,0,9999
2024-05-12T08:24:36,3,9996,0,9999
2024-05-12T08:40:46,3,9996,0,9999
2024-05-12T08:56:56,3,9996,0,9999
2024-05-12T09:13:06,3,9996,0,9999
2024-05-12T09:29:17,3,9996,0,9999
2024-05-12T09:45:36,3,9996,0,9999
2024-05-12T10:01:49,3,9996,0,9999
2024-05-12T10:18:00,3,9996,0,9999
2024-05-12T10:34:13,3,9996,0,9999
2024-05-12T10:50:27,3,9996,0,9999
2024-05-12T11:06:41,3,9996,0,9999
2024-05-12T11:22:55,3,9996,0,9999
2024-05-12T11:39:07,3,9996,0,9999
2024-05-12T11:55:17,3,9996,0,9999
2024-05-12T12:11:27,3,9996,0,9999
2024-05-12T12:27:37,3,9996,0,9999
2024-05-12T12:43:48,3,9996,0,9999
2024-05-12T12:59:58,3,9996,0,9999
2024-05-12T13:16:08,3,9996,0,9999
2024-05-12T13:32:18,3,9996,0,9999
2024-05-12T13:48:27,3,9996,0,9999
2024-05-12T14:04:38,3,9996,0,9999
2024-05-12T14:20:57,3,9996,0,9999
2024-05-12T14:37:06,3,9996,0,9999
2024-05-12T14:53:15,3,9996,0,9999
2024-05-12T15:09:25,3,9996,0,9999
2024-05-12T15:25:35,3,9996,0,9999
2024-05-12T15:41:45,3,9996,0,9999
2024-05-12T15:57:54,3,9996,0,9999
2024-05-12T16:14:03,3,9996,0,9999
2024-05-12T16:30:14,3,9996,0,9999
2024-05-12T16:46:24,3,9996,0,9999
2024-05-12T17:02:33,3,9996,0,9999
2024-05-12T17:18:45,3,9996,0,9999
2024-05-12T17:34:55,3,9996,0,9999
2024-05-12T17:51:05,3,9996,0,9999
2024-05-12T18:07:26,3,9996,0,9999
2024-05-12T18:23:36,3,9996,0,9999
2024-05-12T18:39:47,3,9996,0,9999
2024-05-12T18:55:58,3,9996,0,9999
2024-05-12T19:12:11,3,9996,0,9999
2024-05-12T19:28:23,3,9996,0,9999
2024-05-12T19:44:36,3,9996,0,9999
2024-05-12T20:00:47,3,9996,0,9999
2024-05-12T20:16:57,3,9996,0,9999
2024-05-12T20:33:07,3,9996,0,9999
2024-05-12T20:49:19,3,9996,0,9999
2024-05-12T21:05:29,3,9996,0,9999
2024-05-12T21:21:41,3,9996,0,9999
2024-05-12T21:37:59,3,9996,0,9999
2024-05-12T21:54:23,3,9996,0,9999
2024-05-12T22:10:33,3,9996,0,9999
2024-05-12T22:26:42,3,9996,0,9999
2024-05-12T22:42:52,3,9996,0,9999
2024-05-12T22:59:01,3,9996,0,9999
2024-05-12T23:15:11,3,9996,0,9999
2024-05-12T23:31:23,3,9996,0,9999
2024-05-12T23:47:33,3,9996,0,9999
2024-05-13T00:03:45,3,9996,0,9999
2024-05-13T00:19:59,3,9996,0,9999
2024-05-13T00:36:21,3,9996,0,9999
2024-05-13T00:52:39,3,9996,0,9999
2024-05-13T01:09:02,3,9996,0,9999
2024-05-13T01:25:44,3,9996,0,9999
2024-05-13T01:42:05,3,9996,0,9999
2024-05-13T01:58:19,3,9996,0,9999
2024-05-13T02:14:31,3,9996,0,9999
2024-05-13T02:30:42,3,9996,0,9999
2024-05-13T02:46:53,3,9996,0,9999
2024-05-13T03:03:03,3,9996,0,9999
2024-05-13T03:19:15,3,9996,0,9999
2024-05-13T03:35:27,3,9996,0,9999
2024-05-13T03:51:38,3,9996,0,9999
2024-05-13T04:07:51,3,9996,0,9999
2024-05-13T04:32:25,3,9996,0,9999
2024-05-13T04:49:59,3,9996,0,9999
2024-05-13T05:06:39,3,9996,0,9999
2024-05-13T05:22:55,3,9996,0,9999
2024-05-13T05:39:11,3,9996,0,9999
2024-05-13T05:55:24,3,9996,0,9999
2024-05-13T06:11:38,3,9996,0,9999
2024-05-13T06:27:51,3,9996,0,9999
2024-05-13T06:44:03,3,9996,0,9999
2024-05-13T07:00:16,3,9996,0,9999
2024-05-13T07:16:30,3,9996,0,9999
2024-05-13T07:32:42,3,9996,0,9999
2024-05-13T07:48:57,3,9996,0,9999
2024-05-13T08:05:11,3,9996,0,9999
2024-05-13T08:21:25,3,9996,0,9999
2024-05-13T08:37:36,3,9996,0,9999
2024-05-13T08:53:49,3,9996,0,9999
2024-05-13T09:10:03,3,9996,0,9999
2024-05-13T09:26:16,3,9996,0,9999
2024-05-13T09:42:41,3,9996,0,9999
2024-05-13T09:58:53,3,9996,0,9999
2024-05-13T10:15:05,3,9996,0,9999
2024-05-13T10:31:17,3,9996,0,9999
2024-05-13T10:47:28,3,9996,0,9999
2024-05-13T11:03:40,3,9996,0,9999
2024-05-13T11:19:51,3,9996,0,9999
2024-05-13T11:36:02,3,9996,0,9999
2024-05-13T11:52:14,3,9996,0,9999
2024-05-13T13:05:02,3,9996,0,9999
2024-05-13T13:21:15,3,9996,0,9999
2024-05-13T13:37:25,3,9996,0,9999
2024-05-13T13:54:08,3,9996,0,9999
2024-05-13T14:18:42,3,9996,0,9999
2024-05-13T14:40:36,3,9996,0,9999
2024-05-13T15:02:05,3,9996,0,9999
2024-05-13T15:20:47,3,9996,0,9999
2024-05-13T15:37:12,3,9996,0,9999
2024-05-13T15:53:24,3,9996,0,9999
2024-05-13T16:09:36,3,9996,0,9999
2024-05-13T16:25:46,3,9996,0,9999
2024-05-13T16:41:58,3,9996,0,9999
2024-05-13T16:58:09,3,9996,0,9999
2024-05-13T17:14:21,3,9996,0,9999
2024-05-13T17:30:35,3,9996,0,9999
2024-05-13T17:46:47,3,9996,0,9999
2024-05-13T18:03:07,3,9996,0,9999
2024-05-13T18:19:19,3,9996,0,9999
2024-05-13T18:35:32,3,9996,0,9999
2024-05-13T18:51:43,3,9996,0,9999
2024-05-13T19:07:54,3,9996,0,9999
2024-05-13T19:24:07,3,9996,0,9999
2024-05-13T19:40:19,3,9996,0,9999
2024-05-13T19:56:39,3,9996,0,9999
2024-05-13T20:12:51,3,9996,0,9999
2024-05-13T20:29:03,3,9996,0,9999
2024-05-13T20:45:14,3,9996,0,9999
2024-05-13T21:01:26,3,9996,0,9999
2024-05-13T21:17:41,3,9996,0,9999
2024-05-13T21:33:53,3,9996,0,9999
2024-05-13T21:50:06,3,9996,0,9999
2024-05-13T22:06:18,3,9996,0,9999
2024-05-13T22:22:29,3,9996,0,9999
2024-05-13T22:38:52,3,9996,0,9999
2024-05-13T22:55:03,3,9996,0,9999
2024-05-13T23:11:16,3,9996,0,9999
2024-05-13T23:27:28,3,9996,0,9999
2024-05-13T23:43:41,3,9996,0,9999
2024-05-13T23:59:53,3,9996,0,9999
2024-05-14T00:16:09,3,9996,0,9999
2024-05-14T00:32:28,3,9996,0,9999
2024-05-14T00:48:52,3,9996,0,9999
2024-05-14T01:05:07,3,9996,0,9999
2024-05-14T01:21:20,3,9996,0,9999
2024-05-14T01:37:34,3,9996,0,9999
2024-05-14T01:53:47,3,9996,0,9999
2024-05-14T02:09:59,3,9996,0,9999
2024-05-14T02:26:21,3,9996,0,9999
2024-05-14T02:42:33,3,9996,0,9999
2024-05-14T02:58:44,3,9996,0,9999
2024-05-14T03:14:59,3,9996,0,9999
2024-05-14T03:31:13,3,9996,0,9999
2024-05-14T03:47:25,3,9996,0,9999
2024-05-14T04:03:37,3,9996,0,9999
2024-05-14T04:24:52,3,9996,0,9999
2024-05-14T04:41:29,3,9996,0,9999
2024-05-14T04:57:47,3,9996,0,9999
2024-05-14T05:14:07,3,9996,0,9999
2024-05-14T05:30:23,3,9996,0,9999
2024-05-14T05:46:43,3,9996,0,9999
2024-05-14T06:03:01,3,9996,0,9999
2024-05-14T06:19:28,3,9996,0,9999
2024-05-14T06:36:00,3,9996,0,9999
2024-05-14T06:52:16,3,9996,0,9999
2024-05-14T07:08:35,3,9996,0,9999
2024-05-14T07:24:52,3,9996,0,9999
2024-05-14T07:41:08,3,9996,0,9999
2024-05-14T07:57:23,3,9996,0,9999
2024-05-14T08:13:40,3,9996,0,9999
2024-05-14T08:29:53,3,9996,0,9999
2024-05-14T08:46:06,3,9996,0,9999
2024-05-14T09:02:19,3,9996,0,9999
2024-05-14T09:18:43,3,9996,0,9999
2024-05-14T09:34:57,3,9996,0,9999
2024-05-14T09:51:11,3,9996,0,9999
2024-05-14T10:07:23,3,9996,0,9999
2024-05-14T10:23:36,3,9996,0,9999
2024-05-14T10:39:48,3,9996,0,9999
2024-05-14T10:56:02,3,9996,0,9999
2024-05-14T11:12:15,3,9996,0,9999
2024-05-14T11:28:26,3,9996,0,9999
2024-05-14T11:44:51,3,9996,0,9999
2024-05-14T12:01:05,3,9996,0,9999
2024-05-14T12:17:18,3,9996,0,9999
2024-05-14T12:33:31,3,9996,0,9999
2024-05-14T12:49:44,3,9996,0,9999
2024-05-14T13:05:56,3,9996,0,9999
2024-05-14T13:22:19,3,9996,0,9999
2024-05-14T13:38:32,3,9996,0,9999
2024-05-14T13:54:44,3,9996,0,9999
2024-05-14T14:10:59,3,9996,0,9999
2024-05-14T14:27:11,3,9996,0,9999
2024-05-14T14:43:25,3,9996,0,9999
2024-05-14T14:59:37,3,9996,0,9999
2024-05-14T15:15:52,3,9996,0,9999
2024-05-14T15:32:13,3,9996,0,9999
2024-05-14T15:48:26,3,9996,0,9999
2024-05-14T16:04:44,3,9996,0,9999
2024-05-14T16:20:56,3,9996,0,9999
2024-05-14T16:37:09,3,9996,0,9999
2024-05-14T16:53:24,3,9996,0,9999
2024-05-14T17:09:37,3,9996,0,9999
2024-05-14T17:25:50,3,9996,0,9999
2024-05-14T17:42:12,3,9996,0,9999
2024-05-14T17:58:25,3,9996,0,9999
2024-05-14T18:14:39,3,9996,0,9999
2024-05-14T18:30:54,3,9996,0,9999
2024-05-14T18:47:06,3,9996,0,9999
2024-05-14T19:03:18,3,9996,0,9999
2024-05-14T19:19:30,3,9996,0,9999
2024-05-14T19:35:42,3,9996,0,9999
2024-05-14T19:51:54,3,9996,0,9999
2024-05-14T20:08:10,3,9996,0,9999
2024-05-14T20:24:22,3,9996,0,9999
2024-05-14T20:40:45,3,9996,0,9999
2024-05-14T20:56:56,3,9996,0,9999
2024-05-14T21:13:09,3,9996,0,9999
2024-05-14T21:29:24,3,9996,0,9999
2024-05-14T21:45:37,3,9996,0,9999
2024-05-14T22:01:51,3,9996,0,9999
2024-05-14T22:18:39,3,9996,0,9999
2024-05-14T22:34:52,3,9996,0,9999
2024-05-14T22:51:04,3,9996,0,9999
2024-05-14T23:07:18,3,9996,0,9999
2024-05-14T23:23:41,3,9996,0,9999
2024-05-14T23:39:55,3,9996,0,9999
2024-05-14T23:56:10,3,9996,0,9999
2024-05-15T00:12:27,3,9996,0,9999
2024-05-15T00:28:50,3,9996,0,9999
2024-05-15T00:45:09,3,9996,0,9999
2024-05-15T01:01:27,3,9996,0,9999
2024-05-15T01:17:50,3,9996,0,9999
2024-05-15T01:34:08,3,9996,0,9999
2024-05-15T01:50:26,3,9996,0,9999
2024-05-15T02:06:42,3,9996,0,9999
2024-05-15T02:22:57,3,9996,0,9999
2024-05-15T02:39:13,3,9996,0,9999
2024-05-15T02:55:28,3,9996,0,9999
2024-05-15T03:11:43,3,9996,0,9999
2024-05-15T03:28:28,3,9996,0,9999
2024-05-15T03:44:45,3,9996,0,9999
2024-05-15T04:01:03,3,9996,0,9999
2024-05-15T04:17:20,3,9996,0,9999
2024-05-15T04:33:12,3,9996,0,9999
2024-05-15T04:51:02,3,9996,0,9999
2024-05-15T05:07:22,3,9996,0,9999
2024-05-15T05:23:41,3,9996,0,9999
2024-05-15T05:39:58,3,9996,0,9999
2024-05-15T05:56:14,3,9996,0,9999
2024-05-15T06:12:28,3,9996,0,9999
2024-05-15T06:28:46,3,9996,0,9999
2024-05-15T06:45:00,3,9996,0,9999
2024-05-15T07:01:13,3,9996,0,9999
2024-05-15T07:17:29,3,9996,0,9999
2024-05-15T07:33:43,3,9996,0,9999
2024-05-15T07:49:56,3,9996,0,9999
2024-05-15T08:06:05,3,9996,0,9999
2024-05-15T08:22:14,3,9996,0,9999
2024-05-15T08:38:24,3,9996,0,9999
2024-05-15T08:54:33,3,9996,0,9999
2024-05-15T09:10:42,3,9996,0,9999
2024-05-15T09:26:51,3,9996,0,9999
2024-05-15T09:43:13,3,9996,0,9999
2024-05-15T09:59:21,3,9996,0,9999
2024-05-15T10:15:32,3,9996,0,9999
2024-05-15T10:31:44,3,9996,0,9999
2024-05-15T10:47:56,3,9996,0,9999
2024-05-15T11:04:08,3,9996,0,9999
2024-05-15T11:20:21,3,9996,0,9999
2024-05-15T11:36:34,3,9996,0,9999
2024-05-15T11:52:57,3,9996,0,9999
2024-05-15T12:09:09,3,9996,0,9999
2024-05-15T12:25:23,3,9996,0,9999
2024-05-15T12:41:41,3,9996,0,9999
2024-05-15T12:57:53,3,9996,0,9999
2024-05-15T13:14:05,3,9996,0,9999
2024-05-15T13:30:21,3,9996,0,9999
2024-05-15T13:46:44,3,9996,0,9999
2024-05-15T14:02:56,3,9996,0,9999
2024-05-15T14:19:11,3,9996,0,9999
2024-05-15T14:35:22,3,9996,0,9999
2024-05-15T14:51:34,3,9996,0,9999
2024-05-15T15:07:47,3,9996,0,9999
2024-05-15T15:23:59,3,9996,0,9999
2024-05-15T15:40:22,3,9996,0,9999
2024-05-15T15:56:33,3,9996,0,9999
2024-05-15T16:12:45,3,9996,0,9999
2024-05-15T16:28:58,3,9996,0,9999
2024-05-15T16:45:11,3,9996,0,9999
2024-05-15T17:01:24,3,9996,0,9999
