time,enrolled,available,waitlisted,total
2024-02-16T04:33:28,0,14,0,14
2024-02-16T04:50:03,0,14,0,14
2024-02-16T05:05:53,0,14,0,14
2024-02-16T05:21:16,0,14,0,14
2024-02-16T05:36:38,0,14,0,14
2024-02-16T05:51:56,0,14,0,14
2024-02-16T06:07:18,0,14,0,14
2024-02-16T06:22:37,0,14,0,14
2024-02-16T06:38:19,0,14,0,14
2024-02-16T06:54:07,0,14,0,14
2024-02-16T07:09:33,0,14,0,14
2024-02-16T07:24:48,0,14,0,14
2024-02-16T07:40:15,0,14,0,14
2024-02-16T07:55:38,0,14,0,14
2024-02-16T08:10:54,0,14,0,14
2024-02-16T08:26:08,0,14,0,14
2024-02-16T08:41:24,0,14,0,14
2024-02-16T08:56:50,0,14,0,14
2024-02-16T09:12:19,0,14,0,14
2024-02-16T09:28:21,0,14,0,14
2024-02-16T09:44:24,0,14,0,14
2024-02-16T09:59:42,0,14,0,14
2024-02-16T10:15:03,0,14,0,14
2024-02-16T10:30:20,0,14,0,14
2024-02-16T10:45:37,0,14,0,14
2024-02-16T11:00:57,0,14,0,14
2024-02-16T11:16:28,0,14,0,14
2024-02-16T11:31:45,0,14,0,14
2024-02-16T11:47:07,0,14,0,14
2024-02-16T12:02:26,0,14,0,14
2024-02-16T12:17:45,0,14,0,14
2024-02-16T12:33:14,0,14,0,14
2024-02-16T12:48:31,0,14,0,14
2024-02-16T13:03:51,0,14,0,14
2024-02-16T13:19:11,0,14,0,14
2024-02-16T13:34:31,0,14,0,14
2024-02-16T13:50:02,0,14,0,14
2024-02-16T14:05:15,0,14,0,14
2024-02-16T14:20:33,0,14,0,14
2024-02-16T14:35:52,0,14,0,14
2024-02-16T14:51:07,0,14,0,14
2024-02-16T15:06:38,0,14,0,14
2024-02-16T15:21:55,0,14,0,14
2024-02-16T15:37:12,0,14,0,14
2024-02-16T15:52:38,0,14,0,14
2024-02-16T16:08:05,0,14,0,14
2024-02-16T16:23:23,0,14,0,14
2024-02-16T16:38:40,0,14,0,14
2024-02-16T16:54:02,0,14,0,14
2024-02-16T17:09:21,0,14,0,14
2024-02-16T17:24:47,0,14,0,14
2024-02-16T17:40:17,0,14,0,14
2024-02-16T17:55:33,0,14,0,14
2024-02-16T18:10:57,0,14,0,14
2024-02-16T18:26:15,0,14,0,14
2024-02-16T18:41:30,0,14,0,14
2024-02-16T18:56:55,0,14,0,14
2024-02-16T19:12:18,0,14,0,14
2024-02-16T19:27:41,0,14,0,14
2024-02-16T19:43:04,0,14,0,14
2024-02-16T19:58:35,0,14,0,14
2024-02-16T20:14:04,0,14,0,14
2024-02-16T20:29:29,0,14,0,14
2024-02-16T20:44:50,0,14,0,14
2024-02-16T21:02:15,0,14,0,14
2024-02-16T21:17:34,0,14,0,14
2024-02-16T21:32:50,0,14,0,14
2024-02-16T21:48:18,0,14,0,14
2024-02-16T22:03:39,0,14,0,14
2024-02-16T22:19:03,0,14,0,14
2024-02-16T22:34:24,0,14,0,14
2024-02-16T22:49:41,0,14,0,14
2024-02-16T23:05:02,0,14,0,14
2024-02-16T23:20:18,0,14,0,14
2024-02-16T23:35:44,0,14,0,14
2024-02-16T23:51:03,0,14,0,14
2024-02-17T00:08:13,0,14,0,14
2024-02-17T00:34:51,0,14,0,14
2024-02-17T00:56:45,0,14,0,14
2024-02-17T01:19:11,0,14,0,14
2024-02-17T01:36:03,0,14,0,14
2024-02-17T01:51:32,0,14,0,14
2024-02-17T02:06:58,0,14,0,14
2024-02-17T02:22:16,0,14,0,14
2024-02-17T02:37:35,0,14,0,14
2024-02-17T02:53:01,0,14,0,14
2024-02-17T03:08:20,0,14,0,14
2024-02-17T03:23:43,0,14,0,14
2024-02-17T03:39:03,0,14,0,14
2024-02-17T03:54:36,0,14,0,14
2024-02-17T04:11:56,0,14,0,14
2024-02-17T04:34:44,0,14,0,14
2024-02-17T04:50:13,0,14,0,14
2024-02-17T05:05:42,0,14,0,14
2024-02-17T05:21:04,0,14,0,14
2024-02-17T05:36:31,0,14,0,14
2024-02-17T05:51:50,0,14,0,14
2024-02-17T06:07:30,0,14,0,14
2024-02-17T06:24:13,0,14,0,14
2024-02-17T10:08:15,0,14,0,14
2024-02-17T10:34:11,0,14,0,14
2024-02-17T10:49:38,1,13,0,14
2024-02-17T11:04:59,1,13,0,14
2024-02-17T11:20:23,1,13,0,14
2024-02-17T11:35:47,1,13,0,14
2024-02-17T11:51:02,1,13,0,14
2024-02-17T12:06:29,1,13,0,14
2024-02-17T12:22:01,1,13,0,14
2024-02-17T12:37:19,1,13,0,14
2024-02-17T12:52:40,1,13,0,14
2024-02-17T13:07:56,1,13,0,14
2024-02-17T13:23:26,1,13,0,14
2024-02-17T13:38:48,1,13,0,14
2024-02-17T13:54:08,1,13,0,14
2024-02-17T14:09:34,1,13,0,14
2024-02-17T14:24:48,1,13,0,14
2024-02-17T14:40:14,1,13,0,14
2024-02-17T14:55:45,1,13,0,14
2024-02-17T15:11:07,1,13,0,14
2024-02-17T15:26:23,1,13,0,14
2024-02-17T15:41:48,1,13,0,14
2024-02-17T15:57:15,1,13,0,14
2024-02-17T16:12:35,1,13,0,14
2024-02-17T16:27:49,1,13,0,14
2024-02-17T16:43:04,1,13,0,14
2024-02-17T16:58:23,1,13,0,14
2024-02-17T17:13:46,1,13,0,14
2024-02-17T17:29:18,1,13,0,14
2024-02-17T17:44:35,1,13,0,14
2024-02-17T18:00:05,1,13,0,14
2024-02-17T18:15:31,1,13,0,14
2024-02-17T18:30:52,1,13,0,14
2024-02-17T18:46:09,1,13,0,14
2024-02-17T19:01:32,1,13,0,14
2024-02-17T19:17:03,1,13,0,14
2024-02-17T19:32:21,1,13,0,14
2024-02-17T19:47:45,2,12,0,14
2024-02-17T20:03:03,2,12,0,14
2024-02-17T20:18:21,2,12,0,14
2024-02-17T20:33:39,2,12,0,14
2024-02-17T20:49:12,2,12,0,14
2024-02-17T21:04:32,2,12,0,14
2024-02-17T21:19:55,2,12,0,14
2024-02-17T21:35:14,2,12,0,14
2024-02-17T21:50:37,2,12,0,14
2024-02-17T22:05:55,2,12,0,14
2024-02-17T22:21:18,2,12,0,14
2024-02-17T22:36:52,2,12,0,14
2024-02-17T22:52:16,2,12,0,14
2024-02-17T23:07:38,2,12,0,14
2024-02-17T23:23:00,2,12,0,14
2024-02-17T23:38:19,2,12,0,14
2024-02-17T23:53:41,2,12,0,14
2024-02-18T00:09:03,2,12,0,14
2024-02-18T00:24:27,2,12,0,14
2024-02-18T00:58:46,2,12,0,14
2024-02-18T01:14:14,2,12,0,14
2024-02-18T01:29:44,2,12,0,14
2024-02-18T01:45:03,2,12,0,14
2024-02-18T02:00:24,2,12,0,14
2024-02-18T02:15:51,2,12,0,14
2024-02-18T02:31:16,2,12,0,14
2024-02-18T02:46:33,2,12,0,14
2024-02-18T03:01:54,2,12,0,14
2024-02-18T03:17:13,2,12,0,14
2024-02-18T03:32:39,2,12,0,14
2024-02-18T03:48:08,2,12,0,14
2024-02-18T04:03:25,2,12,0,14
2024-02-18T04:31:57,2,12,0,14
2024-02-18T04:47:23,2,12,0,14
2024-02-18T05:02:46,2,12,0,14
2024-02-18T05:18:17,2,12,0,14
2024-02-18T05:33:45,2,12,0,14
2024-02-18T05:49:06,2,12,0,14
2024-02-18T06:04:35,2,12,0,14
2024-02-18T06:20:08,2,12,0,14
2024-02-18T06:35:31,2,12,0,14
2024-02-18T06:51:02,2,12,0,14
2024-02-18T07:06:26,2,12,0,14
2024-02-18T07:21:45,2,12,0,14
2024-02-18T07:37:03,2,12,0,14
2024-02-18T07:52:21,2,12,0,14
2024-02-18T08:07:44,2,12,0,14
2024-02-18T08:23:00,2,12,0,14
2024-02-18T08:38:18,2,12,0,14
2024-02-18T08:53:35,2,12,0,14
2024-02-18T09:08:57,2,12,0,14
2024-02-18T09:24:18,2,12,0,14
2024-02-18T09:39:54,2,12,0,14
2024-02-18T09:55:10,2,12,0,14
2024-02-18T10:10:36,2,12,0,14
2024-02-18T10:26:03,2,12,0,14
2024-02-18T10:41:27,2,12,0,14
2024-02-18T10:56:50,2,12,0,14
2024-02-18T11:12:14,2,12,0,14
2024-02-18T11:27:43,2,12,0,14
2024-02-18T11:43:04,2,12,0,14
2024-02-18T11:58:30,2,12,0,14
2024-02-18T12:13:53,2,12,0,14
2024-02-18T12:29:20,2,12,0,14
2024-02-18T12:44:47,2,12,0,14
2024-02-18T13:00:08,2,12,0,14
2024-02-18T13:15:25,2,12,0,14
2024-02-18T13:30:55,2,12,0,14
2024-02-18T13:46:17,2,12,0,14
2024-02-18T14:01:44,2,12,0,14
2024-02-18T14:17:04,2,12,0,14
2024-02-18T14:32:15,2,12,0,14
2024-02-18T14:47:49,2,12,0,14
2024-02-18T15:03:11,2,12,0,14
2024-02-18T15:18:40,2,12,0,14
2024-02-18T15:34:01,2,12,0,14
2024-02-18T15:49:17,2,12,0,14
2024-02-18T16:04:36,2,12,0,14
2024-02-18T16:20:22,2,12,0,14
2024-02-18T16:35:42,2,12,0,14
2024-02-18T16:51:06,2,12,0,14
2024-02-18T17:06:36,2,12,0,14
2024-02-18T17:21:54,2,12,0,14
2024-02-18T17:37:28,2,12,0,14
2024-02-18T17:52:44,2,12,0,14
2024-02-18T18:08:14,2,12,0,14
2024-02-18T18:23:48,2,12,0,14
2024-02-18T18:39:17,2,12,0,14
2024-02-18T18:54:42,2,12,0,14
2024-02-18T19:10:01,2,12,0,14
2024-02-18T19:25:19,2,12,0,14
2024-02-18T19:40:33,2,12,0,14
2024-02-18T19:55:52,2,12,0,14
2024-02-18T20:11:26,2,12,0,14
2024-02-18T20:26:42,2,12,0,14
2024-02-18T20:42:06,2,12,0,14
2024-02-18T20:57:20,2,12,0,14
2024-02-18T21:12:33,2,12,0,14
2024-02-18T21:27:56,2,12,0,14
2024-02-18T21:43:16,2,12,0,14
2024-02-18T21:58:55,2,12,0,14
2024-02-18T22:14:14,2,12,0,14
2024-02-18T22:29:45,2,12,0,14
2024-02-18T22:45:08,2,12,0,14
2024-02-18T23:00:49,2,12,0,14
2024-02-18T23:16:03,2,12,0,14
2024-02-18T23:31:30,2,12,0,14
2024-02-18T23:46:53,2,12,0,14
2024-02-19T00:02:21,2,12,0,14
2024-02-19T00:17:46,2,12,0,14
2024-02-19T00:33:13,2,12,0,14
2024-02-19T00:48:43,2,12,0,14
2024-02-19T01:04:15,2,12,0,14
2024-02-19T01:19:38,2,12,0,14
2024-02-19T01:35:03,2,12,0,14
2024-02-19T01:50:26,2,12,0,14
2024-02-19T02:05:54,2,12,0,14
2024-02-19T02:21:29,2,12,0,14
2024-02-19T02:37:05,2,12,0,14
2024-02-19T02:52:37,2,12,0,14
2024-02-19T03:07:57,2,12,0,14
2024-02-19T03:23:24,2,12,0,14
2024-02-19T03:38:53,2,12,0,14
2024-02-19T03:54:22,2,12,0,14
2024-02-19T04:09:46,2,12,0,14
2024-02-19T04:31:13,2,12,0,14
2024-02-19T04:47:44,2,12,0,14
2024-02-19T05:03:09,2,12,0,14
2024-02-19T05:18:38,2,12,0,14
2024-02-19T05:34:09,2,12,0,14
2024-02-19T05:49:48,2,12,0,14
2024-02-19T06:05:17,2,12,0,14
2024-02-19T06:20:49,2,12,0,14
2024-02-19T06:36:20,2,12,0,14
2024-02-19T06:51:39,2,12,0,14
2024-02-19T07:07:05,2,12,0,14
2024-02-19T07:22:27,2,12,0,14
2024-02-19T07:37:54,2,12,0,14
2024-02-19T07:53:26,2,12,0,14
2024-02-19T08:08:53,2,12,0,14
2024-02-19T08:24:18,2,12,0,14
2024-02-19T08:39:51,2,12,0,14
2024-02-19T08:55:16,2,12,0,14
2024-02-19T09:10:42,2,12,0,14
2024-02-19T09:26:05,2,12,0,14
2024-02-19T09:41:20,2,12,0,14
2024-02-19T09:56:38,2,12,0,14
2024-02-19T10:12:05,2,12,0,14
2024-02-19T10:27:28,3,11,0,14
2024-02-19T10:42:50,3,11,0,14
2024-02-19T10:58:26,3,11,0,14
2024-02-19T11:13:44,3,11,0,14
2024-02-19T11:29:04,3,11,0,14
2024-02-19T11:44:28,4,10,0,14
2024-02-19T11:59:54,4,10,0,14
2024-02-19T12:15:44,4,10,0,14
2024-02-19T12:31:09,4,10,0,14
2024-02-19T12:46:34,4,10,0,14
2024-02-19T13:01:57,4,10,0,14
2024-02-19T13:17:28,4,10,0,14
2024-02-19T13:33:01,4,10,0,14
2024-02-19T13:48:29,4,10,0,14
2024-02-19T14:03:48,4,10,0,14
2024-02-19T14:19:15,4,10,0,14
2024-02-19T14:34:57,4,10,0,14
2024-02-19T14:50:28,4,10,0,14
2024-02-19T15:05:49,4,10,0,14
2024-02-19T15:21:31,4,10,0,14
2024-02-19T15:36:59,4,10,0,14
2024-02-19T15:52:24,4,10,0,14
2024-02-19T16:08:07,4,10,0,14
2024-02-19T16:23:49,4,10,0,14
2024-02-19T16:39:10,4,10,0,14
2024-02-19T16:54:59,4,10,0,14
2024-02-19T17:10:41,4,10,0,14
2024-02-19T17:26:03,4,10,0,14
2024-02-19T17:41:41,4,10,0,14
2024-02-19T17:57:24,4,10,0,14
2024-02-19T18:12:58,4,10,0,14
2024-02-19T18:28:31,4,10,0,14
2024-02-19T18:44:31,4,10,0,14
2024-02-19T18:59:58,4,10,0,14
2024-02-19T19:15:32,4,10,0,14
2024-02-19T19:31:19,4,10,0,14
2024-02-19T19:46:45,4,10,0,14
2024-02-19T20:02:02,4,10,0,14
2024-02-19T20:17:20,4,10,0,14
2024-02-19T20:32:54,4,10,0,14
2024-02-19T20:48:16,4,10,0,14
2024-02-19T21:03:43,4,10,0,14
2024-02-19T21:19:17,4,10,0,14
2024-02-19T21:35:03,4,10,0,14
2024-02-19T21:50:40,4,10,0,14
2024-02-19T22:06:11,4,10,0,14
2024-02-19T22:21:36,4,10,0,14
2024-02-19T22:37:19,4,10,0,14
2024-02-19T22:52:51,4,10,0,14
2024-02-19T23:08:33,4,10,0,14
2024-02-19T23:23:55,4,10,0,14
2024-02-19T23:39:19,4,10,0,14
2024-02-19T23:55:00,4,10,0,14
2024-02-20T00:10:34,4,10,0,14
2024-02-20T00:25:58,4,10,0,14
2024-02-20T00:41:23,4,10,0,14
2024-02-20T00:56:58,4,10,0,14
2024-02-20T01:12:37,4,10,0,14
2024-02-20T01:28:10,4,10,0,14
2024-02-20T01:43:31,4,10,0,14
2024-02-20T01:59:00,4,10,0,14
2024-02-20T02:14:41,4,10,0,14
2024-02-20T02:30:02,4,10,0,14
2024-02-20T02:45:28,4,10,0,14
2024-02-20T03:00:58,4,10,0,14
2024-02-20T03:16:53,4,10,0,14
2024-02-20T03:32:27,4,10,0,14
2024-02-20T03:48:00,4,10,0,14
2024-02-20T04:03:28,4,10,0,14
2024-02-20T04:31:05,4,10,0,14
2024-02-20T04:46:41,4,10,0,14
2024-02-20T05:02:23,4,10,0,14
2024-02-20T05:18:16,4,10,0,14
2024-02-20T05:34:06,4,10,0,14
2024-02-20T05:49:41,4,10,0,14
2024-02-20T06:05:16,4,10,0,14
2024-02-20T06:20:59,4,10,0,14
2024-02-20T06:36:24,4,10,0,14
2024-02-20T06:51:52,4,10,0,14
2024-02-20T07:07:14,4,10,0,14
2024-02-20T07:22:55,4,10,0,14
2024-02-20T07:38:30,4,10,0,14
2024-02-20T07:53:51,4,10,0,14
2024-02-20T08:09:16,4,10,0,14
2024-02-20T08:24:45,4,10,0,14
2024-02-20T08:40:22,4,10,0,14
2024-02-20T08:55:46,3,11,0,14
2024-02-20T09:11:16,3,11,0,14
2024-02-20T09:26:42,3,11,0,14
2024-02-20T09:42:30,3,11,0,14
2024-02-20T09:58:12,3,11,0,14
2024-02-20T10:13:46,3,11,0,14
2024-02-20T10:29:19,3,11,0,14
2024-02-20T10:45:17,3,11,0,14
2024-02-20T11:00:45,4,10,0,14
2024-02-20T11:16:29,4,10,0,14
2024-02-20T11:32:02,5,9,0,14
2024-02-20T11:47:49,5,9,0,14
2024-02-20T12:03:56,5,9,0,14
2024-02-20T12:19:40,6,8,0,14
2024-02-20T12:35:21,6,8,0,14
2024-02-20T12:51:10,6,8,0,14
2024-02-20T13:06:58,6,8,0,14
2024-02-20T13:22:42,6,8,0,14
2024-02-20T13:38:26,6,8,0,14
2024-02-20T13:53:51,6,8,0,14
2024-02-20T14:09:32,6,8,0,14
2024-02-20T14:25:16,6,8,0,14
2024-02-20T14:41:15,6,8,0,14
2024-02-20T14:56:50,6,8,0,14
2024-02-20T15:12:43,7,7,0,14
2024-02-20T15:28:25,7,7,0,14
2024-02-20T15:44:27,7,7,0,14
2024-02-20T16:00:28,7,7,0,14
2024-02-20T16:16:15,7,7,0,14
2024-02-20T16:31:53,7,7,0,14
2024-02-20T16:47:31,7,7,0,14
2024-02-20T17:03:31,7,7,0,14
2024-02-20T17:19:40,7,7,0,14
2024-02-20T17:35:37,7,7,0,14
2024-02-20T17:51:19,7,7,0,14
2024-02-20T18:07:08,7,7,0,14
2024-02-20T18:22:46,7,7,0,14
2024-02-20T18:38:44,7,7,0,14
2024-02-20T18:55:02,7,7,0,14
2024-02-20T19:11:05,7,7,0,14
2024-02-20T19:26:58,7,7,0,14
2024-02-20T19:42:50,7,7,0,14
2024-02-20T19:58:41,7,7,0,14
2024-02-20T20:14:40,7,7,0,14
2024-02-20T20:30:37,7,7,0,14
2024-02-20T20:46:26,7,7,0,14
2024-02-20T21:02:02,7,7,0,14
2024-02-20T21:17:58,7,7,0,14
2024-02-20T21:33:34,7,7,0,14
2024-02-20T21:49:07,7,7,0,14
2024-02-20T22:04:54,7,7,0,14
2024-02-20T22:20:33,7,7,0,14
2024-02-20T22:36:06,7,7,0,14
2024-02-20T22:51:44,7,7,0,14
2024-02-20T23:07:28,7,7,0,14
2024-02-20T23:23:22,7,7,0,14
2024-02-20T23:39:25,7,7,0,14
2024-02-20T23:55:07,7,7,0,14
2024-02-21T00:10:55,7,7,0,14
2024-02-21T00:26:38,7,7,0,14
2024-02-21T00:42:21,7,7,0,14
2024-02-21T00:58:21,7,7,0,14
2024-02-21T01:14:05,7,7,0,14
2024-02-21T01:29:41,7,7,0,14
2024-02-21T01:45:28,7,7,0,14
2024-02-21T02:01:05,7,7,0,14
2024-02-21T02:16:43,7,7,0,14
2024-02-21T02:31:55,7,7,0,14
2024-02-21T02:47:08,7,7,0,14
2024-02-21T03:02:20,7,7,0,14
2024-02-21T03:17:44,7,7,0,14
2024-02-21T03:32:56,7,7,0,14
2024-02-21T03:48:09,7,7,0,14
2024-02-21T04:05:41,7,7,0,14
2024-02-21T04:33:56,7,7,0,14
2024-02-21T04:49:13,7,7,0,14
2024-02-21T05:04:28,7,7,0,14
2024-02-21T05:19:44,7,7,0,14
2024-02-21T05:34:58,7,7,0,14
2024-02-21T05:50:13,7,7,0,14
2024-02-21T06:05:28,7,7,0,14
2024-02-21T06:20:44,7,7,0,14
2024-02-21T06:35:59,7,7,0,14
2024-02-21T06:51:13,7,7,0,14
2024-02-21T07:06:28,7,7,0,14
2024-02-21T07:21:41,7,7,0,14
2024-02-21T07:36:55,7,7,0,14
2024-02-21T07:52:08,7,7,0,14
2024-02-21T08:07:21,7,7,0,14
2024-02-21T08:22:45,7,7,0,14
2024-02-21T08:38:00,7,7,0,14
2024-02-21T08:53:16,7,7,0,14
2024-02-21T09:08:34,7,7,0,14
2024-02-21T09:23:52,7,7,0,14
2024-02-21T09:39:18,7,7,0,14
2024-02-21T09:54:34,7,7,0,14
2024-02-21T10:09:51,7,7,0,14
2024-02-21T10:25:20,7,7,0,14
2024-02-21T10:40:39,7,7,0,14
2024-02-21T10:55:55,7,7,0,14
2024-02-21T11:11:28,7,7,0,14
2024-02-21T11:26:47,7,7,0,14
2024-02-21T11:42:16,7,7,0,14
2024-02-21T11:57:33,7,7,0,14
2024-02-21T12:13:04,7,7,0,14
2024-02-21T12:28:20,7,7,0,14
2024-02-21T12:43:52,8,6,0,14
2024-02-21T12:59:07,8,6,0,14
2024-02-21T13:14:37,8,6,0,14
2024-02-21T13:29:53,8,6,0,14
2024-02-21T13:45:28,8,6,0,14
2024-02-21T14:00:50,8,6,0,14
2024-02-21T14:16:25,8,6,0,14
2024-02-21T14:31:44,8,6,0,14
2024-02-21T14:47:15,8,6,0,14
2024-02-21T15:02:44,8,6,0,14
2024-02-21T15:18:13,8,6,0,14
2024-02-21T15:33:41,8,6,0,14
2024-02-21T15:49:04,8,6,0,14
2024-02-21T16:04:38,8,6,0,14
2024-02-21T16:19:57,8,6,0,14
2024-02-21T16:35:31,8,6,0,14
2024-02-21T16:50:54,8,6,0,14
2024-02-21T17:06:30,8,6,0,14
2024-02-21T17:21:53,8,6,0,14
2024-02-21T17:37:23,8,6,0,14
2024-02-21T17:52:42,10,4,0,14
2024-02-21T18:08:01,11,3,0,14
2024-02-21T18:23:34,11,3,0,14
2024-02-21T18:38:55,11,3,0,14
2024-02-21T18:54:26,11,3,0,14
2024-02-21T19:09:47,11,3,0,14
2024-02-21T19:25:07,12,2,0,14
2024-02-21T19:40:36,12,2,0,14
2024-02-21T19:55:55,13,1,0,14
2024-02-21T20:11:27,13,1,0,14
2024-02-21T20:26:45,13,1,0,14
2024-02-21T20:42:16,13,1,0,14
2024-02-21T20:57:35,13,1,0,14
2024-02-21T21:12:52,13,1,0,14
2024-02-21T21:28:19,13,1,0,14
2024-02-21T21:43:36,13,1,0,14
2024-02-21T21:58:52,13,1,0,14
2024-02-21T22:14:17,13,1,0,14
2024-02-21T22:29:36,13,1,0,14
2024-02-21T22:44:51,13,1,0,14
2024-02-21T23:00:08,13,1,0,14
2024-02-21T23:15:36,13,1,0,14
2024-02-21T23:30:53,13,1,0,14
2024-02-21T23:46:09,13,1,0,14
2024-02-22T00:01:26,13,1,0,14
2024-02-22T00:17:00,13,1,0,14
2024-02-22T00:32:20,13,1,0,14
2024-02-22T00:47:40,13,1,0,14
2024-02-22T01:03:00,13,1,0,14
2024-02-22T01:18:19,13,1,0,14
2024-02-22T01:33:38,13,1,0,14
2024-02-22T01:49:06,13,1,0,14
2024-02-22T02:04:26,13,1,0,14
2024-02-22T02:19:43,13,1,0,14
2024-02-22T02:35:00,13,1,0,14
2024-02-22T02:50:16,13,1,0,14
2024-02-22T03:05:33,13,1,0,14
2024-02-22T03:21:02,13,1,0,14
2024-02-22T03:36:20,13,1,0,14
2024-02-22T03:51:47,13,1,0,14
2024-02-22T04:07:08,13,1,0,14
2024-02-22T04:37:45,13,1,0,14
2024-02-22T04:53:07,13,1,0,14
2024-02-22T05:08:38,13,1,0,14
2024-02-22T05:23:58,13,1,0,14
2024-02-22T05:39:17,13,1,0,14
2024-02-22T05:54:38,13,1,0,14
2024-02-22T06:09:58,13,1,0,14
2024-02-22T06:25:17,13,1,0,14
2024-02-22T06:40:36,13,1,0,14
2024-02-22T06:55:56,13,1,0,14
2024-02-22T07:11:14,13,1,0,14
2024-02-22T07:26:33,13,1,0,14
2024-02-22T07:41:50,13,1,0,14
2024-02-22T07:57:07,13,1,0,14
2024-02-22T08:12:25,13,1,0,14
2024-02-22T08:27:53,13,1,0,14
2024-02-22T08:43:13,13,1,0,14
2024-02-22T08:58:31,13,1,0,14
2024-02-22T09:13:53,13,1,0,14
2024-02-22T09:29:12,14,0,0,14
2024-02-22T09:44:47,14,0,0,14
2024-02-22T10:00:08,14,0,0,14
2024-02-22T10:15:32,14,0,0,14
2024-02-22T10:31:10,14,0,0,14
2024-02-22T10:46:35,14,0,0,14
2024-02-22T11:02:17,14,0,0,14
2024-02-22T11:17:39,14,0,0,14
2024-02-22T11:33:10,14,0,0,14
2024-02-22T11:48:42,14,0,0,14
2024-02-22T12:04:08,14,0,0,14
2024-02-22T12:19:42,14,0,0,14
2024-02-22T12:35:07,14,0,0,14
2024-02-22T12:50:45,14,0,0,14
2024-02-22T13:06:12,14,0,0,14
2024-02-22T13:21:47,14,0,0,14
2024-02-22T13:37:13,14,0,0,14
2024-02-22T13:52:48,14,0,0,14
2024-02-22T14:08:48,14,0,0,14
2024-02-22T14:24:29,14,0,0,14
2024-02-22T14:39:47,14,0,0,14
2024-02-22T14:55:06,14,0,0,14
2024-02-22T15:10:35,14,0,0,14
2024-02-22T15:25:49,14,0,0,14
2024-02-22T15:41:18,14,0,0,14
2024-02-22T15:56:34,14,0,0,14
2024-02-22T16:12:04,14,0,0,14
2024-02-22T16:27:18,14,0,0,14
2024-02-22T16:42:34,14,0,0,14
2024-02-22T16:57:58,14,0,0,14
2024-02-22T17:13:12,14,0,0,14
2024-02-22T17:28:26,14,0,0,14
2024-02-22T17:43:50,14,0,0,14
2024-02-22T17:59:01,14,0,0,14
2024-02-22T18:14:16,14,0,0,14
2024-02-22T18:29:39,14,0,0,14
2024-02-22T18:44:51,14,0,0,14
2024-02-22T19:00:03,14,0,0,14
2024-02-22T19:15:14,14,0,0,14
2024-02-22T19:30:35,14,0,0,14
2024-02-22T19:45:45,14,0,0,14
2024-02-22T20:00:55,14,0,0,14
2024-02-22T20:16:05,14,0,0,14
2024-02-22T20:31:16,14,0,0,14
2024-02-22T20:46:36,14,0,0,14
2024-02-22T21:01:46,14,0,0,14
2024-02-22T21:16:56,14,0,0,14
2024-02-22T21:32:06,14,0,0,14
2024-02-22T21:47:27,14,0,0,14
2024-02-22T22:02:37,14,0,0,14
2024-02-22T22:17:47,14,0,0,14
2024-02-22T22:32:57,14,0,0,14
2024-02-22T22:48:08,14,0,0,14
2024-02-22T23:03:28,14,0,0,14
2024-02-22T23:18:38,14,0,0,14
2024-02-22T23:34:56,14,0,0,14
2024-02-22T23:50:14,14,0,0,14
2024-02-23T00:05:32,14,0,0,14
2024-02-23T00:24:50,14,0,0,14
2024-02-23T00:40:12,14,0,0,14
2024-02-23T00:55:45,14,0,0,14
2024-02-23T01:11:08,14,0,0,14
2024-02-23T01:26:29,14,0,0,14
2024-02-23T01:41:51,14,0,0,14
2024-02-23T01:57:11,14,0,0,14
2024-02-23T02:12:31,14,0,0,14
2024-02-23T02:27:52,14,0,0,14
2024-02-23T02:43:10,14,0,0,14
2024-02-23T02:58:29,14,0,0,14
2024-02-23T03:13:51,14,0,0,14
2024-02-23T03:29:12,14,0,0,14
2024-02-23T03:44:33,14,0,0,14
2024-02-23T04:00:05,14,0,0,14
2024-02-23T04:32:53,14,0,0,14
2024-02-23T04:48:32,14,0,0,14
2024-02-23T05:03:53,14,0,0,14
2024-02-23T05:19:14,14,0,0,14
2024-02-23T05:34:35,14,0,0,14
2024-02-23T05:49:56,14,0,0,14
2024-02-23T06:05:18,14,0,0,14
2024-02-23T06:20:39,14,0,0,14
2024-02-23T06:35:58,14,0,0,14
2024-02-23T06:51:20,14,0,0,14
2024-02-23T07:06:41,14,0,0,14
2024-02-23T07:22:01,14,0,0,14
2024-02-23T07:37:20,14,0,0,14
2024-02-23T07:52:40,14,0,0,14
2024-02-23T08:08:01,14,0,0,14
2024-02-23T08:23:30,14,0,0,14
2024-02-23T08:38:49,14,0,0,14
2024-02-23T08:54:07,14,0,0,14
2024-02-23T09:09:25,14,0,0,14
2024-02-23T09:24:43,14,0,0,14
2024-02-23T09:40:02,14,0,0,14
2024-02-23T09:55:22,14,0,0,14
2024-02-23T10:10:41,14,0,0,14
2024-02-23T10:26:08,14,0,0,14
2024-02-23T10:41:26,14,0,0,14
2024-02-23T10:56:44,14,0,0,14
2024-02-23T11:12:02,14,0,0,14
2024-02-23T11:27:20,14,0,0,14
2024-02-23T11:42:49,14,0,0,14
2024-02-23T11:58:07,14,0,0,14
2024-02-23T12:13:25,14,0,0,14
2024-02-23T12:28:46,14,0,0,14
2024-02-23T12:44:04,14,0,0,14
2024-02-23T12:59:32,14,0,0,14
2024-02-23T13:14:50,14,0,0,14
2024-02-23T13:30:08,14,0,0,14
2024-02-23T13:45:26,14,0,0,14
2024-02-23T14:00:45,14,0,0,14
2024-02-23T14:16:14,14,0,0,14
2024-02-23T14:31:33,14,0,0,14
2024-02-23T14:46:51,14,0,0,14
2024-02-23T15:02:10,14,0,0,14
2024-02-23T15:17:39,14,0,0,14
2024-02-23T15:32:57,14,0,0,14
2024-02-23T15:48:15,14,0,0,14
2024-02-23T16:03:35,14,0,0,14
2024-02-23T16:18:55,14,0,0,14
2024-02-23T16:34:14,14,0,0,14
2024-02-23T16:49:43,14,0,0,14
2024-02-23T17:05:03,14,0,0,14
2024-02-23T17:20:24,14,0,0,14
2024-02-23T17:35:43,14,0,0,14
2024-02-23T17:51:02,14,0,0,14
2024-02-23T18:06:21,14,0,0,14
2024-02-23T18:21:51,14,0,0,14
2024-02-23T18:37:11,14,0,0,14
2024-02-23T18:52:30,14,0,0,14
2024-02-23T19:07:51,14,0,0,14
2024-02-23T19:23:10,14,0,0,14
2024-02-23T19:38:30,14,0,0,14
2024-02-23T19:53:49,14,0,0,14
2024-02-23T20:09:08,14,0,0,14
2024-02-23T20:24:28,14,0,0,14
2024-02-23T20:39:58,14,0,0,14
2024-02-23T20:55:17,14,0,0,14
2024-02-23T21:10:36,14,0,0,14
2024-02-23T21:25:55,14,0,0,14
2024-02-23T21:41:15,14,0,0,14
2024-02-23T21:56:34,14,0,0,14
2024-02-23T22:11:53,14,0,0,14
2024-02-23T22:27:12,13,1,0,14
2024-02-23T22:42:31,13,1,0,14
2024-02-23T22:58:00,13,1,0,14
2024-02-23T23:13:20,13,1,0,14
2024-02-23T23:28:40,13,1,0,14
2024-02-23T23:44:00,13,1,0,14
2024-02-23T23:59:22,13,1,0,14
2024-02-24T00:14:46,13,1,0,14
2024-02-24T00:30:09,13,1,0,14
2024-02-24T00:45:34,13,1,0,14
2024-02-24T01:00:57,13,1,0,14
2024-02-24T01:16:19,13,1,0,14
2024-02-24T01:31:41,13,1,0,14
2024-02-24T01:47:12,13,1,0,14
2024-02-24T02:02:34,13,1,0,14
2024-02-24T02:17:56,13,1,0,14
2024-02-24T02:33:16,13,1,0,14
2024-02-24T02:48:37,13,1,0,14
2024-02-24T03:03:58,13,1,0,14
2024-02-24T03:19:20,13,1,0,14
2024-02-24T03:34:42,13,1,0,14
2024-02-24T03:50:03,13,1,0,14
2024-02-24T04:05:24,13,1,0,14
2024-02-24T04:29:28,13,1,0,14
2024-02-24T04:46:50,13,1,0,14
2024-02-24T05:02:13,13,1,0,14
2024-02-24T05:17:36,13,1,0,14
2024-02-24T05:32:59,13,1,0,14
2024-02-24T05:48:21,13,1,0,14
2024-02-24T06:03:44,13,1,0,14
2024-02-24T06:19:08,13,1,0,14
2024-02-24T06:34:29,13,1,0,14
2024-02-24T06:49:50,13,1,0,14
2024-02-24T07:05:13,13,1,0,14
2024-02-24T07:20:35,13,1,0,14
2024-02-24T07:35:56,13,1,0,14
2024-02-24T07:51:17,13,1,0,14
2024-02-24T08:06:38,13,1,0,14
2024-02-24T08:22:07,13,1,0,14
2024-02-24T08:37:28,13,1,0,14
2024-02-24T08:52:51,13,1,0,14
2024-02-24T09:08:12,13,1,0,14
2024-02-24T09:23:34,13,1,0,14
2024-02-24T09:38:55,13,1,0,14
2024-02-24T09:54:15,13,1,0,14
2024-02-24T10:09:36,13,1,0,14
2024-02-24T10:24:57,13,1,0,14
2024-02-24T10:40:18,13,1,0,14
2024-02-24T10:55:38,13,1,0,14
2024-02-24T11:10:59,13,1,0,14
2024-02-24T11:26:19,13,1,0,14
2024-02-24T11:41:49,13,1,0,14
2024-02-24T11:57:09,13,1,0,14
2024-02-24T12:12:29,13,1,0,14
2024-02-24T12:27:48,13,1,0,14
2024-02-24T12:43:07,13,1,0,14
2024-02-24T12:58:27,13,1,0,14
2024-02-24T13:13:46,13,1,0,14
2024-02-24T13:29:16,13,1,0,14
2024-02-24T13:44:35,13,1,0,14
2024-02-24T13:59:54,13,1,0,14
2024-02-24T14:15:12,13,1,0,14
2024-02-24T14:30:32,13,1,0,14
2024-02-24T14:45:51,13,1,0,14
2024-02-24T15:01:10,13,1,0,14
2024-02-24T15:16:29,13,1,0,14
2024-02-24T15:32:01,13,1,0,14
2024-02-24T15:47:20,13,1,0,14
2024-02-24T16:02:39,13,1,0,14
2024-02-24T16:17:58,13,1,0,14
2024-02-24T16:33:17,13,1,0,14
2024-02-24T16:48:36,13,1,0,14
2024-02-24T17:03:55,13,1,0,14
2024-02-24T17:19:15,13,1,0,14
2024-02-24T17:34:44,13,1,0,14
2024-02-24T17:50:03,13,1,0,14
2024-02-24T18:05:24,13,1,0,14
2024-02-24T18:20:43,13,1,0,14
2024-02-24T18:36:03,13,1,0,14
2024-02-24T18:51:22,13,1,0,14
2024-02-24T19:06:42,13,1,0,14
2024-02-24T19:22:02,13,1,0,14
2024-02-24T19:37:22,13,1,0,14
2024-02-24T19:52:41,13,1,0,14
2024-02-24T20:08:11,13,1,0,14
2024-02-24T20:23:32,13,1,0,14
2024-02-24T20:38:52,13,1,0,14
2024-02-24T20:54:11,13,1,0,14
2024-02-24T21:09:32,13,1,0,14
2024-02-24T21:24:51,13,1,0,14
2024-02-24T21:40:10,13,1,0,14
2024-02-24T21:55:30,13,1,0,14
2024-02-24T22:10:49,13,1,0,14
2024-02-24T22:26:09,13,1,0,14
2024-02-24T22:41:37,13,1,0,14
2024-02-24T22:56:56,13,1,0,14
2024-02-24T23:12:15,13,1,0,14
2024-02-24T23:27:34,13,1,0,14
2024-02-24T23:42:53,13,1,0,14
2024-02-24T23:58:12,13,1,0,14
2024-02-25T00:13:34,13,1,0,14
2024-02-25T00:28:55,13,1,0,14
2024-02-25T00:44:17,13,1,0,14
2024-02-25T00:59:38,13,1,0,14
2024-02-25T01:15:07,13,1,0,14
2024-02-25T01:30:27,13,1,0,14
2024-02-25T01:45:47,13,1,0,14
2024-02-25T02:01:07,13,1,0,14
2024-02-25T02:16:28,13,1,0,14
2024-02-25T02:31:49,13,1,0,14
2024-02-25T02:47:08,13,1,0,14
2024-02-25T03:02:28,13,1,0,14
2024-02-25T03:17:48,13,1,0,14
2024-02-25T03:33:08,13,1,0,14
2024-02-25T03:48:32,13,1,0,14
2024-02-25T04:03:56,13,1,0,14
2024-02-25T04:31:25,13,1,0,14
2024-02-25T04:48:42,13,1,0,14
2024-02-25T05:04:27,13,1,0,14
2024-02-25T05:20:06,13,1,0,14
2024-02-25T05:35:33,13,1,0,14
2024-02-25T05:50:58,13,1,0,14
2024-02-25T06:06:29,13,1,0,14
2024-02-25T06:21:55,13,1,0,14
2024-02-25T06:37:21,13,1,0,14
2024-02-25T06:52:44,13,1,0,14
2024-02-25T07:08:07,13,1,0,14
2024-02-25T07:23:32,13,1,0,14
2024-02-25T07:38:55,13,1,0,14
2024-02-25T07:54:19,13,1,0,14
2024-02-25T08:09:46,13,1,0,14
2024-02-25T08:25:10,13,1,0,14
2024-02-25T08:40:43,13,1,0,14
2024-02-25T08:56:08,13,1,0,14
2024-02-25T09:11:31,13,1,0,14
2024-02-25T09:26:51,13,1,0,14
2024-02-25T09:42:12,13,1,0,14
2024-02-25T09:57:32,13,1,0,14
2024-02-25T10:12:53,13,1,0,14
2024-02-25T10:28:12,13,1,0,14
2024-02-25T10:43:33,13,1,0,14
2024-02-25T10:58:53,13,1,0,14
2024-02-25T11:14:14,13,1,0,14
2024-02-25T11:29:35,13,1,0,14
2024-02-25T11:44:55,13,1,0,14
2024-02-25T12:00:14,13,1,0,14
2024-02-25T12:15:44,13,1,0,14
2024-02-25T12:31:03,13,1,0,14
2024-02-25T12:46:23,13,1,0,14
2024-02-25T13:01:42,13,1,0,14
2024-02-25T13:17:00,13,1,0,14
2024-02-25T13:32:19,13,1,0,14
2024-02-25T13:47:38,13,1,0,14
2024-02-25T14:02:57,13,1,0,14
2024-02-25T14:18:16,13,1,0,14
2024-02-25T14:33:35,13,1,0,14
2024-02-25T14:49:07,13,1,0,14
2024-02-25T15:04:26,13,1,0,14
2024-02-25T15:19:45,13,1,0,14
2024-02-25T15:35:05,13,1,0,14
2024-02-25T15:50:24,13,1,0,14
2024-02-25T16:05:43,13,1,0,14
2024-02-25T16:21:03,13,1,0,14
2024-02-25T16:36:32,13,1,0,14
2024-02-25T16:51:52,13,1,0,14
2024-02-25T17:07:11,13,1,0,14
2024-02-25T17:22:30,13,1,0,14
2024-02-25T17:37:49,13,1,0,14
2024-02-25T17:53:07,13,1,0,14
2024-02-25T18:08:27,13,1,0,14
2024-02-25T18:23:56,13,1,0,14
2024-02-25T18:39:16,13,1,0,14
2024-02-25T18:54:35,13,1,0,14
2024-02-25T19:09:57,13,1,0,14
2024-02-25T19:25:16,13,1,0,14
2024-02-25T19:40:35,13,1,0,14
2024-02-25T19:55:54,13,1,0,14
2024-02-25T20:11:23,13,1,0,14
2024-02-25T20:26:42,13,1,0,14
2024-02-25T20:42:01,13,1,0,14
2024-02-25T20:57:20,13,1,0,14
2024-02-25T21:12:39,13,1,0,14
2024-02-25T21:27:59,13,1,0,14
2024-02-25T21:43:19,13,1,0,14
2024-02-25T21:58:48,13,1,0,14
2024-02-25T22:14:08,13,1,0,14
2024-02-25T22:29:27,13,1,0,14
2024-02-25T22:44:46,13,1,0,14
2024-02-25T23:00:05,13,1,0,14
2024-02-25T23:15:34,13,1,0,14
2024-02-25T23:30:55,13,1,0,14
2024-02-25T23:46:14,13,1,0,14
2024-02-26T00:02:15,13,1,0,14
2024-02-26T00:18:09,13,1,0,14
2024-02-26T00:33:42,13,1,0,14
2024-02-26T00:49:08,13,1,0,14
2024-02-26T01:04:31,13,1,0,14
2024-02-26T01:19:59,13,1,0,14
2024-02-26T01:35:27,13,1,0,14
2024-02-26T01:50:50,13,1,0,14
2024-02-26T02:06:21,13,1,0,14
2024-02-26T02:21:54,13,1,0,14
2024-02-26T02:37:17,13,1,0,14
2024-02-26T02:52:38,13,1,0,14
2024-02-26T03:08:00,13,1,0,14
2024-02-26T03:23:32,13,1,0,14
2024-02-26T03:38:55,13,1,0,14
2024-02-26T03:54:16,13,1,0,14
2024-02-26T04:09:39,13,1,0,14
2024-02-26T04:29:36,13,1,0,14
2024-02-26T04:45:01,13,1,0,14
2024-02-26T05:00:30,13,1,0,14
2024-02-26T05:16:03,13,1,0,14
2024-02-26T05:31:27,13,1,0,14
2024-02-26T05:46:51,13,1,0,14
2024-02-26T06:02:17,13,1,0,14
2024-02-26T06:17:42,13,1,0,14
2024-02-26T06:33:03,13,1,0,14
2024-02-26T06:48:25,13,1,0,14
2024-02-26T07:03:45,13,1,0,14
2024-02-26T07:19:05,13,1,0,14
2024-02-26T07:34:25,13,1,0,14
2024-02-26T07:49:44,13,1,0,14
2024-02-26T08:05:03,13,1,0,14
2024-02-26T08:20:22,13,1,0,14
2024-02-26T08:35:40,13,1,0,14
2024-02-26T08:51:09,13,1,0,14
2024-02-26T09:06:29,13,1,0,14
2024-02-26T09:21:48,13,1,0,14
2024-02-26T09:37:07,13,1,0,14
2024-02-26T09:52:27,13,1,0,14
2024-02-26T10:07:47,13,1,0,14
2024-02-26T10:23:21,13,1,0,14
2024-02-26T10:38:42,13,1,0,14
2024-02-26T10:54:03,13,1,0,14
2024-02-26T11:09:38,13,1,0,14
2024-02-26T11:25:01,13,1,0,14
2024-02-26T11:40:22,13,1,0,14
2024-02-26T11:55:55,13,1,0,14
2024-02-26T12:11:19,13,1,0,14
2024-02-26T12:26:41,14,0,0,14
2024-02-26T12:42:12,14,0,0,14
2024-02-26T12:57:35,14,0,0,14
2024-02-26T13:12:58,14,0,0,14
2024-02-26T13:28:31,14,0,0,14
2024-02-26T13:43:55,14,0,0,14
2024-02-26T13:59:21,14,0,0,14
2024-02-26T14:14:57,14,0,0,14
2024-02-26T14:30:22,14,0,0,14
2024-02-26T14:45:57,14,0,0,14
2024-02-26T15:01:21,14,0,0,14
2024-02-26T15:16:45,14,0,0,14
2024-02-26T15:32:22,14,0,0,14
2024-02-26T15:47:47,14,0,0,14
2024-02-26T16:03:13,14,0,0,14
2024-02-26T16:18:38,14,0,0,14
2024-02-26T16:34:14,14,0,0,14
2024-02-26T16:49:40,14,0,0,14
2024-02-26T17:05:05,14,0,0,14
2024-02-26T17:20:41,14,0,0,14
2024-02-26T17:36:07,14,0,0,14
2024-02-26T17:51:33,14,0,0,14
2024-02-26T18:06:59,14,0,0,14
2024-02-26T18:22:25,14,0,0,14
2024-02-26T18:38:01,14,0,0,14
2024-02-26T18:53:28,14,0,0,14
2024-02-26T19:08:54,14,0,0,14
2024-02-26T19:24:19,14,0,0,14
2024-02-26T19:39:55,14,0,0,14
2024-02-26T19:55:20,14,0,0,14
2024-02-26T20:10:45,14,0,0,14
2024-02-26T20:26:12,14,0,0,14
2024-02-26T20:41:49,14,0,0,14
2024-02-26T20:57:13,14,0,0,14
2024-02-26T21:12:39,14,0,0,14
2024-02-26T21:28:04,14,0,0,14
2024-02-26T21:43:30,14,0,0,14
2024-02-26T21:59:05,14,0,0,14
2024-02-26T22:14:31,14,0,0,14
2024-02-26T22:29:56,14,0,0,14
2024-02-26T22:45:21,14,0,0,14
2024-02-26T23:00:46,14,0,0,14
2024-02-26T23:16:24,14,0,0,14
2024-02-26T23:31:50,14,0,0,14
2024-02-26T23:47:16,14,0,0,14
2024-02-27T00:02:42,14,0,0,14
2024-02-27T00:29:58,14,0,0,14
2024-02-27T00:45:28,14,0,0,14
2024-02-27T03:03:22,14,0,0,14
2024-02-27T03:18:47,14,0,0,14
2024-02-27T03:34:13,14,0,0,14
2024-02-27T03:49:43,14,0,0,14
2024-02-27T04:05:14,14,0,0,14
2024-02-27T04:35:43,14,0,0,14
2024-02-27T04:52:36,14,0,0,14
2024-02-27T05:08:13,14,0,0,14
2024-02-27T05:23:44,14,0,0,14
2024-02-27T05:39:15,14,0,0,14
2024-02-27T05:54:46,14,0,0,14
2024-02-27T06:10:21,14,0,0,14
2024-02-27T06:25:49,14,0,0,14
2024-02-27T06:41:17,14,0,0,14
2024-02-27T06:56:43,14,0,0,14
2024-02-27T07:12:08,14,0,0,14
2024-02-27T07:27:34,14,0,0,14
2024-02-27T07:43:02,14,0,0,14
2024-02-27T07:58:31,14,0,0,14
2024-02-27T08:13:59,14,0,0,14
2024-02-27T08:29:26,14,0,0,14
2024-02-27T08:45:04,14,0,0,14
2024-02-27T09:00:32,14,0,0,14
2024-02-27T09:16:00,14,0,0,14
2024-02-27T09:31:28,14,0,0,14
2024-02-27T09:46:56,14,0,0,14
2024-02-27T10:02:37,14,0,0,14
2024-02-27T10:18:05,13,1,0,14
2024-02-27T10:33:33,13,1,0,14
2024-02-27T10:49:00,13,1,0,14
2024-02-27T11:04:39,13,1,0,14
2024-02-27T11:20:06,13,1,0,14
2024-02-27T11:35:34,13,1,0,14
2024-02-27T11:51:03,13,1,0,14
2024-02-27T12:06:43,13,1,0,14
2024-02-27T12:22:12,13,1,0,14
2024-02-27T12:37:47,13,1,0,14
2024-02-27T12:53:14,13,1,0,14
2024-02-27T13:08:39,13,1,0,14
2024-02-27T13:24:15,13,1,0,14
2024-02-27T13:39:42,13,1,0,14
2024-02-27T13:55:09,13,1,0,14
2024-02-27T14:10:51,13,1,0,14
2024-02-27T14:26:19,13,1,0,14
2024-02-27T14:41:47,13,1,0,14
2024-02-27T14:57:26,13,1,0,14
2024-02-27T15:12:54,13,1,0,14
2024-02-27T15:28:31,13,1,0,14
2024-02-27T15:44:10,13,1,0,14
2024-02-27T15:59:38,13,1,0,14
2024-02-27T16:15:07,13,1,0,14
2024-02-27T16:30:45,13,1,0,14
2024-02-27T16:46:14,13,1,0,14
2024-02-27T17:01:42,13,1,0,14
2024-02-27T17:17:23,13,1,0,14
2024-02-27T17:32:52,14,0,0,14
2024-02-27T17:48:20,14,0,0,14
2024-02-27T18:03:48,14,0,0,14
2024-02-27T18:19:28,14,0,0,14
2024-02-27T18:34:57,14,0,0,14
2024-02-27T18:50:25,14,0,0,14
2024-02-27T19:05:53,14,0,0,14
2024-02-27T19:21:35,14,0,0,14
2024-02-27T19:37:02,14,0,0,14
2024-02-27T19:52:30,14,0,0,14
2024-02-27T20:08:00,14,0,0,14
2024-02-27T20:23:40,14,0,0,14
2024-02-27T20:39:09,14,0,0,14
2024-02-27T20:54:36,14,0,0,14
2024-02-27T21:10:04,14,0,0,14
2024-02-27T21:25:40,14,0,0,14
2024-02-27T21:41:07,14,0,0,14
2024-02-27T21:56:36,14,0,0,14
2024-02-27T22:12:05,14,0,0,14
2024-02-27T22:27:33,14,0,0,14
2024-02-27T22:43:13,14,0,0,14
2024-02-27T22:58:41,14,0,0,14
2024-02-27T23:14:11,14,0,0,14
2024-02-27T23:29:39,14,0,0,14
2024-02-27T23:45:07,14,0,0,14
2024-02-28T00:00:35,14,0,0,14
2024-02-28T00:16:17,14,0,0,14
2024-02-28T00:31:47,14,0,0,14
2024-02-28T00:47:19,14,0,0,14
2024-02-28T01:02:51,14,0,0,14
2024-02-28T01:18:22,14,0,0,14
2024-02-28T01:33:50,14,0,0,14
2024-02-28T01:49:21,14,0,0,14
2024-02-28T02:04:51,14,0,0,14
2024-02-28T02:20:20,14,0,0,14
2024-02-28T02:35:52,14,0,0,14
2024-02-28T02:51:22,14,0,0,14
2024-02-28T03:07:00,14,0,0,14
2024-02-28T03:22:30,14,0,0,14
2024-02-28T03:38:00,14,0,0,14
2024-02-28T03:53:31,14,0,0,14
2024-02-28T04:11:14,14,0,0,14
2024-02-28T04:34:51,14,0,0,14
2024-02-28T04:50:26,14,0,0,14
2024-02-28T05:06:18,14,0,0,14
2024-02-28T05:21:49,14,0,0,14
2024-02-28T05:37:21,14,0,0,14
2024-02-28T05:52:52,14,0,0,14
2024-02-28T06:08:27,14,0,0,14
2024-02-28T06:23:58,14,0,0,14
2024-02-28T06:39:28,14,0,0,14
2024-02-28T06:55:00,14,0,0,14
2024-02-28T07:10:31,14,0,0,14
2024-02-28T07:26:00,14,0,0,14
2024-02-28T07:41:29,14,0,0,14
2024-02-28T07:56:59,14,0,0,14
2024-02-28T08:12:29,14,0,0,14
2024-02-28T08:27:59,14,0,0,14
2024-02-28T08:43:38,14,0,0,14
2024-02-28T09:01:07,14,0,0,14
2024-02-28T09:16:40,14,0,0,14
2024-02-28T09:32:09,14,0,0,14
2024-02-28T09:47:36,14,0,0,14
2024-02-28T10:03:04,14,0,0,14
2024-02-28T10:18:45,14,0,0,14
2024-02-28T10:34:15,14,0,0,14
2024-02-28T10:49:43,14,0,0,14
2024-02-28T11:05:24,14,0,0,14
2024-02-28T11:20:53,14,0,0,14
2024-02-28T11:36:23,14,0,0,14
2024-02-28T11:52:04,14,0,0,14
2024-02-28T12:07:33,14,0,0,14
2024-02-28T12:23:10,14,0,0,14
2024-02-28T12:38:38,14,0,0,14
2024-02-28T12:54:06,14,0,0,14
2024-02-28T13:09:47,14,0,0,14
2024-02-28T13:25:15,14,0,0,14
2024-02-28T13:40:44,14,0,0,14
2024-02-28T13:56:24,14,0,0,14
2024-02-28T14:11:54,14,0,0,14
2024-02-28T14:27:24,14,0,0,14
2024-02-28T14:43:06,14,0,0,14
2024-02-28T14:58:34,14,0,0,14
2024-02-28T15:14:16,14,0,0,14
2024-02-28T15:29:47,14,0,0,14
2024-02-28T15:45:18,14,0,0,14
2024-02-28T16:01:01,14,0,0,14
2024-02-28T16:16:34,14,0,0,14
2024-02-28T16:32:05,14,0,0,14
2024-02-28T16:47:47,14,0,0,14
2024-02-28T17:03:18,14,0,0,14
2024-02-28T17:18:50,14,0,0,14
2024-02-28T17:34:33,14,0,0,14
2024-02-28T17:50:04,14,0,0,14
2024-02-28T18:05:35,14,0,0,14
2024-02-28T18:21:16,14,0,0,14
2024-02-28T18:36:47,14,0,0,14
2024-02-28T18:52:16,14,0,0,14
2024-02-28T19:07:58,14,0,0,14
2024-02-28T19:23:28,14,0,0,14
2024-02-28T19:38:56,14,0,0,14
2024-02-28T19:54:25,14,0,1,14
2024-02-28T20:10:04,14,0,1,14
2024-02-28T20:25:34,14,0,1,14
2024-02-28T20:41:02,14,0,1,14
2024-02-28T20:56:31,14,0,1,14
2024-02-28T21:12:11,14,0,1,14
2024-02-28T21:27:40,14,0,1,14
2024-02-28T21:43:09,14,0,1,14
2024-02-28T21:58:49,14,0,1,14
2024-02-28T22:14:18,14,0,1,14
2024-02-28T22:29:46,14,0,1,14
2024-02-28T22:45:15,14,0,1,14
2024-02-28T23:00:43,14,0,1,14
2024-02-28T23:16:23,14,0,1,14
2024-02-28T23:31:52,14,0,1,14
2024-02-28T23:47:21,14,0,1,14
2024-02-29T00:02:50,14,0,1,14
2024-02-29T00:18:21,14,0,1,14
2024-02-29T00:34:04,14,0,1,14
2024-02-29T00:49:37,14,0,1,14
2024-02-29T01:05:10,14,0,1,14
2024-02-29T01:20:41,14,0,1,14
2024-02-29T01:36:11,14,0,1,14
2024-02-29T01:51:41,14,0,1,14
2024-02-29T02:07:12,14,0,1,14
2024-02-29T02:22:42,14,0,1,14
2024-02-29T02:38:25,14,0,1,14
2024-02-29T02:53:54,14,0,1,14
2024-02-29T03:09:24,14,0,1,14
2024-02-29T03:24:53,14,0,1,14
2024-02-29T03:40:23,14,0,1,14
2024-02-29T03:55:54,14,0,1,14
2024-02-29T04:11:28,14,0,1,14
2024-02-29T04:31:11,14,0,1,14
2024-02-29T04:48:30,14,0,1,14
2024-02-29T05:04:05,14,0,1,14
2024-02-29T05:19:38,14,0,1,14
2024-02-29T05:35:13,14,0,1,14
2024-02-29T05:50:46,14,0,1,14
2024-02-29T06:07:19,14,0,1,14
2024-02-29T06:24:48,14,0,1,14
2024-02-29T06:40:19,14,0,1,14
2024-02-29T06:56:00,14,0,1,14
2024-02-29T07:13:31,14,0,1,14
2024-02-29T07:30:02,14,0,1,14
2024-02-29T07:45:31,14,0,1,14
2024-02-29T08:01:02,14,0,1,14
2024-02-29T08:16:31,14,0,1,14
2024-02-29T08:32:03,14,0,1,14
2024-02-29T08:47:34,14,0,1,14
2024-02-29T09:03:04,14,0,1,14
2024-02-29T09:18:46,14,0,1,14
2024-02-29T09:34:17,14,0,1,14
2024-02-29T09:49:48,14,0,1,14
2024-02-29T10:05:20,14,0,1,14
2024-02-29T10:21:01,14,0,1,14
2024-02-29T10:36:35,14,0,1,14
2024-02-29T10:52:06,14,0,1,14
2024-02-29T11:07:48,14,0,1,14
2024-02-29T11:23:20,14,0,1,14
2024-02-29T11:38:51,14,0,1,14
2024-02-29T11:54:34,14,0,1,14
2024-02-29T12:10:13,14,0,1,14
2024-02-29T12:25:44,14,0,1,14
2024-02-29T12:41:27,14,0,1,14
2024-02-29T12:59:03,14,0,1,14
2024-02-29T13:16:53,14,0,1,14
2024-02-29T13:35:32,14,0,1,14
2024-02-29T13:51:06,14,0,1,14
2024-02-29T14:06:49,14,0,1,14
2024-02-29T14:22:22,14,0,1,14
2024-02-29T14:38:05,14,0,1,14
2024-02-29T14:53:43,14,0,1,14
2024-02-29T15:09:30,14,0,1,14
2024-02-29T15:25:03,14,0,1,14
2024-02-29T15:40:50,14,0,1,14
2024-02-29T15:56:23,14,0,1,14
2024-02-29T16:11:56,14,0,1,14
2024-02-29T16:27:40,14,0,1,14
2024-02-29T16:43:13,14,0,1,14
2024-02-29T16:58:44,14,0,1,14
2024-02-29T17:14:30,14,0,1,14
2024-02-29T17:30:01,14,0,1,14
2024-02-29T17:45:34,14,0,1,14
2024-02-29T18:01:06,14,0,1,14
2024-02-29T18:16:51,14,0,1,14
2024-02-29T18:32:24,14,0,1,14
2024-02-29T18:47:55,14,0,1,14
2024-02-29T19:03:41,14,0,1,14
2024-02-29T19:19:12,14,0,1,14
2024-02-29T19:34:45,14,0,1,14
2024-02-29T19:50:30,14,0,1,14
2024-02-29T20:06:02,14,0,1,14
2024-02-29T20:21:33,14,0,1,14
2024-02-29T20:37:04,14,0,1,14
2024-02-29T20:52:47,14,0,1,14
2024-02-29T21:08:17,14,0,1,14
2024-02-29T21:23:47,14,0,1,14
2024-02-29T21:39:17,14,0,1,14
2024-02-29T21:54:48,14,0,1,14
2024-02-29T22:10:36,14,0,1,14
2024-02-29T22:26:05,14,0,1,14
2024-02-29T22:41:36,14,0,1,14
2024-02-29T22:57:05,14,0,1,14
2024-02-29T23:12:36,14,0,1,14
2024-02-29T23:28:19,14,0,1,14
2024-02-29T23:43:49,14,0,1,14
2024-02-29T23:59:19,14,0,1,14
2024-03-01T00:14:52,14,0,1,14
2024-03-01T00:30:24,14,0,1,14
2024-03-01T00:46:10,14,0,1,14
2024-03-01T01:01:44,14,0,1,14
2024-03-01T01:17:17,14,0,1,14
2024-03-01T01:32:51,14,0,1,14
2024-03-01T01:48:23,14,0,1,14
2024-03-01T02:03:54,14,0,1,14
2024-03-01T02:19:25,14,0,1,14
2024-03-01T02:34:59,14,0,1,14
2024-03-01T02:50:31,14,0,1,14
2024-03-01T03:06:15,14,0,1,14
2024-03-01T03:21:50,14,0,1,14
2024-03-01T03:37:23,14,0,1,14
2024-03-01T03:52:57,14,0,1,14
2024-03-01T04:26:15,14,0,1,14
2024-03-01T04:41:50,14,0,1,14
2024-03-01T04:59:04,14,0,1,14
2024-03-01T05:14:38,14,0,1,14
2024-03-01T05:30:11,14,0,1,14
2024-03-01T05:45:46,14,0,1,14
2024-03-01T06:01:19,14,0,1,14
2024-03-01T06:16:55,14,0,1,14
2024-03-01T06:32:29,14,0,1,14
2024-03-01T06:48:01,14,0,1,14
2024-03-01T07:03:33,14,0,1,14
2024-03-01T07:22:01,14,0,1,14
2024-03-01T07:39:31,14,0,1,14
2024-03-01T07:57:01,14,0,1,14
2024-03-01T08:12:44,14,0,1,14
2024-03-01T08:28:15,14,0,1,14
2024-03-01T08:43:47,14,0,1,14
2024-03-01T08:59:18,14,0,1,14
2024-03-01T09:14:51,14,0,1,14
2024-03-01T09:30:33,14,0,1,14
2024-03-01T09:46:20,14,0,1,14
2024-03-01T10:01:54,14,0,1,14
2024-03-01T10:17:28,14,0,1,14
2024-03-01T10:33:16,14,0,1,14
2024-03-01T10:48:52,14,0,1,14
2024-03-01T11:04:41,14,0,1,14
2024-03-01T11:20:27,14,0,1,14
2024-03-01T11:36:01,14,0,1,14
2024-03-01T11:51:37,14,0,1,14
2024-03-01T12:07:30,14,0,1,14
2024-03-01T12:23:14,14,0,1,14
2024-03-01T12:39:58,14,0,1,14
2024-03-01T12:55:46,14,0,1,14
2024-03-01T13:11:34,14,0,1,14
2024-03-01T13:27:19,14,0,1,14
2024-03-01T13:42:56,14,0,1,14
2024-03-01T13:58:41,14,0,1,14
2024-03-01T14:14:15,14,0,1,14
2024-03-01T14:29:49,14,0,1,14
2024-03-01T14:45:37,14,0,1,14
2024-03-01T15:01:12,14,0,1,14
2024-03-01T15:16:56,14,0,1,14
2024-03-01T15:32:31,14,0,1,14
2024-03-01T15:48:06,14,0,1,14
2024-03-01T16:03:53,14,0,1,14
2024-03-01T16:19:26,14,0,1,14
2024-03-01T16:35:03,14,0,1,14
2024-03-01T16:50:49,14,0,1,14
2024-03-01T17:06:26,14,0,1,14
2024-03-01T17:22:15,14,0,1,14
2024-03-01T17:38:01,14,0,1,14
2024-03-01T17:53:34,14,0,2,14
2024-03-01T18:09:07,14,0,2,14
2024-03-01T18:24:39,14,0,2,14
2024-03-01T18:40:22,14,0,2,14
2024-03-01T18:55:53,14,0,2,14
2024-03-01T19:11:24,14,0,2,14
2024-03-01T19:26:55,14,0,2,14
2024-03-01T19:42:26,14,0,2,14
2024-03-01T19:58:08,14,0,2,14
2024-03-01T20:13:44,14,0,2,14
2024-03-01T20:29:16,14,0,2,14
2024-03-01T20:44:47,14,0,2,14
2024-03-01T21:00:19,14,0,2,14
2024-03-01T21:15:50,14,0,2,14
2024-03-01T21:31:31,14,0,2,14
2024-03-01T21:47:03,14,0,2,14
2024-03-01T22:02:34,14,0,2,14
2024-03-01T22:18:05,14,0,2,14
2024-03-01T22:33:36,14,0,2,14
2024-03-01T22:49:08,14,0,2,14
2024-03-01T23:04:51,14,0,2,14
2024-03-01T23:20:22,14,0,2,14
2024-03-01T23:35:54,14,0,2,14
2024-03-01T23:51:26,14,0,2,14
2024-03-02T00:06:59,14,0,2,14
2024-03-02T00:22:35,14,0,2,14
2024-03-02T00:38:10,14,0,2,14
2024-03-02T00:53:44,14,0,2,14
2024-03-02T01:09:29,14,0,2,14
2024-03-02T01:25:03,14,0,2,14
2024-03-02T01:40:36,14,0,2,14
2024-03-02T01:56:10,14,0,2,14
2024-03-02T02:11:44,14,0,2,14
2024-03-02T02:27:18,14,0,2,14
2024-03-02T02:42:52,14,0,2,14
2024-03-02T02:58:24,14,0,2,14
2024-03-02T03:13:58,14,0,2,14
2024-03-02T03:29:42,14,0,2,14
2024-03-02T03:45:13,14,0,2,14
2024-03-02T04:00:46,14,0,2,14
2024-03-02T04:16:20,14,0,2,14
2024-03-04T11:13:09,14,0,2,14
2024-03-04T11:28:51,14,0,2,14
2024-03-04T11:44:51,14,0,2,14
2024-03-04T12:00:33,14,0,2,14
2024-03-04T12:16:15,14,0,2,14
2024-03-04T12:31:56,14,0,2,14
2024-03-04T12:47:48,14,0,2,14
2024-03-04T13:03:29,14,0,2,14
2024-03-04T13:19:11,14,0,2,14
2024-03-04T13:34:53,14,0,2,14
2024-03-04T13:50:45,14,0,2,14
2024-03-04T14:06:27,14,0,2,14
2024-03-04T14:22:09,14,0,2,14
2024-03-04T14:38:10,14,0,2,14
2024-03-04T14:53:52,14,0,2,14
2024-03-04T15:09:34,14,0,2,14
2024-03-04T15:25:16,14,0,2,14
2024-03-04T15:41:08,14,0,2,14
2024-03-04T15:56:51,14,0,2,14
2024-03-04T16:12:33,14,0,2,14
2024-03-04T16:28:34,14,0,2,14
2024-03-04T16:44:17,14,0,2,14
2024-03-04T16:59:59,14,0,2,14
2024-03-04T17:15:42,14,0,2,14
2024-03-04T17:31:24,14,0,2,14
2024-03-04T17:47:17,14,0,2,14
2024-03-04T18:02:59,14,0,2,14
2024-03-04T18:18:41,14,0,2,14
2024-03-04T18:34:23,14,0,2,14
2024-03-04T18:50:15,14,0,2,14
2024-03-04T19:05:57,14,0,2,14
2024-03-04T19:21:39,14,0,2,14
2024-03-04T19:37:21,14,0,2,14
2024-03-04T19:53:02,14,0,2,14
2024-03-04T20:08:54,14,0,2,14
2024-03-04T20:24:36,14,0,2,14
2024-03-04T20:40:17,14,0,2,14
2024-03-04T20:55:59,14,0,2,14
2024-03-04T21:11:52,14,0,2,14
2024-03-04T21:27:34,13,1,2,14
2024-03-04T21:43:16,13,1,2,14
2024-03-04T21:58:57,13,1,2,14
2024-03-04T22:14:40,13,1,2,14
2024-03-04T22:30:22,14,0,1,14
2024-03-04T22:46:24,14,0,1,14
2024-03-04T23:02:08,14,0,1,14
2024-03-04T23:17:50,14,0,1,14
2024-03-04T23:33:33,14,0,1,14
2024-03-04T23:49:15,14,0,1,14
2024-03-05T00:05:09,14,0,1,14
2024-03-05T00:20:54,14,0,1,14
2024-03-05T00:36:41,14,0,1,14
2024-03-05T00:52:28,14,0,1,14
2024-03-05T01:08:15,14,0,1,14
2024-03-05T01:23:59,14,0,1,14
2024-03-05T01:39:44,14,0,1,14
2024-03-05T01:55:28,14,0,1,14
2024-03-05T02:11:12,14,0,1,14
2024-03-05T02:27:17,14,0,1,14
2024-03-05T02:43:03,14,0,1,14
2024-03-05T02:58:46,14,0,1,14
2024-03-05T03:14:30,14,0,1,14
2024-03-05T03:30:14,14,0,1,14
2024-03-05T03:45:59,14,0,1,14
2024-03-05T04:01:46,14,0,1,14
2024-03-05T04:17:33,14,0,1,14
2024-03-05T04:35:55,14,0,1,14
2024-03-05T04:53:14,14,0,1,14
2024-03-05T05:09:08,14,0,1,14
2024-03-05T05:24:56,14,0,1,14
2024-03-05T05:40:43,14,0,1,14
2024-03-05T05:56:29,14,0,1,14
2024-03-05T06:12:27,14,0,1,14
2024-03-05T06:28:13,14,0,1,14
2024-03-05T06:43:58,14,0,1,14
2024-03-05T06:59:42,14,0,1,14
2024-03-05T07:15:28,14,0,1,14
2024-03-05T07:31:12,14,0,1,14
2024-03-05T07:46:59,14,0,1,14
2024-03-05T08:02:50,14,0,1,14
2024-03-05T08:19:00,14,0,1,14
2024-03-05T08:34:46,14,0,1,14
2024-03-05T08:50:31,14,0,1,14
2024-03-05T09:06:15,14,0,1,14
2024-03-05T09:21:59,14,0,1,14
2024-03-05T09:37:43,14,0,1,14
2024-03-05T09:53:38,14,0,1,14
2024-03-05T10:09:22,14,0,1,14
2024-03-05T10:25:06,14,0,1,14
2024-03-05T10:40:50,14,0,1,14
2024-03-05T10:56:53,14,0,1,14
2024-03-05T11:12:38,14,0,1,14
2024-03-05T11:28:21,14,0,1,14
2024-03-05T11:44:16,14,0,1,14
2024-03-05T11:59:59,14,0,1,14
2024-03-05T12:16:03,14,0,1,14
2024-03-05T12:31:45,14,0,1,14
2024-03-05T12:47:29,14,0,1,14
2024-03-05T13:03:25,14,0,1,14
2024-03-05T13:19:10,14,0,1,14
2024-03-05T13:34:53,14,0,1,14
2024-03-05T13:50:56,14,0,1,14
2024-03-05T14:06:41,14,0,1,14
2024-03-05T14:22:26,14,0,1,14
2024-03-05T14:38:10,14,0,1,14
2024-03-05T14:54:05,14,0,1,14
2024-03-05T15:09:49,14,0,1,14
2024-03-05T15:25:33,14,0,1,14
2024-03-05T15:41:35,14,0,1,14
2024-03-05T15:57:19,14,0,1,14
2024-03-05T16:13:03,14,0,1,14
2024-03-05T16:28:57,14,0,1,14
2024-03-05T16:44:41,14,0,1,14
2024-03-05T17:00:25,14,0,1,14
2024-03-05T17:16:10,14,0,1,14
2024-03-05T17:32:04,14,0,1,14
2024-03-05T17:47:47,14,0,1,14
2024-03-05T18:03:30,14,0,1,14
2024-03-05T18:19:14,14,0,1,14
2024-03-05T18:35:09,14,0,1,14
2024-03-05T18:50:52,14,0,1,14
2024-03-05T19:06:36,14,0,1,14
2024-03-05T19:22:20,14,0,1,14
2024-03-05T19:38:21,14,0,1,14
2024-03-05T19:54:04,14,0,1,14
2024-03-05T20:09:48,14,0,1,14
2024-03-05T20:25:31,14,0,1,14
2024-03-05T20:41:26,14,0,1,14
2024-03-05T20:57:09,14,0,1,14
2024-03-05T21:12:53,14,0,1,14
2024-03-05T21:28:36,14,0,1,14
2024-03-05T21:44:32,14,0,1,14
2024-03-05T22:00:15,14,0,1,14
2024-03-05T22:15:59,14,0,1,14
2024-03-05T22:31:42,14,0,1,14
2024-03-05T22:47:46,14,0,1,14
2024-03-05T23:03:29,14,0,1,14
2024-03-05T23:19:14,14,0,1,14
2024-03-05T23:34:58,14,0,1,14
2024-03-05T23:50:42,14,0,1,14
2024-03-06T00:06:36,14,0,1,14
2024-03-06T00:22:23,14,0,1,14
2024-03-06T00:38:10,14,0,1,14
2024-03-06T00:53:57,14,0,1,14
2024-03-06T01:09:43,14,0,1,14
2024-03-06T01:25:30,14,0,1,14
2024-03-06T01:41:28,14,0,1,14
2024-03-06T01:57:14,14,0,1,14
2024-03-06T02:13:02,14,0,1,14
2024-03-06T02:28:49,14,0,1,14
2024-03-06T02:44:39,14,0,1,14
2024-03-06T03:00:25,14,0,1,14
2024-03-06T03:16:23,14,0,1,14
2024-03-06T03:32:10,14,0,1,14
2024-03-06T03:47:57,14,0,1,14
2024-03-06T04:03:46,14,0,1,14
2024-03-06T04:35:13,14,0,1,14
2024-03-06T04:52:54,14,0,1,14
2024-03-06T05:08:45,14,0,1,14
2024-03-06T05:24:34,14,0,1,14
2024-03-06T05:40:22,14,0,1,14
2024-03-06T05:56:09,14,0,1,14
2024-03-06T06:11:57,14,0,1,14
2024-03-06T06:27:45,14,0,1,14
2024-03-06T06:46:37,14,0,1,14
2024-03-06T07:04:22,14,0,1,14
2024-03-06T07:22:06,14,0,1,14
2024-03-06T07:37:51,14,0,1,14
2024-03-06T07:53:36,14,0,1,14
2024-03-06T08:12:20,14,0,1,14
2024-03-06T08:31:03,14,0,1,14
2024-03-06T08:47:47,14,0,1,14
2024-03-06T09:03:44,14,0,1,14
2024-03-06T09:19:28,14,0,1,14
2024-03-06T09:35:13,14,0,1,14
2024-03-06T09:50:57,14,0,1,14
2024-03-06T10:06:40,14,0,1,14
2024-03-06T10:22:33,14,0,1,14
2024-03-06T10:38:16,14,0,1,14
2024-03-06T10:53:59,14,0,1,14
2024-03-06T11:09:42,14,0,1,14
2024-03-06T11:25:36,14,0,1,14
2024-03-06T11:41:21,14,0,1,14
2024-03-06T11:57:05,14,0,1,14
2024-03-06T12:13:00,14,0,1,14
2024-03-06T12:28:43,14,0,1,14
2024-03-06T12:44:26,14,0,1,14
2024-03-06T13:00:22,14,0,1,14
2024-03-06T13:16:05,14,0,1,14
2024-03-06T13:31:49,14,0,1,14
2024-03-06T13:47:32,14,0,1,14
2024-03-06T14:03:27,14,0,1,14
2024-03-06T14:19:10,14,0,1,14
2024-03-06T14:34:56,14,0,1,14
2024-03-06T14:50:40,14,0,1,14
2024-03-06T15:06:37,14,0,1,14
2024-03-06T15:22:22,14,0,1,14
2024-03-06T15:38:05,14,0,1,14
2024-03-06T15:53:59,14,0,1,14
2024-03-06T16:09:44,14,0,1,14
2024-03-06T16:25:28,14,0,1,14
2024-03-06T16:41:22,14,0,1,14
2024-03-06T16:57:05,14,0,1,14
2024-03-06T17:12:49,14,0,1,14
2024-03-06T17:28:33,14,0,1,14
2024-03-06T17:44:16,14,0,1,14
2024-03-06T18:00:11,14,0,1,14
2024-03-06T18:15:54,14,0,1,14
2024-03-06T18:31:38,14,0,1,14
2024-03-06T18:47:21,14,0,1,14
2024-03-06T19:03:05,14,0,1,14
2024-03-06T19:18:59,14,0,1,14
2024-03-06T19:34:42,14,0,1,14
2024-03-06T19:50:26,14,0,1,14
2024-03-06T20:06:09,14,0,1,14
2024-03-06T20:22:02,14,0,1,14
2024-03-06T20:37:45,14,0,1,14
2024-03-06T20:53:28,14,0,1,14
2024-03-06T21:09:12,14,0,1,14
2024-03-06T21:25:06,14,0,1,14
2024-03-06T21:40:51,14,0,1,14
2024-03-06T21:56:34,14,0,1,14
2024-03-06T22:12:17,14,0,1,14
2024-03-06T22:28:00,14,0,1,14
2024-03-06T22:43:54,14,0,1,14
2024-03-06T22:59:39,14,0,1,14
2024-03-06T23:15:23,14,0,1,14
2024-03-06T23:31:07,14,0,1,14
2024-03-06T23:46:51,14,0,1,14
2024-03-07T00:02:36,14,0,1,14
2024-03-07T00:18:33,14,0,1,14
2024-03-07T00:34:24,14,0,1,14
2024-03-07T00:50:13,14,0,1,14
2024-03-07T01:06:01,14,0,1,14
2024-03-07T01:21:44,14,0,1,14
2024-03-07T01:37:27,14,0,1,14
2024-03-07T01:53:11,14,0,1,14
2024-03-07T02:09:04,14,0,1,14
2024-03-07T02:24:49,14,0,1,14
2024-03-07T02:40:37,14,0,1,14
2024-03-07T02:56:21,14,0,1,14
2024-03-07T03:12:05,14,0,1,14
2024-03-07T03:27:51,14,0,1,14
2024-03-07T03:43:47,14,0,1,14
2024-03-07T03:59:32,14,0,1,14
2024-03-07T04:32:50,14,0,1,14
2024-03-07T04:50:17,14,0,1,14
2024-03-07T05:06:09,14,0,1,14
2024-03-07T05:21:59,14,0,1,14
2024-03-07T05:37:46,14,0,1,14
2024-03-07T05:53:33,14,0,1,14
2024-03-07T06:09:37,14,0,1,14
2024-03-07T06:25:26,14,0,1,14
2024-03-07T06:41:13,14,0,1,14
2024-03-07T06:56:59,14,0,1,14
2024-03-07T07:12:46,14,0,1,14
2024-03-07T07:28:34,14,0,1,14
2024-03-07T07:44:20,14,0,1,14
2024-03-07T08:02:04,14,0,1,14
2024-03-07T08:19:48,14,0,1,14
2024-03-07T08:38:39,14,0,1,14
2024-03-07T08:54:25,14,0,1,14
2024-03-07T09:10:09,14,0,1,14
2024-03-07T09:25:55,14,0,1,14
2024-03-07T09:41:41,14,0,1,14
2024-03-07T09:57:43,14,0,1,14
2024-03-07T10:13:27,14,0,1,14
2024-03-07T10:29:11,14,0,1,14
2024-03-07T10:44:55,14,0,1,14
2024-03-07T11:00:39,14,0,1,14
2024-03-07T11:16:33,14,0,1,14
2024-03-07T11:32:16,14,0,1,14
2024-03-07T11:47:59,14,0,1,14
2024-03-07T12:03:52,14,0,1,14
2024-03-07T12:19:55,14,0,1,14
2024-03-07T12:35:41,14,0,1,14
2024-03-07T12:51:23,14,0,1,14
2024-03-07T13:07:25,14,0,1,14
2024-03-07T13:23:09,14,0,1,14
2024-03-07T13:38:52,14,0,1,14
2024-03-07T13:54:35,14,0,1,14
2024-03-07T14:10:31,14,0,1,14
2024-03-07T14:26:14,14,0,1,14
2024-03-07T14:41:58,14,0,1,14
2024-03-07T14:58:05,14,0,1,14
2024-03-07T15:13:55,14,0,1,14
2024-03-07T15:29:40,14,0,1,14
2024-03-07T15:45:38,14,0,1,14
2024-03-07T16:01:24,14,0,1,14
2024-03-07T16:17:09,14,0,1,14
2024-03-07T16:32:54,14,0,1,14
2024-03-07T16:48:57,14,0,1,14
2024-03-07T17:04:43,14,0,1,14
2024-03-07T17:20:29,14,0,1,14
2024-03-07T17:36:15,14,0,1,14
2024-03-07T17:52:10,14,0,1,14
2024-03-07T18:07:56,14,0,1,14
2024-03-07T18:23:41,14,0,1,14
2024-03-07T18:39:26,14,0,1,14
2024-03-07T18:55:29,14,0,1,14
2024-03-07T19:11:15,14,0,1,14
2024-03-07T19:27:00,14,0,1,14
2024-03-07T19:42:46,14,0,1,14
2024-03-07T19:58:50,14,0,1,14
2024-03-07T20:14:35,14,0,1,14
2024-03-07T20:30:51,14,0,1,14
2024-03-07T20:46:36,14,0,1,14
2024-03-07T21:02:40,14,0,1,14
2024-03-07T21:18:25,14,0,1,14
2024-03-07T21:34:21,14,0,1,14
2024-03-07T21:50:07,14,0,1,14
2024-03-07T22:05:53,14,0,1,14
2024-03-07T22:21:38,14,0,1,14
2024-03-07T22:37:23,14,0,1,14
2024-03-07T22:53:21,14,0,1,14
2024-03-07T23:09:06,14,0,1,14
2024-03-07T23:24:52,14,0,1,14
2024-03-07T23:40:37,14,0,1,14
2024-03-07T23:56:43,14,0,1,14
2024-03-08T00:12:29,14,0,1,14
2024-03-08T00:28:18,14,0,1,14
2024-03-08T00:44:08,14,0,1,14
2024-03-08T01:00:00,14,0,1,14
2024-03-08T01:16:01,14,0,1,14
2024-03-08T01:31:50,14,0,1,14
2024-03-08T01:47:39,14,0,1,14
2024-03-08T02:03:32,14,0,1,14
2024-03-08T02:19:21,14,0,1,14
2024-03-08T02:35:13,14,0,1,14
2024-03-08T02:51:19,14,0,1,14
2024-03-08T03:07:06,14,0,1,14
2024-03-08T03:23:47,14,0,1,14
2024-03-08T03:39:37,14,0,1,14
2024-03-08T03:55:26,14,0,1,14
2024-03-08T04:28:35,14,0,1,14
2024-03-08T04:45:37,14,0,1,14
2024-03-08T05:01:46,14,0,1,14
2024-03-08T05:17:44,14,0,1,14
2024-03-08T05:33:36,14,0,1,14
2024-03-08T05:49:30,14,0,1,14
2024-03-08T06:05:20,14,0,1,14
2024-03-08T06:21:10,14,0,1,14
2024-03-08T06:37:14,14,0,1,14
2024-03-08T06:53:02,14,0,1,14
2024-03-08T07:08:52,14,0,1,14
2024-03-08T07:24:40,14,0,1,14
2024-03-08T07:40:27,14,0,1,14
2024-03-08T07:56:15,14,0,1,14
2024-03-08T08:12:03,14,0,1,14
2024-03-08T08:27:50,14,0,1,14
2024-03-08T08:43:46,14,0,1,14
2024-03-08T08:59:32,14,0,1,14
2024-03-08T09:15:18,14,0,1,14
2024-03-08T09:31:05,14,0,1,14
2024-03-08T09:46:52,14,0,1,14
2024-03-08T10:02:52,14,0,1,14
2024-03-08T10:18:38,14,0,1,14
2024-03-08T10:34:24,14,0,1,14
2024-03-08T10:50:11,14,0,1,14
2024-03-08T11:06:14,14,0,1,14
2024-03-08T11:22:02,14,0,1,14
2024-03-08T11:37:50,14,0,1,14
2024-03-08T11:53:36,14,0,1,14
2024-03-08T12:09:35,14,0,1,14
2024-03-08T12:25:22,14,0,1,14
2024-03-08T12:41:09,14,0,1,14
2024-03-08T12:57:06,14,0,1,14
2024-03-08T13:12:53,14,0,1,14
2024-03-08T13:28:40,14,0,1,14
2024-03-08T13:44:38,14,0,1,14
2024-03-08T14:00:25,14,0,1,14
2024-03-08T14:16:12,14,0,1,14
2024-03-08T14:31:58,14,0,1,14
2024-03-08T14:47:57,14,0,1,14
2024-03-08T15:03:44,14,0,1,14
2024-03-08T15:19:31,14,0,1,14
2024-03-08T15:35:29,14,0,1,14
2024-03-08T15:51:17,14,0,1,14
2024-03-08T16:07:04,14,0,1,14
2024-03-08T16:22:51,14,0,1,14
2024-03-08T16:38:49,14,0,1,14
2024-03-08T16:54:37,14,0,1,14
2024-03-08T17:10:24,14,0,1,14
2024-03-08T17:26:12,14,0,1,14
2024-03-08T17:42:10,14,0,1,14
2024-03-08T17:57:57,14,0,1,14
2024-03-08T18:13:44,14,0,1,14
2024-03-08T18:29:32,14,0,1,14
2024-03-08T18:45:20,14,0,1,14
2024-03-08T19:01:27,14,0,1,14
2024-03-08T19:17:14,14,0,1,14
2024-03-08T19:33:02,14,0,1,14
2024-03-08T19:48:50,14,0,1,14
2024-03-08T20:04:39,14,0,1,14
2024-03-08T20:20:27,14,0,1,14
2024-03-08T20:36:26,14,0,1,14
2024-03-08T20:52:13,14,0,1,14
2024-03-08T21:08:01,14,0,1,14
2024-03-08T21:23:49,14,0,1,14
2024-03-08T21:39:37,14,0,1,14
2024-03-08T21:55:43,14,0,1,14
2024-03-08T22:11:31,14,0,1,14
2024-03-08T22:27:19,14,0,1,14
2024-03-08T22:43:08,14,0,1,14
2024-03-08T22:58:56,14,0,1,14
2024-03-08T23:14:45,14,0,1,14
2024-03-08T23:30:53,14,0,1,14
2024-03-08T23:46:41,14,0,1,14
2024-03-09T00:02:30,14,0,1,14
2024-03-09T00:18:20,14,0,1,14
2024-03-09T00:34:11,14,0,1,14
2024-03-09T00:50:08,14,0,1,14
2024-03-09T01:06:00,14,0,1,14
2024-03-09T01:22:00,14,0,1,14
2024-03-09T01:37:52,14,0,1,14
2024-03-09T01:53:43,14,0,1,14
2024-03-09T02:09:33,14,0,1,14
2024-03-09T02:25:21,14,0,1,14
2024-03-09T02:41:08,14,0,1,14
2024-03-09T02:56:56,14,0,1,14
2024-03-09T03:13:09,14,0,1,14
2024-03-09T03:29:00,14,0,1,14
2024-03-09T03:44:50,14,0,1,14
2024-03-09T04:00:39,14,0,1,14
2024-03-09T04:31:03,14,0,1,14
2024-03-09T04:47:14,14,0,1,14
2024-03-09T05:03:06,14,0,1,14
2024-03-09T05:18:56,14,0,1,14
2024-03-09T05:34:44,14,0,1,14
2024-03-09T05:50:32,14,0,1,14
2024-03-09T06:06:22,14,0,1,14
2024-03-09T06:22:25,14,0,1,14
2024-03-09T06:38:12,14,0,1,14
2024-03-09T06:53:59,14,0,1,14
2024-03-09T07:09:48,14,0,1,14
2024-03-09T07:25:38,14,0,1,14
2024-03-09T07:41:27,14,0,1,14
2024-03-09T07:58:22,14,0,1,14
2024-03-09T08:14:28,14,0,1,14
2024-03-09T08:30:16,14,0,1,14
2024-03-09T08:46:04,14,0,1,14
2024-03-09T09:01:52,14,0,1,14
2024-03-09T09:17:42,14,0,1,14
2024-03-09T09:33:52,14,0,1,14
2024-03-09T09:49:41,14,0,1,14
2024-03-09T10:05:30,14,0,1,14
2024-03-09T10:21:18,14,0,1,14
2024-03-09T10:37:06,14,0,1,14
2024-03-09T10:52:54,14,0,1,14
2024-03-09T11:08:45,14,0,1,14
2024-03-09T11:24:45,14,0,1,14
2024-03-09T11:40:35,14,0,1,14
2024-03-09T11:56:25,14,0,1,14
2024-03-09T12:12:15,14,0,1,14
2024-03-09T12:28:04,14,0,1,14
2024-03-09T12:44:03,14,0,1,14
2024-03-09T12:59:51,14,0,1,14
2024-03-09T13:15:39,14,0,1,14
2024-03-09T13:31:27,14,0,1,14
2024-03-09T13:47:17,14,0,1,14
2024-03-09T14:03:06,14,0,1,14
2024-03-09T14:19:17,14,0,1,14
2024-03-09T14:35:05,14,0,1,14
2024-03-09T14:50:52,14,0,1,14
2024-03-09T15:06:41,14,0,1,14
2024-03-09T15:22:29,14,0,1,14
2024-03-09T15:38:25,14,0,1,14
2024-03-09T15:54:13,14,0,1,14
2024-03-09T16:10:01,14,0,1,14
2024-03-09T16:25:48,14,0,1,14
2024-03-09T16:41:57,14,0,1,14
2024-03-09T16:57:44,14,0,1,14
2024-03-09T17:13:32,14,0,1,14
2024-03-09T17:29:19,14,0,1,14
2024-03-09T17:45:06,14,0,1,14
2024-03-09T18:01:02,14,0,1,14
2024-03-09T18:16:50,14,0,1,14
2024-03-09T18:32:37,14,0,1,14
2024-03-09T18:48:25,14,0,1,14
2024-03-09T19:04:12,14,0,1,14
2024-03-09T19:20:01,14,0,1,14
2024-03-09T19:35:56,14,0,1,14
2024-03-09T19:51:44,14,0,1,14
2024-03-09T20:07:31,14,0,1,14
2024-03-09T20:23:18,14,0,1,14
2024-03-09T20:39:05,14,0,1,14
2024-03-09T20:54:53,14,0,1,14
2024-03-09T21:10:49,14,0,1,14
2024-03-09T21:26:36,14,0,1,14
2024-03-09T21:42:27,14,0,1,14
2024-03-09T21:58:15,14,0,1,14
2024-03-09T22:14:02,14,0,1,14
2024-03-09T22:29:59,14,0,1,14
2024-03-09T22:45:46,14,0,1,14
2024-03-09T23:01:34,14,0,1,14
2024-03-09T23:17:22,14,0,1,14
2024-03-09T23:33:09,14,0,1,14
2024-03-09T23:49:17,14,0,1,14
2024-03-10T00:05:04,14,0,1,14
2024-03-10T00:20:54,14,0,1,14
2024-03-10T00:36:43,14,0,1,14
2024-03-10T00:52:32,14,0,1,14
2024-03-10T01:08:19,14,0,1,14
2024-03-10T01:24:16,14,0,1,14
2024-03-10T01:40:03,14,0,1,14
2024-03-10T01:55:50,14,0,1,14
2024-03-10T03:11:37,14,0,1,14
2024-03-10T03:27:24,14,0,1,14
2024-03-10T03:43:21,14,0,1,14
2024-03-10T03:59:09,14,0,1,14
2024-03-10T04:31:28,14,0,1,14
2024-03-10T04:47:17,14,0,1,14
2024-03-10T05:03:06,14,0,1,14
2024-03-10T05:18:57,14,0,1,14
2024-03-10T05:34:49,14,0,1,14
2024-03-10T05:51:51,14,0,1,14
2024-03-10T06:07:50,14,0,1,14
2024-03-10T06:23:42,14,0,1,14
2024-03-10T06:39:43,14,0,1,14
2024-03-10T06:55:33,14,0,1,14
2024-03-10T07:11:25,14,0,1,14
2024-03-10T07:27:17,14,0,1,14
2024-03-10T07:43:09,14,0,1,14
2024-03-10T07:59:18,14,0,1,14
2024-03-10T08:15:13,14,0,1,14
2024-03-10T08:31:06,14,0,1,14
2024-03-10T08:47:07,14,0,1,14
2024-03-10T09:02:59,14,0,1,14
2024-03-10T09:18:50,14,0,1,14
2024-03-10T09:34:41,14,0,1,14
2024-03-10T09:50:33,14,0,1,14
2024-03-10T10:06:21,14,0,1,14
2024-03-10T10:22:09,14,0,1,14
2024-03-10T10:37:57,14,0,1,14
2024-03-10T10:53:55,14,0,1,14
2024-03-10T11:09:43,14,0,1,14
2024-03-10T11:25:30,14,0,1,14
2024-03-10T11:41:21,14,0,1,14
2024-03-10T11:57:07,14,0,1,14
2024-03-10T12:13:07,14,0,1,14
2024-03-10T12:28:54,14,0,1,14
2024-03-10T12:44:41,14,0,1,14
2024-03-10T13:00:28,14,0,1,14
2024-03-10T13:16:16,14,0,1,14
2024-03-10T13:32:03,14,0,1,14
2024-03-10T13:48:01,14,0,1,14
2024-03-10T14:03:47,14,0,1,14
2024-03-10T14:19:35,14,0,1,14
2024-03-10T14:35:22,14,0,1,14
2024-03-10T14:51:09,14,0,1,14
2024-03-10T15:07:05,14,0,1,14
2024-03-10T15:22:52,14,0,1,14
2024-03-10T15:38:39,14,0,1,14
2024-03-10T15:54:26,14,0,1,14
2024-03-10T16:10:14,14,0,1,14
2024-03-10T16:26:12,14,0,1,14
2024-03-10T16:42:00,14,0,1,14
2024-03-10T16:57:50,14,0,1,14
2024-03-10T17:13:39,14,0,1,14
2024-03-10T17:29:29,14,0,1,14
2024-03-10T17:45:19,14,0,1,14
2024-03-10T18:01:18,14,0,1,14
2024-03-10T18:17:08,14,0,1,14
2024-03-10T18:32:59,14,0,1,14
2024-03-10T18:48:51,14,0,1,14
2024-03-10T19:04:54,14,0,1,14
2024-03-10T19:20:46,14,0,1,14
2024-03-10T19:36:38,14,0,1,14
2024-03-10T19:52:31,14,0,1,14
2024-03-10T20:08:22,14,0,1,14
2024-03-10T20:24:13,14,0,1,14
2024-03-10T20:40:14,14,0,1,14
2024-03-10T20:56:05,14,0,1,14
2024-03-10T21:11:57,14,0,1,14
2024-03-10T21:27:54,14,0,1,14
2024-03-10T21:43:47,14,0,1,14
2024-03-10T21:59:48,14,0,1,14
2024-03-10T22:15:38,14,0,1,14
2024-03-10T22:31:30,14,0,1,14
2024-03-10T22:47:21,14,0,1,14
2024-03-10T23:03:12,14,0,1,14
2024-03-10T23:19:13,14,0,1,14
2024-03-10T23:35:06,14,0,1,14
2024-03-10T23:50:57,14,0,1,14
2024-03-11T00:06:50,14,0,1,14
2024-03-11T00:22:50,14,0,1,14
2024-03-11T00:39:00,14,0,1,14
2024-03-11T00:54:55,14,0,1,14
2024-03-11T01:10:47,14,0,1,14
2024-03-11T01:26:53,14,0,1,14
2024-03-11T01:42:57,14,0,1,14
2024-03-11T01:58:50,14,0,1,14
2024-03-11T02:14:54,14,0,1,14
2024-03-11T02:30:47,14,0,1,14
2024-03-11T02:46:40,14,0,1,14
2024-03-11T03:02:31,14,0,1,14
2024-03-11T03:18:24,14,0,1,14
2024-03-11T03:34:16,14,0,1,14
2024-03-11T03:50:08,14,0,1,14
2024-03-11T04:24:34,14,0,1,14
2024-03-11T04:42:06,14,0,1,14
2024-03-11T04:58:00,14,0,1,14
2024-03-11T05:13:58,14,0,1,14
2024-03-11T05:29:49,14,0,1,14
2024-03-11T05:45:42,14,0,1,14
2024-03-11T06:01:40,14,0,1,14
2024-03-11T06:17:44,14,0,1,14
2024-03-11T06:33:37,14,0,1,14
2024-03-11T06:49:29,14,0,1,14
2024-03-11T07:05:21,14,0,1,14
2024-03-11T07:21:12,14,0,1,14
2024-03-11T07:37:02,14,0,1,14
2024-03-11T07:52:52,14,0,1,14
2024-03-11T08:08:54,14,0,1,14
2024-03-11T08:24:45,14,0,1,14
2024-03-11T08:40:36,14,0,1,14
2024-03-11T08:56:26,14,0,1,14
2024-03-11T09:12:17,14,0,1,14
2024-03-11T09:28:45,14,0,1,14
2024-03-11T09:44:45,14,0,1,14
2024-03-11T10:00:35,14,0,1,14
2024-03-11T10:16:25,14,0,1,14
2024-03-11T11:11:28,14,0,1,14
2024-03-11T11:27:24,14,0,1,14
2024-03-11T11:43:16,14,0,1,14
2024-03-11T11:59:08,14,0,1,14
2024-03-11T12:15:09,14,0,1,14
2024-03-11T12:31:00,14,0,1,14
2024-03-11T12:46:51,14,0,1,14
2024-03-11T13:02:53,14,0,1,14
2024-03-11T13:18:43,14,0,1,14
2024-03-11T13:34:36,14,0,1,14
2024-03-11T13:50:27,14,0,1,14
2024-03-11T14:06:30,14,0,1,14
2024-03-11T14:22:23,14,0,1,14
2024-03-11T14:38:16,14,0,1,14
2024-03-11T14:54:08,14,0,1,14
2024-03-11T15:10:15,14,0,1,14
2024-03-11T15:26:07,14,0,1,14
2024-03-11T15:42:01,14,0,1,14
2024-03-11T15:58:03,14,0,1,14
2024-03-11T16:13:55,14,0,1,14
2024-03-11T16:29:46,14,0,1,14
2024-03-11T16:45:49,14,0,1,14
2024-03-11T17:01:41,14,0,1,14
2024-03-11T17:17:35,14,0,1,14
2024-03-11T17:33:28,14,0,1,14
2024-03-11T17:49:29,14,0,1,14
2024-03-11T18:05:23,14,0,1,14
2024-03-11T18:21:15,14,0,1,14
2024-03-11T18:37:07,14,0,2,14
2024-03-11T18:53:11,14,0,1,14
2024-03-11T19:09:03,14,0,1,14
2024-03-11T19:24:56,14,0,1,14
2024-03-11T19:40:48,14,0,1,14
2024-03-11T19:56:50,14,0,1,14
2024-03-11T20:12:42,14,0,1,14
2024-03-11T20:28:33,14,0,1,14
2024-03-11T20:44:25,14,0,1,14
2024-03-11T21:00:28,14,0,1,14
2024-03-11T21:16:20,14,0,1,14
2024-03-11T21:32:12,14,0,1,14
2024-03-11T21:48:04,14,0,1,14
2024-03-11T22:03:56,14,0,1,14
2024-03-11T22:19:58,14,0,1,14
2024-03-11T22:35:50,14,0,1,14
2024-03-11T22:51:43,14,0,1,14
2024-03-11T23:07:35,14,0,1,14
2024-03-11T23:23:37,14,0,1,14
2024-03-11T23:39:29,14,0,1,14
2024-03-11T23:55:22,14,0,1,14
2024-03-12T00:11:19,14,0,1,14
2024-03-12T00:27:17,14,0,1,14
2024-03-12T00:43:14,14,0,1,14
2024-03-12T00:59:20,14,0,1,14
2024-03-12T01:15:15,14,0,1,14
2024-03-12T01:31:09,14,0,1,14
2024-03-12T01:47:02,14,0,1,14
2024-03-12T02:03:05,14,0,1,14
2024-03-12T02:18:59,14,0,1,14
2024-03-12T02:34:53,14,0,1,14
2024-03-12T02:50:56,14,0,1,14
2024-03-12T03:06:52,14,0,1,14
2024-03-12T03:22:48,14,0,1,14
2024-03-12T03:38:44,14,0,1,14
2024-03-12T03:54:39,14,0,1,14
2024-03-13T22:23:21,14,0,1,14
2024-03-13T22:39:16,14,0,1,14
2024-03-13T22:55:11,14,0,1,14
2024-03-13T23:11:06,14,0,1,14
2024-03-13T23:27:12,14,0,1,14
2024-03-13T23:43:08,14,0,1,14
2024-03-13T23:59:04,14,0,1,14
2024-03-14T00:15:02,14,0,1,14
2024-03-14T00:31:03,14,0,1,14
2024-03-14T00:47:03,14,0,1,14
2024-03-14T01:03:03,14,0,1,14
2024-03-14T01:19:00,14,0,1,14
2024-03-14T01:34:57,14,0,1,14
2024-03-14T01:51:10,14,0,1,14
2024-03-14T02:07:10,14,0,1,14
2024-03-14T02:23:07,14,0,1,14
2024-03-14T02:39:06,14,0,1,14
2024-03-14T02:55:03,14,0,1,14
2024-03-14T03:11:03,14,0,1,14
2024-03-14T03:27:02,14,0,1,14
2024-03-14T03:42:59,14,0,1,14
2024-03-14T03:58:59,14,0,1,14
2024-03-14T04:15:25,14,0,1,14
2024-03-14T04:33:58,14,0,1,14
2024-03-14T04:51:29,14,0,1,14
2024-03-14T05:07:31,14,0,1,14
2024-03-14T05:23:28,14,0,1,14
2024-03-14T05:39:24,14,0,1,14
2024-03-14T05:55:21,14,0,1,14
2024-03-14T06:11:29,14,0,1,14
2024-03-14T06:27:26,14,0,1,14
2024-03-14T06:43:22,14,0,1,14
2024-03-14T06:59:21,14,0,1,14
2024-03-14T07:15:19,14,0,1,14
2024-03-14T07:31:14,14,0,1,14
2024-03-14T07:47:09,14,0,1,14
2024-03-14T08:03:04,14,0,1,14
2024-03-14T08:19:08,14,0,1,14
2024-03-14T08:35:04,14,0,1,14
2024-03-14T08:50:59,14,0,1,14
2024-03-14T09:06:54,14,0,1,14
2024-03-14T09:22:49,14,0,1,14
2024-03-14T09:38:52,14,0,1,14
2024-03-14T09:54:43,14,0,1,14
2024-03-14T10:10:34,14,0,1,14
2024-03-14T10:26:25,14,0,1,14
2024-03-14T10:42:25,14,0,1,14
2024-03-14T10:58:18,14,0,1,14
2024-03-14T11:14:12,14,0,1,14
2024-03-14T11:30:15,14,0,1,14
2024-03-14T11:46:10,14,0,1,14
2024-03-14T12:02:14,14,0,1,14
2024-03-14T12:18:10,14,0,1,14
2024-03-14T12:34:07,14,0,1,14
2024-03-14T12:50:02,14,0,1,14
2024-03-14T13:06:08,14,0,1,14
2024-03-14T13:22:03,14,0,1,14
2024-03-14T13:37:57,14,0,1,14
2024-03-14T13:54:03,14,0,1,14
2024-03-14T14:09:58,14,0,1,14
2024-03-14T14:25:53,14,0,1,14
2024-03-14T14:41:58,14,0,1,14
2024-03-14T14:57:52,14,0,1,14
2024-03-14T15:13:50,14,0,1,14
2024-03-14T15:29:54,14,0,1,14
2024-03-14T15:45:48,14,0,1,14
2024-03-14T16:01:53,14,0,1,14
2024-03-14T16:17:47,14,0,1,14
2024-03-14T16:33:41,14,0,1,14
2024-03-14T16:49:45,14,0,1,14
2024-03-14T17:05:40,14,0,1,14
2024-03-14T17:21:35,14,0,1,14
2024-03-14T17:37:38,14,0,1,14
2024-03-14T17:53:32,14,0,1,14
2024-03-14T18:09:27,14,0,1,14
2024-03-14T18:25:31,14,0,1,14
2024-03-14T18:41:25,14,0,1,14
2024-03-14T18:57:19,14,0,1,14
2024-03-14T19:13:15,14,0,1,14
2024-03-14T19:29:19,14,0,1,14
2024-03-14T19:45:13,14,0,1,14
2024-03-14T20:01:08,14,0,1,14
2024-03-14T20:17:13,14,0,1,14
2024-03-14T20:33:08,14,0,1,14
2024-03-14T20:49:03,14,0,1,14
2024-03-14T21:04:58,14,0,1,14
2024-03-14T21:21:03,14,0,1,14
2024-03-14T21:36:59,14,0,1,14
2024-03-14T21:52:54,14,0,1,14
2024-03-14T22:09:00,14,0,1,14
2024-03-14T22:24:55,14,0,1,14
2024-03-14T22:40:51,14,0,1,14
2024-03-14T22:56:57,14,0,1,14
2024-03-14T23:12:52,14,0,1,14
2024-03-14T23:28:47,14,0,1,14
2024-03-14T23:44:43,14,0,1,14
2024-03-15T00:00:53,14,0,1,14
2024-03-15T00:28:39,14,0,1,14
2024-03-15T00:44:39,14,0,1,14
2024-03-15T01:00:47,14,0,1,14
2024-03-15T01:16:44,14,0,1,14
2024-03-15T01:32:42,14,0,1,14
2024-03-15T01:48:39,14,0,1,14
2024-03-15T02:04:58,14,0,1,14
2024-03-15T02:20:57,14,0,1,14
2024-03-15T02:36:55,14,0,1,14
2024-03-15T02:52:51,14,0,1,14
2024-03-15T03:08:49,14,0,1,14
2024-03-15T03:25:00,14,0,1,14
2024-03-15T03:40:59,14,0,1,14
2024-03-15T03:56:58,14,0,1,14
2024-03-15T04:12:57,14,0,1,14
2024-03-15T04:37:16,14,0,1,14
2024-03-15T04:54:48,14,0,1,14
2024-03-15T05:10:51,14,0,1,14
2024-03-15T05:26:54,14,0,1,14
2024-03-15T05:42:51,14,0,1,14
2024-03-15T05:58:54,14,0,1,14
2024-03-15T06:14:50,14,0,1,14
2024-03-15T06:30:46,14,0,1,14
2024-03-15T06:46:42,14,0,1,14
2024-03-15T07:02:38,14,0,1,14
2024-03-15T07:18:35,14,0,1,14
2024-03-15T07:34:39,14,0,1,14
2024-03-15T07:52:31,14,0,1,14
2024-03-15T08:08:27,14,0,1,14
2024-03-15T08:24:22,14,0,1,14
2024-03-15T08:40:18,14,0,1,14
2024-03-15T08:56:33,14,0,1,14
2024-03-15T09:12:30,14,0,1,14
2024-03-15T09:28:34,14,0,1,14
2024-03-15T09:44:31,14,0,1,14
2024-03-15T10:00:36,14,0,1,14
2024-03-15T10:16:35,14,0,1,14
2024-03-15T10:32:32,14,0,1,14
2024-03-15T10:48:37,14,0,1,14
2024-03-15T11:04:33,14,0,1,14
2024-03-15T11:20:30,14,0,1,14
2024-03-15T11:36:25,14,0,1,14
2024-03-15T11:52:41,14,0,1,14
2024-03-15T12:08:38,14,0,1,14
2024-03-15T12:24:33,14,0,1,14
2024-03-15T12:40:38,14,0,1,14
2024-03-15T12:56:34,14,0,1,14
2024-03-15T13:12:30,14,0,1,14
2024-03-15T13:28:34,14,0,1,14
2024-03-15T13:44:29,14,0,1,14
2024-03-15T14:00:23,14,0,1,14
2024-03-15T14:16:26,14,0,1,14
2024-03-15T14:32:19,14,0,1,14
2024-03-15T14:48:11,14,0,1,14
2024-03-15T15:04:18,14,0,1,14
2024-03-15T15:20:11,14,0,1,14
2024-03-15T15:36:15,14,0,1,14
2024-03-15T15:52:08,14,0,1,14
2024-03-15T16:08:02,14,0,1,14
2024-03-15T16:23:57,14,0,1,14
2024-03-15T16:40:02,14,0,1,14
2024-03-15T16:55:57,14,0,1,14
2024-03-15T17:11:52,14,0,1,14
2024-03-15T17:27:57,14,0,1,14
2024-03-15T17:43:52,14,0,1,14
2024-03-15T17:59:46,14,0,1,14
2024-03-15T18:15:52,14,0,1,14
2024-03-15T18:31:48,14,0,1,14
2024-03-15T18:47:43,14,0,1,14
2024-03-15T19:03:39,14,0,1,14
2024-03-15T19:19:46,14,0,1,14
2024-03-15T19:35:41,14,0,1,14
2024-03-15T19:51:37,14,0,1,14
2024-03-15T20:07:35,14,0,1,14
2024-03-15T20:23:42,14,0,1,14
2024-03-15T20:39:37,14,0,1,14
2024-03-15T20:55:32,14,0,1,14
2024-03-15T21:11:38,14,0,1,14
2024-03-15T21:27:34,14,0,1,14
2024-03-15T21:43:29,14,0,1,14
2024-03-15T21:59:24,14,0,1,14
2024-03-15T22:15:31,14,0,1,14
2024-03-15T22:31:26,14,0,1,14
2024-03-15T22:47:22,14,0,1,14
2024-03-15T23:03:18,14,0,1,14
2024-03-15T23:19:26,14,0,1,14
2024-03-15T23:35:23,14,0,1,14
2024-03-15T23:51:20,14,0,1,14
2024-03-16T00:07:19,14,0,1,14
2024-03-16T00:23:33,14,0,1,14
2024-03-16T00:39:32,14,0,1,14
2024-03-16T00:55:32,14,0,1,14
2024-03-16T01:11:30,14,0,1,14
2024-03-16T01:27:29,14,0,1,14
2024-03-16T01:43:29,14,0,1,14
2024-03-16T01:59:36,14,0,1,14
2024-03-16T02:15:32,14,0,1,14
2024-03-16T02:31:29,14,0,1,14
2024-03-16T02:47:26,14,0,1,14
2024-03-16T03:03:23,14,0,1,14
2024-03-16T03:19:19,14,0,1,14
2024-03-16T03:35:16,14,0,1,14
2024-03-16T03:51:13,14,0,1,14
2024-03-16T04:07:23,14,0,1,14
2024-03-16T04:26:40,14,0,1,14
2024-03-16T04:45:27,14,0,1,14
2024-03-16T05:01:32,14,0,1,14
2024-03-16T05:17:30,14,0,1,14
2024-03-16T05:33:29,14,0,1,14
2024-03-16T05:49:28,14,0,1,14
2024-03-16T06:05:25,14,0,1,14
2024-03-16T06:21:22,14,0,1,14
2024-03-16T06:37:19,14,0,1,14
2024-03-16T06:53:26,14,0,1,14
2024-03-16T07:09:24,14,0,1,14
2024-03-16T07:25:21,14,0,1,14
2024-03-16T07:41:19,14,0,1,14
2024-03-16T07:57:15,14,0,1,14
2024-03-16T08:13:21,14,0,1,14
2024-03-16T08:29:19,14,0,1,14
2024-03-16T08:45:17,14,0,1,14
2024-03-16T09:01:14,14,0,1,14
2024-03-16T09:17:19,14,0,1,14
2024-03-16T09:33:17,14,0,1,14
2024-03-16T09:49:15,14,0,1,14
2024-03-16T10:05:12,14,0,1,14
2024-03-16T10:21:09,14,0,1,14
2024-03-16T10:37:05,14,0,1,14
2024-03-16T10:53:10,14,0,1,14
2024-03-16T11:09:06,14,0,1,14
2024-03-16T11:25:03,14,0,1,14
2024-03-16T11:41:00,14,0,1,14
2024-03-16T11:56:56,14,0,1,14
2024-03-16T12:13:04,14,0,1,14
2024-03-16T12:29:00,14,0,1,14
2024-03-16T12:44:58,14,0,1,14
2024-03-16T13:00:56,14,0,1,14
2024-03-16T13:17:01,14,0,1,14
2024-03-16T13:32:58,14,0,1,14
2024-03-16T13:48:54,14,0,1,14
2024-03-16T14:04:50,14,0,1,14
2024-03-16T14:20:45,14,0,1,14
2024-03-16T14:36:49,14,0,1,14
2024-03-16T14:52:45,14,0,1,14
2024-03-16T15:08:40,14,0,1,14
2024-03-16T15:24:44,14,0,1,14
2024-03-16T15:40:39,14,0,1,14
2024-03-16T15:56:34,14,0,1,14
2024-03-16T16:12:29,14,0,1,14
2024-03-16T16:28:33,14,0,1,14
2024-03-16T16:44:28,14,0,1,14
2024-03-16T17:00:24,14,0,1,14
2024-03-16T17:16:22,14,0,1,14
2024-03-16T17:32:25,14,0,1,14
2024-03-16T17:48:20,14,0,1,14
2024-03-16T18:04:15,14,0,1,14
2024-03-16T18:20:11,14,0,1,14
2024-03-16T18:36:06,14,0,1,14
2024-03-16T18:52:09,14,0,1,14
2024-03-16T19:08:05,14,0,1,14
2024-03-16T19:24:01,14,0,1,14
2024-03-16T19:39:56,14,0,1,14
2024-03-16T19:55:53,14,0,1,14
2024-03-16T20:11:57,14,0,1,14
2024-03-16T20:27:53,14,0,1,14
2024-03-16T20:43:49,14,0,1,14
2024-03-16T20:59:44,14,0,1,14
2024-03-16T21:15:42,14,0,1,14
2024-03-16T21:31:46,14,0,1,14
2024-03-16T21:47:42,14,0,1,14
2024-03-16T22:03:38,14,0,1,14
2024-03-16T22:19:33,14,0,1,14
2024-03-16T22:35:30,14,0,1,14
2024-03-16T22:51:37,14,0,1,14
2024-03-16T23:07:34,14,0,1,14
2024-03-16T23:23:30,14,0,1,14
2024-03-16T23:39:26,14,0,1,14
2024-03-16T23:55:22,14,0,1,14
2024-03-17T00:11:31,14,0,1,14
2024-03-17T00:27:28,14,0,1,14
2024-03-17T00:43:25,14,0,1,14
2024-03-17T00:59:22,14,0,1,14
2024-03-17T01:20:09,14,0,1,14
2024-03-17T01:36:15,14,0,1,14
2024-03-17T01:52:10,14,0,1,14
2024-03-17T02:08:23,14,0,1,14
2024-03-17T02:25:15,14,0,1,14
2024-03-17T02:42:27,14,0,1,14
2024-03-17T02:58:21,14,0,1,14
2024-03-17T03:14:24,14,0,1,14
2024-03-17T03:30:21,14,0,1,14
2024-03-17T03:46:16,14,0,1,14
2024-03-17T04:02:12,14,0,1,14
2024-03-17T04:35:00,14,0,1,14
2024-03-17T04:51:00,14,0,1,14
2024-03-17T05:06:58,14,0,1,14
2024-03-17T05:22:57,14,0,1,14
2024-03-17T05:38:51,14,0,1,14
2024-03-17T05:54:46,14,0,1,14
2024-03-17T06:10:53,14,0,1,14
2024-03-17T06:26:48,14,0,1,14
2024-03-17T06:42:42,14,0,1,14
2024-03-17T06:58:35,14,0,1,14
2024-03-17T07:14:29,14,0,1,14
2024-03-17T07:30:23,14,0,1,14
2024-03-17T07:46:34,14,0,1,14
2024-03-17T08:02:28,14,0,1,14
2024-03-17T08:18:22,14,0,1,14
2024-03-17T08:34:17,14,0,1,14
2024-03-17T08:50:14,14,0,1,14
2024-03-17T09:06:10,14,0,1,14
2024-03-17T09:22:12,14,0,1,14
2024-03-17T09:38:09,14,0,1,14
2024-03-17T09:54:04,14,0,1,14
2024-03-17T10:09:59,14,0,1,14
2024-03-17T10:25:57,14,0,1,14
2024-03-17T10:41:52,14,0,1,14
2024-03-17T10:57:57,14,0,1,14
2024-03-17T11:13:51,14,0,1,14
2024-03-17T11:29:44,14,0,1,14
2024-03-17T11:45:37,14,0,1,14
2024-03-17T12:01:30,14,0,1,14
2024-03-17T12:17:34,14,0,1,14
2024-03-17T12:33:26,14,0,1,14
2024-03-17T12:49:19,14,0,1,14
2024-03-17T13:05:12,14,0,1,14
2024-03-17T13:21:20,14,0,1,14
2024-03-17T13:37:13,14,0,1,14
2024-03-17T13:53:05,14,0,1,14
2024-03-17T14:08:58,14,0,1,14
2024-03-17T14:24:50,14,0,1,14
2024-03-17T14:40:52,14,0,1,14
2024-03-17T14:56:45,14,0,1,14
2024-03-17T15:12:37,14,0,1,14
2024-03-17T15:28:40,14,0,1,14
2024-03-17T15:44:33,14,0,1,14
2024-03-17T16:00:25,14,0,1,14
2024-03-17T16:16:18,14,0,1,14
2024-03-17T16:32:27,14,0,1,14
2024-03-17T16:48:20,14,0,1,14
2024-03-17T17:04:12,14,0,1,14
2024-03-17T17:20:06,14,0,1,14
2024-03-17T17:36:09,14,0,1,14
2024-03-17T17:52:01,14,0,1,14
2024-03-17T18:07:54,14,0,1,14
2024-03-17T18:23:47,14,0,1,14
2024-03-17T18:40:02,14,0,1,14
2024-03-17T18:55:55,14,0,1,14
2024-03-17T19:11:48,14,0,1,14
2024-03-17T19:27:42,14,0,1,14
2024-03-17T19:43:35,14,0,1,14
2024-03-17T19:59:38,14,0,1,14
2024-03-17T20:15:31,14,0,1,14
2024-03-17T20:31:23,14,0,1,14
2024-03-17T20:47:29,14,0,1,14
2024-03-17T21:03:21,14,0,1,14
2024-03-17T21:19:14,14,0,1,14
2024-03-17T21:35:08,14,0,1,14
2024-03-17T21:51:14,14,0,1,14
2024-03-17T22:07:08,14,0,1,14
2024-03-17T22:23:03,14,0,1,14
2024-03-17T22:39:06,14,0,1,14
2024-03-17T22:54:59,14,0,1,14
2024-03-17T23:10:53,14,0,1,14
2024-03-17T23:26:47,14,0,1,14
2024-03-17T23:42:52,14,0,1,14
2024-03-17T23:58:46,14,0,1,14
2024-03-18T00:14:42,14,0,1,14
2024-03-18T00:30:44,14,0,1,14
2024-03-18T00:47:01,14,0,1,14
2024-03-18T01:02:56,14,0,1,14
2024-03-18T01:19:03,14,0,1,14
2024-03-18T01:35:00,14,0,1,14
2024-03-18T01:51:03,14,0,1,14
2024-03-18T02:07:00,14,0,1,14
2024-03-18T02:22:58,14,0,1,14
2024-03-18T02:38:54,14,0,1,14
2024-03-18T02:54:48,14,0,1,14
2024-03-18T03:10:54,14,0,1,14
2024-03-18T03:26:50,14,0,1,14
2024-03-18T03:42:45,14,0,1,14
2024-03-18T03:58:41,14,0,1,14
2024-03-18T04:14:48,14,0,1,14
2024-03-18T04:37:36,14,0,1,14
2024-03-18T04:53:51,14,0,1,14
2024-03-18T05:09:51,14,0,1,14
2024-03-18T05:25:46,14,0,1,14
2024-03-18T05:41:51,14,0,1,14
2024-03-18T05:57:46,14,0,1,14
2024-03-18T06:13:43,14,0,1,14
2024-03-18T06:29:40,14,0,1,14
2024-03-18T06:45:37,14,0,1,14
2024-03-18T07:01:40,14,0,1,14
2024-03-18T07:17:34,14,0,1,14
2024-03-18T07:33:28,14,0,1,14
2024-03-18T07:49:21,14,0,1,14
2024-03-18T08:05:15,14,0,1,14
2024-03-18T08:21:18,14,0,1,14
2024-03-18T08:37:12,14,0,1,14
2024-03-18T08:53:06,14,0,1,14
2024-03-18T09:09:00,14,0,1,14
2024-03-18T09:25:03,14,0,1,14
2024-03-18T09:40:56,14,0,1,14
2024-03-18T09:56:49,14,0,1,14
2024-03-18T10:12:42,14,0,1,14
2024-03-18T10:28:44,14,0,1,14
2024-03-18T10:44:37,14,0,1,14
2024-03-18T11:00:30,14,0,1,14
2024-03-18T11:16:33,14,0,1,14
2024-03-18T11:32:25,14,0,1,14
2024-03-18T11:48:19,14,0,1,14
2024-03-18T12:04:13,14,0,1,14
2024-03-18T12:20:18,14,0,1,14
2024-03-18T12:36:11,14,0,1,14
2024-03-18T12:52:04,14,0,1,14
2024-03-18T13:08:10,14,0,1,14
2024-03-18T13:24:03,14,0,1,14
2024-03-18T13:39:57,14,0,1,14
2024-03-18T13:56:00,14,0,1,14
2024-03-18T14:11:54,14,0,1,14
2024-03-18T14:27:48,14,0,1,14
2024-03-18T14:43:51,14,0,1,14
2024-03-18T14:59:45,14,0,1,14
2024-03-18T15:15:45,14,0,1,14
2024-03-18T15:31:48,14,0,1,14
2024-03-18T15:47:42,14,0,1,14
2024-03-18T16:03:37,14,0,1,14
2024-03-18T16:19:41,14,0,1,14
2024-03-18T16:35:35,14,0,1,14
2024-03-18T16:51:29,14,0,1,14
2024-03-18T17:07:24,14,0,1,14
2024-03-18T17:23:29,14,0,1,14
2024-03-18T17:39:23,14,0,1,14
2024-03-18T17:55:17,14,0,1,14
2024-03-18T18:11:20,14,0,1,14
2024-03-18T18:27:14,14,0,1,14
2024-03-18T18:43:09,14,0,1,14
2024-03-18T18:59:02,14,0,1,14
2024-03-18T19:14:57,14,0,1,14
2024-03-18T19:31:02,14,0,1,14
2024-03-18T19:46:56,14,0,1,14
2024-03-18T20:02:50,14,0,1,14
2024-03-18T20:18:43,14,0,1,14
2024-03-18T20:34:37,14,0,1,14
2024-03-18T20:50:31,14,0,1,14
2024-03-18T21:06:36,14,0,1,14
2024-03-18T21:22:30,14,0,1,14
2024-03-18T21:38:25,14,0,1,14
2024-03-18T21:54:19,14,0,1,14
2024-03-18T22:10:13,14,0,1,14
2024-03-18T22:26:17,14,0,1,14
2024-03-18T22:42:12,14,0,1,14
2024-03-18T22:58:06,14,0,1,14
2024-03-18T23:14:01,14,0,1,14
2024-03-18T23:29:55,14,0,1,14
2024-03-18T23:45:49,14,0,1,14
2024-03-19T00:01:44,14,0,1,14
2024-03-19T00:17:53,14,0,1,14
2024-03-19T00:33:57,14,0,1,14
2024-03-19T00:49:57,14,0,1,14
2024-03-19T01:05:56,14,0,1,14
2024-03-19T01:21:54,14,0,1,14
2024-03-19T01:37:50,14,0,1,14
2024-03-19T01:53:46,14,0,1,14
2024-03-19T02:09:44,14,0,1,14
2024-03-19T02:25:42,14,0,1,14
2024-03-19T02:41:50,14,0,1,14
2024-03-19T02:57:45,14,0,1,14
2024-03-19T03:13:44,14,0,1,14
2024-03-19T03:29:43,14,0,1,14
2024-03-19T03:45:41,14,0,1,14
2024-03-19T04:01:40,14,0,1,14
2024-03-19T04:26:41,14,0,1,14
2024-03-19T04:44:15,14,0,1,14
2024-03-19T05:00:19,14,0,1,14
2024-03-19T05:16:20,14,0,1,14
2024-03-19T05:32:18,14,0,1,14
2024-03-19T05:48:15,14,0,1,14
2024-03-19T06:04:15,14,0,1,14
2024-03-19T06:20:10,14,0,1,14
2024-03-19T06:36:06,14,0,1,14
2024-03-19T06:52:13,14,0,1,14
2024-03-19T07:08:11,14,0,1,14
2024-03-19T07:24:06,14,0,1,14
2024-03-19T07:40:01,14,0,1,14
2024-03-19T07:55:56,14,0,1,14
2024-03-19T08:11:52,14,0,1,14
2024-03-19T08:27:47,14,0,1,14
2024-03-19T08:43:45,14,0,1,14
2024-03-19T08:59:40,14,0,1,14
2024-03-19T09:15:35,14,0,1,14
2024-03-19T09:31:30,14,0,1,14
2024-03-19T09:47:37,14,0,1,14
2024-03-19T10:03:33,14,0,1,14
2024-03-19T10:19:27,14,0,1,14
2024-03-19T10:35:22,14,0,1,14
2024-03-19T10:51:16,14,0,1,14
2024-03-19T11:07:12,14,0,1,14
2024-03-19T11:23:17,14,0,1,14
2024-03-19T11:39:12,14,0,1,14
2024-03-19T11:55:06,14,0,1,14
2024-03-19T12:11:02,14,0,1,14
2024-03-19T12:27:09,14,0,1,14
2024-03-19T12:43:03,14,0,1,14
2024-03-19T12:58:58,14,0,1,14
2024-03-19T13:14:52,14,0,1,14
2024-03-19T13:30:49,14,0,1,14
2024-03-19T13:46:45,14,0,1,14
2024-03-19T14:02:40,14,0,1,14
2024-03-19T14:18:46,14,0,1,14
2024-03-19T14:34:41,14,0,1,14
2024-03-19T14:50:36,14,0,1,14
2024-03-19T15:06:34,14,0,1,14
2024-03-19T15:22:40,14,0,1,14
2024-03-19T15:38:35,14,0,1,14
2024-03-19T15:54:30,14,0,1,14
2024-03-19T16:10:25,14,0,1,14
2024-03-19T16:26:21,14,0,1,14
2024-03-19T16:42:16,14,0,1,14
2024-03-19T16:58:22,14,0,1,14
2024-03-19T17:14:17,14,0,1,14
2024-03-19T17:30:13,14,0,1,14
2024-03-19T17:46:07,14,0,1,14
2024-03-19T18:02:03,14,0,1,14
2024-03-19T18:17:58,14,0,1,14
2024-03-19T18:34:05,14,0,1,14
2024-03-19T18:50:00,14,0,1,14
2024-03-19T19:05:55,14,0,1,14
2024-03-19T19:22:01,14,0,1,14
2024-03-19T19:37:56,14,0,1,14
2024-03-19T19:53:51,14,0,1,14
2024-03-19T20:09:46,14,0,1,14
2024-03-19T20:25:41,14,0,1,14
2024-03-19T20:41:37,14,0,1,14
2024-03-19T20:57:33,14,0,1,14
2024-03-19T21:13:39,14,0,1,14
2024-03-19T21:29:33,14,0,1,14
2024-03-19T21:45:29,14,0,1,14
2024-03-19T22:01:25,14,0,1,14
2024-03-19T22:17:21,14,0,1,14
2024-03-19T22:33:17,14,0,1,14
2024-03-19T22:49:23,14,0,1,14
2024-03-19T23:05:18,14,0,1,14
2024-03-19T23:21:15,14,0,1,14
2024-03-19T23:37:12,14,0,1,14
2024-03-19T23:53:09,14,0,1,14
2024-03-20T00:09:06,14,0,1,14
2024-03-20T00:25:07,14,0,1,14
2024-03-20T00:41:06,14,0,1,14
2024-03-20T00:57:15,14,0,1,14
2024-03-20T01:13:15,14,0,1,14
2024-03-20T01:29:13,14,0,1,14
2024-03-20T01:45:11,14,0,1,14
2024-03-20T02:01:10,14,0,1,14
2024-03-20T02:17:08,14,0,1,14
2024-03-20T02:33:05,14,0,1,14
2024-03-20T02:49:02,14,0,1,14
2024-03-20T03:05:00,14,0,1,14
2024-03-20T03:20:59,14,0,1,14
2024-03-20T03:37:07,14,0,1,14
2024-03-20T03:53:05,14,0,1,14
2024-03-20T04:37:03,14,0,1,14
2024-03-20T04:53:04,14,0,1,14
2024-03-20T05:09:03,14,0,1,14
2024-03-20T05:25:02,14,0,1,14
2024-03-20T05:41:03,14,0,1,14
2024-03-20T05:57:02,14,0,1,14
2024-03-20T06:13:04,14,0,1,14
2024-03-20T06:29:03,14,0,1,14
2024-03-20T06:45:00,14,0,1,14
2024-03-20T07:00:58,14,0,1,14
2024-03-20T07:16:58,14,0,1,14
2024-03-20T07:32:55,14,0,1,14
2024-03-20T07:48:52,14,0,1,14
2024-03-20T08:04:58,14,0,1,14
2024-03-20T08:20:55,14,0,1,14
2024-03-20T08:36:52,14,0,1,14
2024-03-20T08:52:48,14,0,1,14
2024-03-20T09:08:44,14,0,1,14
2024-03-20T09:24:40,14,0,1,14
2024-03-20T09:40:36,14,0,1,14
2024-03-20T09:56:31,14,0,1,14
2024-03-20T10:12:27,14,0,1,14
2024-03-20T10:28:23,14,0,1,14
2024-03-20T10:44:31,14,0,1,14
2024-03-20T11:00:27,14,0,1,14
2024-03-20T11:16:23,14,0,1,14
2024-03-20T11:32:19,14,0,1,14
2024-03-20T11:48:15,14,0,1,14
2024-03-20T12:04:24,14,0,1,14
2024-03-20T12:20:21,14,0,1,14
2024-03-20T12:36:19,14,0,1,14
2024-03-20T12:52:17,14,0,1,14
2024-03-20T13:08:13,14,0,1,14
2024-03-20T13:24:19,14,0,1,14
2024-03-20T13:40:15,14,0,1,14
2024-03-20T13:56:11,14,0,1,14
2024-03-20T14:12:08,14,0,1,14
2024-03-20T14:28:05,14,0,1,14
2024-03-20T14:44:01,14,0,1,14
2024-03-20T15:00:09,14,0,1,14
2024-03-20T15:16:06,14,0,1,14
2024-03-20T15:32:03,14,0,1,14
2024-03-20T15:47:59,14,0,1,14
2024-03-20T16:03:56,14,0,1,14
2024-03-20T16:20:08,14,0,1,14
2024-03-20T16:36:05,14,0,1,14
2024-03-20T16:52:01,14,0,1,14
2024-03-20T17:07:57,14,0,1,14
2024-03-20T17:23:53,14,0,1,14
2024-03-20T17:39:49,14,0,1,14
2024-03-20T17:55:45,14,0,1,14
2024-03-20T18:11:52,14,0,1,14
2024-03-20T18:27:48,14,0,1,14
2024-03-20T18:43:45,14,0,1,14
2024-03-20T18:59:42,14,0,1,14
2024-03-20T19:15:39,14,0,1,14
2024-03-20T19:31:35,14,0,1,14
2024-03-20T19:47:32,14,0,1,14
2024-03-20T20:03:38,14,0,1,14
2024-03-20T20:19:34,14,0,1,14
2024-03-20T20:35:30,14,0,1,14
2024-03-20T20:51:27,14,0,1,14
2024-03-20T21:07:24,14,0,1,14
2024-03-20T21:23:21,14,0,1,14
2024-03-20T21:39:27,14,0,1,14
2024-03-20T21:55:23,14,0,1,14
2024-03-20T22:11:20,14,0,1,14
2024-03-20T22:27:15,14,0,1,14
2024-03-20T22:43:11,14,0,1,14
2024-03-20T22:59:07,14,0,1,14
2024-03-20T23:15:03,14,0,1,14
2024-03-20T23:31:10,14,0,1,14
2024-03-20T23:47:07,14,0,1,14
2024-03-21T00:03:04,14,0,1,14
2024-03-21T00:19:08,14,0,1,14
2024-03-21T00:35:09,14,0,1,14
2024-03-21T00:51:12,14,0,1,14
2024-03-21T01:07:13,14,0,1,14
2024-03-21T01:23:22,14,0,1,14
2024-03-21T01:39:20,14,0,1,14
2024-03-21T01:55:19,14,0,1,14
2024-03-21T02:11:16,14,0,1,14
2024-03-21T02:27:13,14,0,1,14
2024-03-21T02:43:13,14,0,1,14
2024-03-21T02:59:10,14,0,1,14
2024-03-21T03:15:22,14,0,1,14
2024-03-21T03:31:21,14,0,1,14
2024-03-21T03:47:29,14,0,1,14
2024-03-21T04:03:30,14,0,1,14
2024-03-21T04:26:46,14,0,1,14
2024-03-21T04:42:47,14,0,1,14
2024-03-21T05:00:25,14,0,1,14
2024-03-21T05:16:28,14,0,1,14
2024-03-21T05:32:28,14,0,1,14
2024-03-21T05:48:27,14,0,1,14
2024-03-21T06:04:30,14,0,1,14
2024-03-21T06:20:29,14,0,1,14
2024-03-21T06:36:28,14,0,1,14
2024-03-21T06:52:28,14,0,1,14
2024-03-21T07:08:37,14,0,1,14
2024-03-21T07:24:40,14,0,1,14
2024-03-21T07:40:38,14,0,1,14
2024-03-21T07:56:35,14,0,1,14
2024-03-21T08:12:33,14,0,1,14
2024-03-21T08:28:31,14,0,1,14
2024-03-21T08:44:29,14,0,1,14
2024-03-21T09:00:28,14,0,1,14
2024-03-21T09:16:26,14,0,1,14
2024-03-21T09:32:33,14,0,1,14
2024-03-21T09:48:30,14,0,1,14
2024-03-21T10:04:29,14,0,1,14
2024-03-21T10:20:26,14,0,1,14
2024-03-21T10:36:22,14,0,1,14
2024-03-21T10:52:32,14,0,1,14
2024-03-21T11:08:29,14,0,1,14
2024-03-21T11:24:25,14,0,1,14
2024-03-21T11:40:22,14,0,1,14
2024-03-21T11:56:30,14,0,1,14
2024-03-21T12:12:27,14,0,1,14
2024-03-21T12:28:24,14,0,1,14
2024-03-21T12:44:32,14,0,1,14
2024-03-21T13:00:28,14,0,1,14
2024-03-21T13:16:25,14,0,1,14
2024-03-21T13:32:22,14,0,1,14
2024-03-21T13:48:19,14,0,1,14
2024-03-21T14:04:27,14,0,1,14
2024-03-21T14:20:25,14,0,1,14
2024-03-21T14:36:26,14,0,1,14
2024-03-21T14:52:51,14,0,1,14
2024-03-21T15:08:59,14,0,1,14
2024-03-21T15:25:09,14,0,1,14
2024-03-21T15:41:07,14,0,1,14
2024-03-21T15:57:04,14,0,1,14
2024-03-21T16:13:13,14,0,1,14
2024-03-21T16:29:11,14,0,1,14
2024-03-21T16:45:09,14,0,1,14
2024-03-21T17:01:18,14,0,1,14
2024-03-21T17:17:19,14,0,1,14
2024-03-21T17:33:16,14,0,1,14
2024-03-21T17:49:24,14,0,1,14
2024-03-21T18:05:22,14,0,1,14
2024-03-21T18:21:21,14,0,1,14
2024-03-21T18:37:18,14,0,1,14
2024-03-21T18:53:27,14,0,1,14
2024-03-21T19:09:25,14,0,1,14
2024-03-21T19:25:22,14,0,1,14
2024-03-21T19:41:19,14,0,1,14
2024-03-21T19:57:17,14,0,1,14
2024-03-21T20:13:29,14,0,1,14
2024-03-21T20:29:27,14,0,1,14
2024-03-21T20:45:24,14,0,1,14
2024-03-21T21:01:21,14,0,1,14
2024-03-21T21:17:35,14,0,1,14
2024-03-21T21:33:33,14,0,1,14
2024-03-21T21:49:31,14,0,1,14
2024-03-21T22:05:28,14,0,1,14
2024-03-21T22:21:25,14,0,1,14
2024-03-21T22:37:35,14,0,1,14
2024-03-21T22:53:32,14,0,1,14
2024-03-21T23:09:29,14,0,1,14
2024-03-21T23:25:28,14,0,1,14
2024-03-21T23:41:37,14,0,1,14
2024-03-21T23:57:35,14,0,1,14
2024-03-22T00:13:35,14,0,1,14
2024-03-22T00:29:39,14,0,1,14
2024-03-22T00:45:41,14,0,1,14
2024-03-22T01:01:53,14,0,1,14
2024-03-22T01:17:54,14,0,1,14
2024-03-22T01:33:55,14,0,1,14
2024-03-22T01:49:56,14,0,1,14
2024-03-22T02:05:57,14,0,1,14
2024-03-22T02:21:58,14,0,1,14
2024-03-22T02:38:12,14,0,1,14
2024-03-22T02:54:11,14,0,1,14
2024-03-22T03:10:10,14,0,1,14
2024-03-22T03:26:11,14,0,1,14
2024-03-22T03:42:15,14,0,1,14
2024-03-22T03:58:40,14,0,1,14
2024-03-22T04:14:41,14,0,1,14
2024-03-22T04:33:48,14,0,1,14
2024-03-22T04:51:32,14,0,1,14
2024-03-22T05:07:37,14,0,1,14
2024-03-22T05:23:37,14,0,1,14
2024-03-22T05:39:38,14,0,1,14
2024-03-22T05:55:39,14,0,1,14
2024-03-22T06:11:39,14,0,1,14
2024-03-22T06:27:47,14,0,1,14
2024-03-22T06:43:48,14,0,1,14
2024-03-22T06:59:50,14,0,1,14
2024-03-22T07:15:51,14,0,1,14
2024-03-22T07:31:51,14,0,1,14
2024-03-22T07:47:50,14,0,1,14
2024-03-22T08:03:49,14,0,1,14
2024-03-22T08:19:48,14,0,1,14
2024-03-22T08:35:59,14,0,1,14
2024-03-22T08:52:00,14,0,1,14
2024-03-22T09:07:59,14,0,1,14
2024-03-22T09:23:59,14,0,1,14
2024-03-22T09:39:57,14,0,1,14
2024-03-22T09:55:55,14,0,1,14
2024-03-22T10:12:02,14,0,1,14
2024-03-22T10:28:00,14,0,1,14
2024-03-22T10:43:57,14,0,1,14
2024-03-22T10:59:55,14,0,1,14
2024-03-22T11:16:04,14,0,1,14
2024-03-22T11:32:02,14,0,1,14
2024-03-22T11:48:00,14,0,1,14
2024-03-22T12:04:06,14,0,1,14
2024-03-22T12:20:15,14,0,1,14
2024-03-22T12:36:13,14,0,1,14
2024-03-22T12:52:10,14,0,1,14
2024-03-22T13:08:09,14,0,1,14
2024-03-22T13:24:06,14,0,1,14
2024-03-22T13:40:13,14,0,1,14
2024-03-22T13:56:11,14,0,1,14
2024-03-22T14:12:09,14,0,1,14
2024-03-22T14:28:07,14,0,1,14
2024-03-22T14:44:14,14,0,1,14
2024-03-22T15:00:12,14,0,1,14
2024-03-22T15:16:11,14,0,1,14
2024-03-22T15:33:07,14,0,1,14
2024-03-22T15:49:17,14,0,1,14
2024-03-22T16:05:16,14,0,1,14
2024-03-22T16:21:14,14,0,1,14
2024-03-22T16:37:12,14,0,1,14
2024-03-22T16:53:21,14,0,1,14
2024-03-22T17:09:19,14,0,1,14
2024-03-22T17:25:22,14,0,1,14
2024-03-22T17:41:20,14,0,1,14
2024-03-22T17:57:32,14,0,1,14
2024-03-22T18:13:30,14,0,1,14
2024-03-22T18:29:28,14,0,1,14
2024-03-22T18:45:26,14,0,1,14
2024-03-22T19:01:24,14,0,1,14
2024-03-22T19:17:33,14,0,1,14
2024-03-22T19:33:31,14,0,1,14
2024-03-22T19:49:28,14,0,1,14
2024-03-22T20:05:26,14,0,1,14
2024-03-22T20:21:24,14,0,1,14
2024-03-22T20:37:32,14,0,1,14
2024-03-22T20:53:30,14,0,1,14
2024-03-22T21:09:28,14,0,1,14
2024-03-22T21:25:27,14,0,1,14
2024-03-22T21:41:26,14,0,1,14
2024-03-22T21:57:24,14,0,1,14
2024-03-22T22:13:33,14,0,1,14
2024-03-22T22:29:32,14,0,1,14
2024-03-22T22:45:30,14,0,1,14
2024-03-22T23:01:28,14,0,1,14
2024-03-22T23:17:28,14,0,1,14
2024-03-22T23:33:38,14,0,1,14
2024-03-22T23:49:37,14,0,1,14
2024-03-23T00:05:36,14,0,1,14
2024-03-23T00:21:57,14,0,1,14
2024-03-23T00:37:58,14,0,1,14
2024-03-23T00:54:10,14,0,1,14
2024-03-23T01:10:11,14,0,1,14
2024-03-23T01:26:12,14,0,1,14
2024-03-23T01:42:24,14,0,1,14
2024-03-23T01:58:24,14,0,1,14
2024-03-23T02:14:23,14,0,1,14
2024-03-23T02:30:24,14,0,1,14
2024-03-23T02:46:23,14,0,1,14
2024-03-23T03:02:34,14,0,1,14
2024-03-23T03:18:34,14,0,1,14
2024-03-23T03:34:34,14,0,1,14
2024-03-23T03:50:33,14,0,1,14
2024-03-23T04:06:34,14,0,1,14
2024-03-23T04:28:33,14,0,1,14
2024-03-23T04:44:53,14,0,1,14
2024-03-23T05:00:54,14,0,1,14
2024-03-23T05:16:51,14,0,1,14
2024-03-23T05:32:49,14,0,1,14
2024-03-23T05:48:48,14,0,1,14
2024-03-23T06:04:49,14,0,1,14
2024-03-23T06:20:47,14,0,1,14
2024-03-23T06:36:57,14,0,1,14
2024-03-23T06:52:56,14,0,1,14
2024-03-23T07:09:37,14,0,1,14
2024-03-23T07:27:11,14,0,1,14
2024-03-23T07:43:11,14,0,1,14
2024-03-23T07:59:11,14,0,1,14
2024-03-23T08:15:11,14,0,1,14
2024-03-23T08:31:22,14,0,1,14
2024-03-23T08:47:22,14,0,1,14
2024-03-23T09:03:22,14,0,1,14
2024-03-23T09:19:23,14,0,1,14
2024-03-23T09:35:25,14,0,1,14
2024-03-23T09:51:25,14,0,1,14
2024-03-23T10:07:35,14,0,1,14
2024-03-23T10:23:35,14,0,1,14
2024-03-23T10:39:36,14,0,1,14
2024-03-23T10:55:35,14,0,1,14
2024-03-23T11:11:35,14,0,1,14
2024-03-23T11:27:45,14,0,1,14
2024-03-23T11:43:45,14,0,1,14
2024-03-23T11:59:45,14,0,1,14
2024-03-23T12:15:45,14,0,1,14
2024-03-23T12:31:55,14,0,1,14
2024-03-23T12:47:55,14,0,1,14
2024-03-23T13:03:54,14,0,1,14
2024-03-23T13:19:52,14,0,1,14
2024-03-23T13:35:51,14,0,1,14
2024-03-23T13:52:02,14,0,1,14
2024-03-23T14:08:01,14,0,1,14
2024-03-23T14:24:01,14,0,1,14
2024-03-23T14:40:00,14,0,1,14
2024-03-23T14:55:58,14,0,1,14
2024-03-23T15:12:06,14,0,1,14
2024-03-23T15:28:03,14,0,1,14
2024-03-23T15:44:01,14,0,1,14
2024-03-23T16:00:01,14,0,1,14
2024-03-23T16:16:12,14,0,1,14
2024-03-23T16:32:09,14,0,1,14
2024-03-23T16:48:08,14,0,1,14
2024-03-23T17:04:05,14,0,1,14
2024-03-23T17:20:04,14,0,1,14
2024-03-23T17:36:12,14,0,1,14
2024-03-23T17:52:10,14,0,1,14
2024-03-23T18:08:08,14,0,1,14
2024-03-23T18:24:06,14,0,1,14
2024-03-23T18:40:04,14,0,1,14
2024-03-23T18:56:13,14,0,1,14
2024-03-23T19:12:12,14,0,1,14
2024-03-23T19:28:09,14,0,1,14
2024-03-23T19:44:07,14,0,1,14
2024-03-23T20:00:05,14,0,1,14
2024-03-23T20:16:04,14,0,1,14
2024-03-23T20:32:13,14,0,1,14
2024-03-23T20:48:10,14,0,1,14
2024-03-23T21:04:09,14,0,1,14
2024-03-23T21:20:07,14,0,1,14
2024-03-23T21:36:06,14,0,1,14
2024-03-23T21:52:15,14,0,1,14
2024-03-23T22:08:13,14,0,1,14
2024-03-23T22:24:12,14,0,1,14
2024-03-23T22:40:10,14,0,1,14
2024-03-23T22:56:08,14,0,1,14
2024-03-23T23:12:09,14,0,1,14
2024-03-23T23:28:19,14,0,1,14
2024-03-23T23:44:19,14,0,1,14
2024-03-24T00:00:19,14,0,1,14
2024-03-24T00:16:22,14,0,1,14
2024-03-24T00:32:23,14,0,1,14
2024-03-24T00:48:24,14,0,1,14
2024-03-24T01:04:35,14,0,1,14
2024-03-24T01:20:34,14,0,1,14
2024-03-24T01:36:37,14,0,1,14
2024-03-24T01:52:38,14,0,1,14
2024-03-24T02:08:37,14,0,1,14
2024-03-24T02:24:38,14,0,1,14
2024-03-24T02:40:49,14,0,1,14
2024-03-24T02:56:50,14,0,1,14
2024-03-24T03:12:51,14,0,1,14
2024-03-24T03:28:51,14,0,1,14
2024-03-24T03:44:54,14,0,1,14
2024-03-24T04:01:03,14,0,1,14
2024-03-24T04:32:03,14,0,1,14
2024-03-24T04:49:59,14,0,1,14
2024-03-24T05:06:30,14,0,1,14
2024-03-24T05:22:38,14,0,1,14
2024-03-24T05:38:39,14,0,1,14
2024-03-24T05:54:41,14,0,1,14
2024-03-24T06:10:45,14,0,1,14
2024-03-24T06:26:45,14,0,1,14
2024-03-24T06:42:54,14,0,1,14
2024-03-24T06:59:19,14,0,1,14
2024-03-24T07:15:21,14,0,1,14
2024-03-24T07:31:24,14,0,1,14
2024-03-24T07:47:28,14,0,1,14
2024-03-24T08:03:30,14,0,1,14
2024-03-24T08:19:32,14,0,1,14
2024-03-24T08:35:31,14,0,1,14
2024-03-24T08:51:34,14,0,1,14
2024-03-24T09:07:46,14,0,1,14
2024-03-24T09:23:51,14,0,1,14
2024-03-24T09:39:56,14,0,1,14
2024-03-24T09:55:58,14,0,1,14
2024-03-24T10:12:03,14,0,1,14
2024-03-24T10:28:05,14,0,1,14
2024-03-24T10:44:15,14,0,1,14
2024-03-24T11:00:15,14,0,1,14
2024-03-24T11:16:15,14,0,1,14
2024-03-24T11:32:12,14,0,1,14
2024-03-24T11:48:10,14,0,1,14
2024-03-24T12:04:17,14,0,1,14
2024-03-24T12:20:15,14,0,1,14
2024-03-24T12:36:14,14,0,1,14
2024-03-24T12:52:11,14,0,1,14
2024-03-24T13:08:17,14,0,1,14
2024-03-24T13:24:16,14,0,1,14
2024-03-24T13:40:13,14,0,1,14
2024-03-24T13:56:11,14,0,1,14
2024-03-24T14:12:12,14,0,1,14
2024-03-24T14:28:20,14,0,1,14
2024-03-24T14:44:17,14,0,1,14
2024-03-24T15:00:15,14,0,1,14
2024-03-24T15:16:13,14,0,1,14
2024-03-24T15:32:20,14,0,1,14
2024-03-24T15:48:18,14,0,1,14
2024-03-24T16:04:16,14,0,1,14
2024-03-24T16:20:15,14,0,1,14
2024-03-24T16:36:24,14,0,1,14
2024-03-24T16:52:22,14,0,1,14
2024-03-24T17:08:20,14,0,1,14
2024-03-24T17:24:18,14,0,1,14
2024-03-24T17:40:15,14,0,1,14
2024-03-24T17:56:25,14,0,1,14
2024-03-24T18:12:24,14,0,1,14
2024-03-24T18:28:22,14,0,1,14
2024-03-24T18:44:21,14,0,1,14
2024-03-24T19:00:19,14,0,1,14
2024-03-24T19:16:28,14,0,1,14
2024-03-24T19:32:27,14,0,1,14
2024-03-24T19:48:24,14,0,1,14
2024-03-24T20:04:22,14,0,1,14
2024-03-24T20:20:20,14,0,1,14
2024-03-24T20:36:31,14,0,1,14
2024-03-24T20:52:29,14,0,1,14
2024-03-24T21:08:26,14,0,1,14
2024-03-24T21:24:26,14,0,1,14
2024-03-24T21:40:26,14,0,1,14
2024-03-24T21:56:36,14,0,1,14
2024-03-24T22:12:33,14,0,1,14
2024-03-24T22:28:32,14,0,1,14
2024-03-24T22:44:31,14,0,1,14
2024-03-24T23:00:31,14,0,1,14
2024-03-24T23:16:42,14,0,1,14
2024-03-24T23:32:42,14,0,1,14
2024-03-24T23:48:41,14,0,1,14
2024-03-25T00:04:40,14,0,1,14
2024-03-25T00:20:49,14,0,1,14
2024-03-25T00:37:06,14,0,1,14
2024-03-25T00:53:06,14,0,1,14
2024-03-25T01:09:18,14,0,1,14
2024-03-25T01:25:23,14,0,1,14
2024-03-25T01:41:23,14,0,1,14
2024-03-25T01:57:25,14,0,1,14
2024-03-25T02:13:27,14,0,1,14
2024-03-25T02:29:42,14,0,1,14
2024-03-25T02:45:41,14,0,1,14
2024-03-25T03:01:54,14,0,1,14
2024-03-25T03:17:56,14,0,1,14
2024-03-25T03:33:57,14,0,1,14
2024-03-25T03:49:58,14,0,1,14
2024-03-25T04:06:10,14,0,1,14
2024-03-25T04:34:13,14,0,1,14
2024-03-25T04:50:41,14,0,1,14
2024-03-25T05:06:47,14,0,1,14
2024-03-25T05:22:49,14,0,1,14
2024-03-25T05:38:52,14,0,1,14
2024-03-25T05:54:53,14,0,1,14
2024-03-25T06:10:55,14,0,1,14
2024-03-25T06:27:02,14,0,1,14
2024-03-25T06:43:04,14,0,1,14
2024-03-25T06:59:05,14,0,1,14
2024-03-25T07:15:10,14,0,1,14
2024-03-25T07:31:10,14,0,1,14
2024-03-25T07:47:08,14,0,1,14
2024-03-25T08:03:06,14,0,1,14
2024-03-25T08:19:07,14,0,1,14
2024-03-25T08:35:16,14,0,1,14
2024-03-25T08:51:14,14,0,1,14
2024-03-25T09:07:12,14,0,1,14
2024-03-25T09:23:11,14,0,1,14
2024-03-25T09:39:09,14,0,1,14
2024-03-25T09:55:16,14,0,1,14
2024-03-25T10:11:15,14,0,1,14
2024-03-25T10:27:13,14,0,1,14
2024-03-25T10:43:11,14,0,1,14
2024-03-25T10:59:19,14,0,1,14
2024-03-25T11:15:19,14,0,1,14
2024-03-25T11:31:28,14,0,1,14
2024-03-25T11:47:39,14,0,1,14
2024-03-25T12:03:41,14,0,1,14
2024-03-25T12:19:40,14,0,1,14
2024-03-25T12:35:49,14,0,1,14
2024-03-25T12:51:47,14,0,1,14
2024-03-25T13:07:58,14,0,1,14
2024-03-25T13:23:56,14,0,1,14
2024-03-25T13:39:56,14,0,1,14
2024-03-25T13:56:05,14,0,1,14
2024-03-25T14:12:03,14,0,1,14
2024-03-25T14:28:14,14,0,1,14
2024-03-25T14:44:12,14,0,1,14
2024-03-25T15:00:23,14,0,1,14
2024-03-25T15:16:21,14,0,1,14
2024-03-25T15:32:20,14,0,1,14
2024-03-25T15:48:28,14,0,1,14
2024-03-25T16:04:28,14,0,1,14
2024-03-25T16:20:37,14,0,1,14
2024-03-25T16:36:39,14,0,1,14
2024-03-25T16:52:38,14,0,1,14
2024-03-25T17:08:49,14,0,1,14
2024-03-25T17:24:49,14,0,1,14
2024-03-25T17:40:50,14,0,1,14
2024-03-25T17:57:02,14,0,1,14
2024-03-25T18:13:01,14,0,1,14
2024-03-25T18:29:01,14,0,1,14
2024-03-25T18:45:10,14,0,1,14
2024-03-25T19:01:09,14,0,1,14
2024-03-25T19:17:08,14,0,1,14
2024-03-25T19:33:18,14,0,1,14
2024-03-25T19:49:16,14,0,1,14
2024-03-25T20:05:16,14,0,1,14
2024-03-25T20:21:15,14,0,1,14
2024-03-25T20:37:24,14,0,1,14
2024-03-25T20:53:23,14,0,1,14
2024-03-25T21:09:24,14,0,1,14
2024-03-25T21:25:35,14,0,1,14
2024-03-25T21:41:34,14,0,1,14
2024-03-25T21:57:35,14,0,1,14
2024-03-25T22:13:34,14,0,1,14
2024-03-25T22:29:44,14,0,1,14
2024-03-25T22:45:45,14,0,1,14
2024-03-25T23:01:44,14,0,1,14
2024-03-25T23:17:54,14,0,1,14
2024-03-25T23:33:53,14,0,1,14
2024-03-25T23:49:52,14,0,1,14
2024-03-26T00:05:53,14,0,1,14
2024-03-26T00:22:10,14,0,1,14
2024-03-26T00:38:14,14,0,1,14
2024-03-26T00:54:17,14,0,1,14
2024-03-26T01:10:18,14,0,1,14
2024-03-26T01:26:20,14,0,1,14
2024-03-26T01:42:33,14,0,1,14
2024-03-26T01:58:36,14,0,1,14
2024-03-26T02:14:36,14,0,1,14
2024-03-26T02:30:35,14,0,1,14
2024-03-26T02:46:35,14,0,1,14
2024-03-26T03:02:35,14,0,1,14
2024-03-26T03:18:46,14,0,1,14
2024-03-26T03:34:46,14,0,1,14
2024-03-26T03:50:45,14,0,1,14
2024-03-26T04:06:45,14,0,1,14
2024-03-26T04:30:55,14,0,1,14
2024-03-26T04:46:57,14,0,1,14
2024-03-26T05:03:02,14,0,1,14
2024-03-26T05:19:11,14,0,1,14
2024-03-26T05:35:40,14,0,1,14
2024-03-26T05:51:43,14,0,1,14
2024-03-26T06:07:53,14,0,1,14
2024-03-26T06:23:55,14,0,1,14
2024-03-26T06:39:58,14,0,1,14
2024-03-26T06:56:02,14,0,1,14
2024-03-26T07:12:08,14,0,1,14
2024-03-26T07:28:10,14,0,1,14
2024-03-26T07:44:13,14,0,1,14
2024-03-26T08:00:30,14,0,1,14
2024-03-26T08:16:33,14,0,1,14
2024-03-26T08:32:34,14,0,1,14
2024-03-26T08:48:35,14,0,1,14
2024-03-26T09:04:47,14,0,1,14
2024-03-26T09:20:48,14,0,1,14
2024-03-26T09:36:50,14,0,1,14
2024-03-26T09:52:52,14,0,1,14
2024-03-26T10:10:19,14,0,1,14
2024-03-26T10:26:59,14,0,1,14
2024-03-26T10:45:04,14,0,1,14
2024-03-26T11:03:35,14,0,1,14
2024-03-26T11:22:25,14,0,1,14
2024-03-26T11:42:24,14,0,1,14
2024-03-26T12:01:14,14,0,1,14
2024-03-26T12:17:23,14,0,1,14
2024-03-26T12:33:24,14,0,1,14
2024-03-26T12:49:25,14,0,1,14
2024-03-26T13:05:38,14,0,1,14
2024-03-26T13:21:39,14,0,1,14
2024-03-26T13:37:52,14,0,1,14
2024-03-26T13:53:52,14,0,1,14
2024-03-26T14:09:53,14,0,1,14
2024-03-26T14:26:05,14,0,1,14
2024-03-26T14:42:06,14,0,1,14
2024-03-26T14:58:17,14,0,1,14
2024-03-26T15:14:17,14,0,1,14
2024-03-26T15:30:17,14,0,1,14
2024-03-26T15:46:29,14,0,1,14
2024-03-26T16:02:28,14,0,1,14
2024-03-26T16:18:40,14,0,1,14
2024-03-26T16:34:40,14,0,1,14
2024-03-26T16:50:41,14,0,1,14
2024-03-26T17:06:53,14,0,1,14
2024-03-26T17:22:54,14,0,1,14
2024-03-26T17:38:53,14,0,1,14
2024-03-26T17:55:05,14,0,1,14
2024-03-26T18:11:05,14,0,1,14
2024-03-26T18:27:05,14,0,1,14
2024-03-26T18:43:17,14,0,1,14
2024-03-26T18:59:17,14,0,1,14
2024-03-26T19:15:17,14,0,1,14
2024-03-26T19:31:29,14,0,1,14
2024-03-26T19:47:29,14,0,1,14
2024-03-26T20:03:28,14,0,1,14
2024-03-26T21:14:13,14,0,1,14
2024-03-26T21:30:14,14,0,1,14
2024-03-26T21:46:28,14,0,1,14
2024-03-26T22:02:30,14,0,1,14
2024-03-26T22:18:46,14,0,1,14
2024-03-26T22:34:46,14,0,1,14
2024-03-26T22:51:00,14,0,1,14
2024-03-26T23:07:01,14,0,1,14
2024-03-26T23:23:01,14,0,1,14
2024-03-26T23:39:16,14,0,1,14
2024-03-26T23:55:16,14,0,1,14
2024-03-27T00:11:26,14,0,1,14
2024-03-27T00:27:52,14,0,1,14
2024-03-27T00:44:02,14,0,1,14
2024-03-27T01:00:09,14,0,1,14
2024-03-27T01:16:29,14,0,1,14
2024-03-27T01:32:33,14,0,1,14
2024-03-27T01:48:39,14,0,1,14
2024-03-27T02:04:47,14,0,1,14
2024-03-27T02:21:04,14,0,1,14
2024-03-27T02:37:14,14,0,1,14
2024-03-27T02:53:17,14,0,1,14
2024-03-27T03:09:22,14,0,1,14
2024-03-27T03:25:24,14,0,1,14
2024-03-27T03:41:43,14,0,1,14
2024-03-27T03:57:48,14,0,1,14
2024-03-27T04:13:50,14,0,1,14
2024-03-27T04:34:19,14,0,1,14
2024-03-27T04:52:23,14,0,1,14
2024-03-27T05:08:28,14,0,1,14
2024-03-27T05:24:30,14,0,1,14
2024-03-27T05:40:31,14,0,1,14
2024-03-27T05:56:34,14,0,1,14
2024-03-27T06:12:46,14,0,1,14
2024-03-27T06:29:18,14,0,1,14
2024-03-27T06:45:21,14,0,1,14
2024-03-27T07:01:23,14,0,1,14
2024-03-27T07:17:30,14,0,1,14
2024-03-27T07:33:32,14,0,1,14
2024-03-27T07:49:45,14,0,1,14
2024-03-27T08:05:48,14,0,1,14
2024-03-27T08:21:51,14,0,1,14
2024-03-27T08:37:53,14,0,1,14
2024-03-27T08:54:09,14,0,1,14
2024-03-27T09:10:13,14,0,1,14
2024-03-27T09:26:28,14,0,1,14
2024-03-27T09:42:31,14,0,1,14
2024-03-27T09:58:33,14,0,1,14
2024-03-27T10:14:53,14,0,1,14
2024-03-27T10:30:55,14,0,1,14
2024-03-27T10:47:09,14,0,1,14
2024-03-27T11:03:12,14,0,1,14
2024-03-27T11:19:15,14,0,1,14
2024-03-27T11:35:32,14,0,1,14
2024-03-27T11:51:35,14,0,1,14
2024-03-27T12:07:50,14,0,1,14
2024-03-27T12:23:52,14,0,1,14
2024-03-27T12:40:04,14,0,1,14
2024-03-27T12:56:04,14,0,1,14
2024-03-27T13:12:04,14,0,1,14
2024-03-27T13:28:17,14,0,1,14
2024-03-27T13:44:19,14,0,1,14
2024-03-27T14:00:19,14,0,1,14
2024-03-27T14:16:32,14,0,1,14
2024-03-27T14:32:33,14,0,1,14
2024-03-27T14:48:35,13,1,1,14
2024-03-27T15:04:48,13,1,1,14
2024-03-27T15:20:49,13,1,1,14
2024-03-27T15:37:01,13,1,1,14
2024-03-27T15:53:02,13,1,1,14
2024-03-27T16:09:14,13,1,1,14
2024-03-27T16:25:15,13,1,1,14
2024-03-27T16:41:16,13,1,1,14
2024-03-27T16:57:29,13,1,1,14
2024-03-27T17:13:32,13,1,1,14
2024-03-27T17:29:33,13,1,1,14
2024-03-27T17:45:34,13,1,1,14
2024-03-27T18:01:47,13,1,1,14
2024-03-27T18:17:49,13,1,1,14
2024-03-27T18:33:50,13,1,1,14
2024-03-27T18:50:03,13,1,1,14
2024-03-27T19:06:03,13,1,1,14
2024-03-27T19:22:03,13,1,1,14
2024-03-27T19:38:03,13,1,1,14
2024-03-27T19:54:16,13,1,1,14
2024-03-27T20:10:17,13,1,1,14
2024-03-27T20:26:17,13,1,1,14
2024-03-27T20:42:30,13,1,1,14
2024-03-27T20:58:30,13,1,1,14
2024-03-27T21:14:33,13,1,1,14
2024-03-27T21:30:34,13,1,1,14
2024-03-27T21:46:48,13,1,1,14
2024-03-27T22:02:50,13,1,1,14
2024-03-27T22:18:51,13,1,1,14
2024-03-27T22:34:52,14,0,0,14
2024-03-27T22:51:07,14,0,0,14
2024-03-27T23:07:09,14,0,0,14
2024-03-27T23:23:11,14,0,0,14
2024-03-27T23:39:25,14,0,0,14
2024-03-27T23:55:27,14,0,0,14
2024-03-28T00:11:32,14,0,0,14
2024-03-28T00:27:40,14,0,0,14
2024-03-28T00:43:47,14,0,0,14
2024-03-28T01:00:04,14,0,0,14
2024-03-28T01:16:09,14,0,0,14
2024-03-28T01:32:12,14,0,0,14
2024-03-28T01:48:15,14,0,0,14
2024-03-28T02:04:19,14,0,0,14
2024-03-28T02:20:29,14,0,0,14
2024-03-28T02:36:43,14,0,0,14
2024-03-28T02:52:44,14,0,0,14
2024-03-28T03:08:45,14,0,0,14
2024-03-28T03:24:46,14,0,0,14
2024-03-28T03:40:47,14,0,0,14
2024-03-28T03:56:49,14,0,0,14
2024-03-28T04:25:34,14,0,0,14
2024-03-28T04:42:04,14,0,0,14
2024-03-28T04:58:08,14,0,0,14
2024-03-28T05:14:11,14,0,0,14
2024-03-28T05:30:14,14,0,0,14
2024-03-28T05:46:20,14,0,0,14
2024-03-28T06:02:25,14,0,0,14
2024-03-28T06:18:39,14,0,0,14
2024-03-28T06:34:44,14,0,0,14
2024-03-28T06:50:49,14,0,0,14
2024-03-28T07:06:55,14,0,0,14
2024-03-28T07:23:00,14,0,0,14
2024-03-28T07:39:04,14,0,0,14
2024-03-28T07:55:18,14,0,0,14
2024-03-28T08:11:23,14,0,0,14
2024-03-28T08:27:28,14,0,0,14
2024-03-28T08:43:31,14,0,0,14
2024-03-28T08:59:37,14,0,0,14
2024-03-28T09:15:42,14,0,0,14
2024-03-28T09:31:59,14,0,0,14
2024-03-28T09:48:03,14,0,0,14
2024-03-28T10:04:06,14,0,0,14
2024-03-28T10:20:09,14,0,1,14
2024-03-28T10:36:22,14,0,1,14
2024-03-28T10:52:25,14,0,1,14
2024-03-28T11:08:30,14,0,1,14
2024-03-28T11:24:45,14,0,1,14
2024-03-28T11:40:55,14,0,1,14
2024-03-28T11:56:57,14,0,1,14
2024-03-28T12:13:11,14,0,1,14
2024-03-28T12:29:15,14,0,1,14
2024-03-28T12:45:17,14,0,1,14
2024-03-28T13:01:31,14,0,1,14
2024-03-28T13:17:33,14,0,1,14
2024-03-28T13:33:35,14,0,1,14
2024-03-28T13:49:36,14,0,1,14
2024-03-28T14:05:53,14,0,1,14
2024-03-28T14:21:55,14,0,1,14
2024-03-28T14:37:57,14,0,1,14
2024-03-28T14:54:09,14,0,1,14
2024-03-28T15:10:12,14,0,1,14
2024-03-28T15:26:13,14,0,1,14
2024-03-28T15:42:27,14,0,1,14
2024-03-28T15:58:28,14,0,1,14
2024-03-28T16:14:29,14,0,1,14
2024-03-28T16:30:40,14,0,1,14
2024-03-28T16:46:41,14,0,1,14
2024-03-28T17:02:44,14,0,1,14
2024-03-28T17:18:46,14,0,1,14
2024-03-28T17:34:59,14,0,1,14
2024-03-28T17:51:00,14,0,1,14
2024-03-28T18:07:01,14,0,1,14
2024-03-28T18:23:01,14,0,1,14
2024-03-28T18:39:13,14,0,1,14
2024-03-28T18:55:15,14,0,1,14
2024-03-28T19:11:16,14,0,1,14
2024-03-28T19:27:17,14,0,1,14
2024-03-28T19:43:18,14,0,1,14
2024-03-28T19:59:30,14,0,1,14
2024-03-28T20:15:32,14,0,1,14
2024-03-28T20:31:32,14,0,1,14
2024-03-28T20:47:33,14,0,1,14
2024-03-28T21:03:45,14,0,1,14
2024-03-28T21:19:47,14,0,1,14
2024-03-28T21:35:49,14,0,1,14
2024-03-28T21:51:51,14,0,1,14
2024-03-28T22:08:04,14,0,1,14
2024-03-28T22:24:04,14,0,1,14
2024-03-28T22:40:06,14,0,1,14
2024-03-28T22:56:19,14,0,1,14
2024-03-28T23:12:20,14,0,1,14
2024-03-28T23:28:21,14,0,1,14
2024-03-28T23:44:22,14,0,1,14
2024-03-29T00:00:23,14,0,1,14
2024-03-29T00:16:43,14,0,1,14
2024-03-29T00:32:51,14,0,1,14
2024-03-29T00:48:58,14,0,1,14
2024-03-29T01:05:03,14,0,1,14
2024-03-29T01:21:19,14,0,1,14
2024-03-29T01:37:23,14,0,1,14
2024-03-29T01:53:28,14,0,1,14
2024-03-29T02:09:32,14,0,1,14
2024-03-29T02:25:35,14,0,1,14
2024-03-29T02:41:39,14,0,1,14
2024-03-29T02:57:41,14,0,1,14
2024-03-29T03:13:45,14,0,1,14
2024-03-29T03:30:00,14,0,1,14
2024-03-29T03:46:03,14,0,1,14
2024-03-29T04:02:06,14,0,1,14
2024-03-29T04:18:11,14,0,1,14
2024-03-29T04:39:38,14,0,1,14
2024-03-29T04:56:03,14,0,1,14
2024-03-29T05:12:06,14,0,1,14
2024-03-29T05:28:11,14,0,1,14
2024-03-29T05:44:41,14,0,1,14
2024-03-29T06:01:32,14,0,1,14
2024-03-29T06:17:35,14,0,1,14
2024-03-29T06:33:39,14,0,1,14
2024-03-29T06:49:50,14,0,1,14
2024-03-29T07:05:55,14,0,1,14
2024-03-29T07:21:58,14,0,1,14
2024-03-29T07:38:01,14,0,1,14
2024-03-29T07:54:04,14,0,1,14
2024-03-29T08:10:08,14,0,1,14
2024-03-29T08:26:11,14,0,1,14
2024-03-29T08:42:25,14,0,1,14
2024-03-29T08:58:28,14,0,1,14
2024-03-29T09:14:31,14,0,1,14
2024-03-29T09:30:34,14,0,1,14
2024-03-29T09:46:37,14,0,1,14
2024-03-29T10:02:51,14,0,1,14
2024-03-29T10:18:53,14,0,1,14
2024-03-29T10:34:56,14,0,1,14
2024-03-29T10:50:58,14,0,1,14
2024-03-29T11:07:01,14,0,1,14
2024-03-29T11:23:12,14,0,1,14
2024-03-29T11:39:15,14,0,1,14
2024-03-29T11:55:18,14,0,1,14
2024-03-29T12:11:31,14,0,1,14
2024-03-29T12:27:33,14,0,1,14
2024-03-29T12:43:35,14,0,1,14
2024-03-29T12:59:36,14,0,1,14
2024-03-29T13:15:49,14,0,1,14
2024-03-29T13:31:50,14,0,1,14
2024-03-29T13:47:51,14,0,1,14
2024-03-29T14:03:51,14,0,1,14
2024-03-29T14:20:03,14,0,1,14
2024-03-29T14:36:03,14,0,1,14
2024-03-29T14:52:06,14,0,1,14
2024-03-29T15:08:19,14,0,1,14
2024-03-29T15:24:19,14,0,1,14
2024-03-29T15:40:20,14,0,1,14
2024-03-29T15:56:20,14,0,1,14
2024-03-29T16:12:22,14,0,1,14
2024-03-29T16:28:33,14,0,1,14
2024-03-29T16:44:34,14,0,1,14
2024-03-29T17:00:34,14,0,1,14
2024-03-29T17:16:35,14,0,1,14
2024-03-29T17:32:46,14,0,1,14
2024-03-29T17:48:47,14,0,1,14
2024-03-29T18:04:47,14,0,1,14
2024-03-29T18:20:47,14,0,1,14
2024-03-29T18:36:47,14,0,1,14
2024-03-29T18:52:58,14,0,1,14
2024-03-29T19:08:59,14,0,1,14
2024-03-29T19:24:59,14,0,1,14
2024-03-29T19:41:00,14,0,1,14
2024-03-29T19:57:00,14,0,1,14
2024-03-29T20:13:11,14,0,1,14
2024-03-29T20:29:12,14,0,1,14
2024-03-29T20:45:12,14,0,1,14
2024-03-29T21:01:12,14,0,1,14
2024-03-29T21:17:13,14,0,1,14
2024-03-29T21:33:23,14,0,1,14
2024-03-29T21:49:24,14,0,1,14
2024-03-29T22:05:24,14,0,1,14
2024-03-29T22:21:24,14,0,1,14
2024-03-29T22:37:25,14,0,1,14
2024-03-29T22:53:41,14,0,1,14
2024-03-29T23:09:41,14,0,1,14
2024-03-29T23:25:42,14,0,1,14
2024-03-29T23:41:43,14,0,1,14
2024-03-29T23:57:44,14,0,1,14
2024-03-30T00:13:48,14,0,1,14
2024-03-30T00:30:07,14,0,1,14
2024-03-30T00:46:10,14,0,1,14
2024-03-30T01:02:14,14,0,1,14
2024-03-30T01:18:18,14,0,1,14
2024-03-30T01:34:21,14,0,1,14
2024-03-30T01:50:25,14,0,1,14
2024-03-30T02:06:44,14,0,1,14
2024-03-30T02:22:47,14,0,1,14
2024-03-30T02:38:48,14,0,1,14
2024-03-30T02:55:00,14,0,1,14
2024-03-30T03:11:02,14,0,1,14
2024-03-30T03:27:04,14,0,1,14
2024-03-30T03:43:07,14,0,1,14
2024-03-30T03:59:10,14,0,1,14
2024-03-30T04:15:15,14,0,1,14
2024-03-30T04:34:53,14,0,1,14
2024-03-30T04:51:16,14,0,1,14
2024-03-30T05:07:25,14,0,1,14
2024-03-30T05:23:28,14,0,1,14
2024-03-30T05:39:31,14,0,1,14
2024-03-30T05:55:34,14,0,1,14
2024-03-30T06:11:39,14,0,1,14
2024-03-30T06:27:42,14,0,1,14
2024-03-30T06:43:44,14,0,1,14
2024-03-30T06:59:44,14,0,1,14
2024-03-30T07:15:53,14,0,1,14
2024-03-30T07:31:53,14,0,1,14
2024-03-30T07:47:53,14,0,1,14
2024-03-30T08:03:52,14,0,1,14
2024-03-30T08:19:52,14,0,1,14
2024-03-30T08:35:53,14,0,1,14
2024-03-30T08:51:54,14,0,1,14
2024-03-30T09:07:53,14,0,1,14
2024-03-30T09:24:05,14,0,1,14
2024-03-30T09:40:05,14,0,1,14
2024-03-30T09:56:06,14,0,1,14
2024-03-30T10:12:06,14,0,1,14
2024-03-30T10:28:06,14,0,1,14
2024-03-30T10:44:06,14,0,1,14
2024-03-30T11:00:17,14,0,1,14
2024-03-30T11:16:17,14,0,1,14
2024-03-30T11:32:17,14,0,1,14
2024-03-30T11:48:16,14,0,1,14
2024-03-30T12:04:16,14,0,1,14
2024-03-30T12:20:27,14,0,1,14
2024-03-30T12:36:27,14,0,1,14
2024-03-30T12:52:27,14,0,1,14
2024-03-30T13:08:27,14,0,1,14
2024-03-30T13:24:38,14,0,1,14
2024-03-30T13:40:38,14,0,1,14
2024-03-30T13:56:38,14,0,1,14
2024-03-30T14:12:38,14,0,1,14
2024-03-30T14:28:38,14,0,1,14
2024-03-30T14:44:49,14,0,1,14
2024-03-30T15:00:49,14,0,1,14
2024-03-30T15:16:51,14,0,1,14
2024-03-30T15:32:51,14,0,1,14
2024-03-30T15:48:51,14,0,1,14
2024-03-30T16:05:00,14,0,1,14
2024-03-30T16:21:00,14,0,1,14
2024-03-30T16:36:59,14,0,1,14
2024-03-30T16:53:00,14,0,1,14
2024-03-30T17:09:00,14,0,1,14
2024-03-30T17:25:11,14,0,1,14
2024-03-30T17:41:11,14,0,1,14
2024-03-30T17:57:11,14,0,1,14
2024-03-30T18:13:11,14,0,1,14
2024-03-30T18:29:11,14,0,1,14
2024-03-30T18:45:22,14,0,1,14
2024-03-30T19:01:22,14,0,1,14
2024-03-30T19:17:22,14,0,1,14
2024-03-30T19:33:31,14,0,1,14
2024-03-30T19:49:31,14,0,1,14
2024-03-30T20:05:31,14,0,1,14
2024-03-30T20:21:41,14,0,1,14
2024-03-30T20:37:41,14,0,1,14
2024-03-30T20:53:41,14,0,1,14
2024-03-30T21:09:42,14,0,1,14
2024-03-30T21:25:42,14,0,1,14
2024-03-30T21:41:53,14,0,1,14
2024-03-30T21:57:54,14,0,1,14
2024-03-30T22:13:55,14,0,1,14
2024-03-30T22:29:55,14,0,1,14
2024-03-30T22:45:56,14,0,1,14
2024-03-30T23:02:07,14,0,1,14
2024-03-30T23:18:08,14,0,1,14
2024-03-30T23:34:09,14,0,1,14
2024-03-30T23:50:11,14,0,1,14
2024-03-31T00:06:14,14,0,1,14
2024-03-31T00:22:52,14,0,1,14
2024-03-31T00:39:06,14,0,1,14
2024-03-31T00:55:13,14,0,1,14
2024-03-31T01:11:16,14,0,1,14
2024-03-31T01:27:18,14,0,1,14
2024-03-31T01:43:23,14,0,1,14
2024-03-31T01:59:38,14,0,1,14
2024-03-31T02:15:56,14,0,1,14
2024-03-31T02:32:00,14,0,1,14
2024-03-31T02:48:04,14,0,1,14
2024-03-31T03:04:07,14,0,1,14
2024-03-31T03:20:11,14,0,1,14
2024-03-31T03:36:15,14,0,1,14
2024-03-31T03:52:19,14,0,1,14
2024-03-31T04:38:53,14,0,1,14
2024-03-31T04:55:00,14,0,1,14
2024-03-31T05:11:08,14,0,1,14
2024-03-31T05:27:11,14,0,1,14
2024-03-31T05:43:14,14,0,1,14
2024-03-31T05:59:20,14,0,1,14
2024-03-31T06:15:27,14,0,1,14
2024-03-31T06:31:31,14,0,1,14
2024-03-31T06:47:32,14,0,1,14
2024-03-31T07:03:34,14,0,1,14
2024-03-31T07:19:35,14,0,1,14
2024-03-31T07:35:43,14,0,1,14
2024-03-31T07:51:46,14,0,1,14
2024-03-31T08:07:47,14,0,1,14
2024-03-31T08:23:48,14,0,1,14
2024-03-31T08:39:48,14,0,1,14
2024-03-31T08:55:49,14,0,1,14
2024-03-31T09:11:49,14,0,1,14
2024-03-31T09:27:54,14,0,1,14
2024-03-31T09:43:56,14,0,1,14
2024-03-31T10:00:09,14,0,1,14
2024-03-31T10:16:13,14,0,1,14
2024-03-31T10:32:15,14,0,1,14
2024-03-31T10:48:17,14,0,1,14
2024-03-31T11:04:18,14,0,1,14
2024-03-31T11:20:26,14,0,1,14
2024-03-31T11:36:25,14,0,1,14
2024-03-31T11:52:25,14,0,1,14
2024-03-31T12:08:33,14,0,1,14
2024-03-31T12:24:32,14,0,1,14
2024-03-31T12:40:31,14,0,1,14
2024-03-31T12:56:30,14,0,1,14
2024-03-31T13:12:40,14,0,1,14
2024-03-31T13:28:39,14,0,1,14
2024-03-31T13:44:38,14,0,1,14
2024-03-31T14:00:37,14,0,1,14
2024-03-31T14:16:47,14,0,1,14
2024-03-31T14:32:47,14,0,1,14
2024-03-31T14:48:45,14,0,1,14
2024-03-31T15:04:55,14,0,1,14
2024-03-31T15:20:55,14,0,1,14
2024-03-31T15:36:54,14,0,1,14
2024-03-31T15:53:04,14,0,1,14
2024-03-31T16:09:04,14,0,1,14
2024-03-31T16:25:07,14,0,1,14
2024-03-31T16:41:19,14,0,1,14
2024-03-31T16:57:19,14,0,1,14
2024-03-31T17:13:20,14,0,1,14
2024-03-31T17:29:30,14,0,1,14
2024-03-31T17:45:30,14,0,1,14
2024-03-31T18:01:33,14,0,1,14
2024-03-31T18:17:43,14,0,1,14
2024-03-31T18:33:45,14,0,1,14
2024-03-31T18:49:45,14,0,1,14
2024-03-31T19:05:56,14,0,1,14
2024-03-31T19:21:58,14,0,1,14
2024-03-31T19:37:59,14,0,1,14
2024-03-31T19:54:11,14,0,1,14
2024-03-31T20:10:11,14,0,1,14
2024-03-31T20:26:22,14,0,1,14
2024-03-31T20:42:22,14,0,1,14
2024-03-31T20:58:33,14,0,1,14
2024-03-31T21:14:36,14,0,1,14
2024-03-31T21:30:48,14,0,1,14
2024-03-31T21:46:52,14,0,1,14
2024-03-31T22:03:02,14,0,1,14
2024-03-31T22:19:02,14,0,1,14
2024-03-31T22:35:13,14,0,1,14
2024-03-31T22:51:13,14,0,1,14
2024-03-31T23:07:25,14,0,1,14
2024-03-31T23:23:26,14,0,1,14
2024-03-31T23:39:28,14,0,1,14
2024-03-31T23:55:38,14,0,1,14
2024-04-01T00:12:20,14,0,1,14
2024-04-01T00:28:49,14,0,1,14
2024-04-01T00:44:59,14,0,1,14
2024-04-01T01:01:17,14,0,1,14
2024-04-01T01:17:18,14,0,1,14
2024-04-01T01:33:32,14,0,1,14
2024-04-01T01:49:49,14,0,1,14
2024-04-01T02:05:56,14,0,1,14
2024-04-01T02:22:00,14,0,1,14
2024-04-01T02:38:03,14,0,1,14
2024-04-01T02:54:18,14,0,1,14
2024-04-01T03:10:33,14,0,1,14
2024-04-01T03:26:36,14,0,1,14
2024-04-01T03:42:40,14,0,1,14
2024-04-01T03:58:43,14,0,1,14
2024-04-01T04:32:02,14,0,1,14
2024-04-01T04:49:45,14,0,1,14
2024-04-01T05:05:50,14,0,1,14
2024-04-01T05:21:56,14,0,1,14
2024-04-01T05:38:02,14,0,1,14
2024-04-01T05:54:11,14,0,1,14
2024-04-01T06:10:17,14,0,1,14
2024-04-01T06:26:19,14,0,1,14
2024-04-01T06:42:31,14,0,1,14
2024-04-01T06:58:37,14,0,1,14
2024-04-01T07:14:43,14,0,1,14
2024-04-01T07:30:45,14,0,1,14
2024-04-01T07:46:47,14,0,1,14
2024-04-01T08:05:28,14,0,1,14
2024-04-01T08:21:36,14,0,1,14
2024-04-01T08:37:51,14,0,1,14
2024-04-01T08:53:53,14,0,1,14
2024-04-01T09:10:11,14,0,1,14
2024-04-01T09:26:25,14,0,1,14
2024-04-01T09:42:28,14,0,1,14
2024-04-01T09:58:44,14,0,1,14
2024-04-01T10:15:03,14,0,1,14
2024-04-01T10:31:15,14,0,1,14
2024-04-01T10:47:38,14,0,1,14
2024-04-01T11:03:58,14,0,1,14
2024-04-01T11:20:19,14,0,1,14
2024-04-01T11:36:36,14,0,1,14
2024-04-01T11:52:55,14,0,1,14
2024-04-01T12:09:13,14,0,1,14
2024-04-01T12:25:28,14,0,1,14
2024-04-01T12:41:44,14,0,1,14
2024-04-01T12:57:48,14,0,1,14
2024-04-01T13:14:03,14,0,1,14
2024-04-01T13:30:19,14,0,1,14
2024-04-01T13:46:22,14,0,1,14
2024-04-01T14:02:38,14,0,1,14
2024-04-01T14:18:56,14,0,1,14
2024-04-01T14:35:02,14,0,1,14
2024-04-01T14:51:17,14,0,1,14
2024-04-01T15:07:35,14,0,1,14
2024-04-01T15:23:50,14,0,1,14
2024-04-01T15:39:55,14,0,1,14
2024-04-01T15:56:14,14,0,1,14
2024-04-01T16:12:20,14,0,1,14
2024-04-01T16:28:36,14,0,1,14
2024-04-01T16:44:52,14,0,1,14
2024-04-01T17:00:55,14,0,1,14
2024-04-01T17:17:12,14,0,1,14
2024-04-01T17:33:15,14,0,1,14
2024-04-01T17:49:32,14,0,1,14
2024-04-01T18:05:35,14,0,1,14
2024-04-01T18:21:48,14,0,1,14
2024-04-01T18:37:50,14,0,1,14
2024-04-01T18:53:53,14,0,1,14
2024-04-01T19:10:06,14,0,1,14
2024-04-01T19:26:07,14,0,1,14
2024-04-01T19:42:21,14,0,1,14
2024-04-01T19:58:24,14,0,1,14
2024-04-01T20:14:26,14,0,1,14
2024-04-01T20:30:38,14,0,1,14
2024-04-01T20:46:40,14,0,1,14
2024-04-01T21:02:42,14,0,1,14
2024-04-01T21:18:55,14,0,1,14
2024-04-01T21:34:57,14,0,1,14
2024-04-01T21:51:12,14,0,1,14
2024-04-01T22:07:14,14,0,1,14
2024-04-01T22:23:15,14,0,1,14
2024-04-01T22:39:31,14,0,1,14
2024-04-01T22:55:33,14,0,1,14
2024-04-01T23:11:36,14,0,1,14
2024-04-01T23:27:49,14,0,1,14
2024-04-01T23:43:53,14,0,1,14
2024-04-01T23:59:57,14,0,1,14
2024-04-02T00:16:19,14,0,1,14
2024-04-02T00:32:32,14,0,1,14
2024-04-02T00:48:43,14,0,1,14
2024-04-02T01:05:04,14,0,1,14
2024-04-02T01:21:12,14,0,1,14
2024-04-02T01:37:18,14,0,1,14
2024-04-02T01:53:25,14,0,1,14
2024-04-02T02:09:29,14,0,1,14
2024-04-02T02:25:33,14,0,1,14
2024-04-02T02:41:36,14,0,1,14
2024-04-02T02:57:52,14,0,1,14
2024-04-02T03:13:56,14,0,1,14
2024-04-02T03:30:00,14,0,1,14
2024-04-02T03:46:04,14,0,1,14
2024-04-02T04:02:07,14,0,1,14
2024-04-02T04:33:01,14,0,1,14
2024-04-02T04:50:44,14,0,1,14
2024-04-02T05:06:47,14,0,1,14
2024-04-02T05:22:54,14,0,1,14
2024-04-02T05:39:00,14,0,1,14
2024-04-02T05:55:06,14,0,1,14
2024-04-02T06:11:15,14,0,1,14
2024-04-02T06:27:30,14,0,1,14
2024-04-02T06:43:36,14,0,1,14
2024-04-02T07:00:18,14,0,1,14
2024-04-02T07:16:42,14,0,1,14
2024-04-02T07:32:46,14,0,1,14
2024-04-02T07:48:50,14,0,1,14
2024-04-02T08:04:56,14,0,1,14
2024-04-02T08:21:09,14,0,1,14
2024-04-02T08:37:13,14,0,1,14
2024-04-02T08:53:17,14,0,1,14
2024-04-02T09:09:30,14,0,1,14
2024-04-02T09:25:34,14,0,1,14
2024-04-02T09:41:53,14,0,1,14
2024-04-02T09:57:57,14,0,1,14
2024-04-02T10:14:14,14,0,1,14
2024-04-02T10:30:20,14,0,1,14
2024-04-02T10:46:38,14,0,1,14
2024-04-02T11:02:57,14,0,1,14
2024-04-02T11:19:06,14,0,1,14
2024-04-02T11:35:24,14,0,1,14
2024-04-02T11:51:41,14,0,1,14
2024-04-02T12:07:48,14,0,1,14
2024-04-02T12:24:04,14,0,1,14
2024-04-02T12:40:21,14,0,1,14
2024-04-02T12:56:25,14,0,1,14
2024-04-02T13:12:40,14,0,1,14
2024-04-02T13:28:56,14,0,1,14
2024-04-02T13:45:04,14,0,1,14
2024-04-02T14:01:21,14,0,1,14
2024-04-02T14:17:48,14,0,1,14
2024-04-02T14:34:05,14,0,1,14
2024-04-02T14:50:10,14,0,1,14
2024-04-02T15:06:27,14,0,1,14
2024-04-02T15:22:43,14,0,1,14
2024-04-02T15:38:50,14,0,1,14
2024-04-02T15:55:07,14,0,1,14
2024-04-02T16:11:12,14,0,1,14
2024-04-02T16:27:30,14,0,1,14
2024-04-02T16:43:35,14,0,1,14
2024-04-02T16:59:51,14,0,1,14
2024-04-02T17:16:09,14,0,1,14
2024-04-02T17:32:14,14,0,1,14
2024-04-02T17:48:30,14,0,1,14
2024-04-02T18:04:33,14,0,1,14
2024-04-02T18:20:37,14,0,1,14
2024-04-02T18:36:51,14,0,1,14
2024-04-02T18:52:54,14,0,1,14
2024-04-02T19:08:57,14,0,1,14
2024-04-02T19:25:12,14,0,1,14
2024-04-02T19:41:18,14,0,1,14
2024-04-02T19:57:20,14,0,1,14
2024-04-02T20:13:36,14,0,1,14
2024-04-02T20:29:40,14,0,1,14
2024-04-02T20:45:43,14,0,1,14
2024-04-02T21:01:57,14,0,1,14
2024-04-02T21:18:01,14,0,1,14
2024-04-02T21:34:04,14,0,1,14
2024-04-02T21:50:08,14,0,1,14
2024-04-02T22:06:22,14,0,1,14
2024-04-02T22:22:25,14,0,1,14
2024-04-02T22:38:28,14,0,1,14
2024-04-02T22:54:42,14,0,1,14
2024-04-02T23:10:45,14,0,1,14
2024-04-02T23:26:48,14,0,1,14
2024-04-02T23:42:52,14,0,1,14
2024-04-02T23:59:05,14,0,1,14
2024-04-03T00:15:12,14,0,1,14
2024-04-03T00:31:21,14,0,1,14
2024-04-03T00:47:29,14,0,1,14
2024-04-03T01:03:36,14,0,1,14
2024-04-03T01:19:54,14,0,1,14
2024-04-03T01:36:03,14,0,1,14
2024-04-03T01:52:10,14,0,1,14
2024-04-03T02:08:17,14,0,1,14
2024-04-03T02:24:23,14,0,1,14
2024-04-03T02:40:28,14,0,1,14
2024-04-03T02:56:33,14,0,1,14
2024-04-03T03:12:41,14,0,1,14
2024-04-03T03:28:47,14,0,1,14
2024-04-03T03:45:04,14,0,1,14
2024-04-03T04:01:10,14,0,1,14
2024-04-03T04:17:17,14,0,1,14
2024-04-03T04:40:55,14,0,1,14
2024-04-03T04:57:03,14,0,1,14
2024-04-03T05:13:12,14,0,1,14
2024-04-03T05:29:19,14,0,1,14
2024-04-03T05:46:53,14,0,1,14
2024-04-03T06:03:21,14,0,1,14
2024-04-03T06:19:26,14,0,1,14
2024-04-03T06:35:31,14,0,1,14
2024-04-03T06:51:35,14,0,1,14
2024-04-03T07:07:44,14,0,1,14
2024-04-03T07:23:57,14,0,1,14
2024-04-03T07:39:59,14,0,1,14
2024-04-03T07:56:01,14,0,1,14
2024-04-03T08:12:04,14,0,1,14
2024-04-03T08:28:06,14,0,1,14
2024-04-03T08:44:13,14,0,1,14
2024-04-03T09:00:41,14,0,1,14
2024-04-03T09:16:45,14,0,1,14
2024-04-03T09:32:53,14,0,1,14
2024-04-03T09:49:22,14,0,1,14
2024-04-03T10:05:48,14,0,1,14
2024-04-03T10:33:57,14,0,1,14
2024-04-03T10:50:05,14,0,1,14
2024-04-03T11:06:15,14,0,1,14
2024-04-03T11:22:33,14,0,1,14
2024-04-03T11:38:40,14,0,1,14
2024-04-03T11:54:58,14,0,1,14
2024-04-03T12:11:06,14,0,1,14
2024-04-03T12:27:24,14,0,1,14
2024-04-03T12:43:33,14,0,2,14
2024-04-03T12:59:51,14,0,2,14
2024-04-03T13:15:57,14,0,2,14
2024-04-03T13:32:17,14,0,2,14
2024-04-03T13:48:23,14,0,2,14
2024-04-03T14:04:40,14,0,2,14
2024-04-03T14:20:48,14,0,2,14
2024-04-03T14:37:07,14,0,2,14
2024-04-03T14:53:13,14,0,2,14
2024-04-03T15:09:31,14,0,2,14
2024-04-03T15:25:37,14,0,2,14
2024-04-03T15:41:54,14,0,2,14
2024-04-03T15:58:00,14,0,2,14
2024-04-03T16:14:05,14,0,2,14
2024-04-03T16:30:20,14,0,2,14
2024-04-03T16:46:24,14,0,2,14
2024-04-03T17:02:39,14,0,2,14
2024-04-03T17:18:46,14,0,2,14
2024-04-03T17:34:49,14,0,2,14
2024-04-03T17:51:04,14,0,2,14
2024-04-03T18:07:07,14,0,2,14
2024-04-03T18:23:10,14,0,2,14
2024-04-03T18:39:25,14,0,2,14
2024-04-03T18:55:28,14,0,2,14
2024-04-03T19:11:31,14,0,2,14
2024-04-03T19:27:34,14,0,2,14
2024-04-03T19:43:49,14,0,2,14
2024-04-03T19:59:51,14,0,2,14
2024-04-03T20:15:53,14,0,2,14
2024-04-03T20:31:56,14,0,2,14
2024-04-03T20:48:10,14,0,2,14
2024-04-03T21:04:12,14,0,2,14
2024-04-03T21:20:17,14,0,2,14
2024-04-03T21:36:20,14,0,2,14
2024-04-03T21:52:35,14,0,2,14
2024-04-03T22:08:38,14,0,2,14
2024-04-03T22:24:43,14,0,2,14
2024-04-03T22:40:47,14,0,2,14
2024-04-03T22:57:01,14,0,2,14
2024-04-03T23:13:06,14,0,2,14
2024-04-03T23:29:11,14,0,2,14
2024-04-03T23:45:17,14,0,2,14
2024-04-04T00:01:32,14,0,2,14
2024-04-04T00:17:40,14,0,2,14
2024-04-04T00:33:49,14,0,2,14
2024-04-04T00:49:56,14,0,2,14
2024-04-04T01:06:03,14,0,2,14
2024-04-04T01:22:20,14,0,2,14
2024-04-04T01:38:26,14,0,2,14
2024-04-04T01:54:33,14,0,2,14
2024-04-04T02:10:41,14,0,2,14
2024-04-04T02:26:46,14,0,2,14
2024-04-04T02:42:50,14,0,2,14
2024-04-04T02:58:53,14,0,2,14
2024-04-04T03:14:59,14,0,2,14
2024-04-04T03:31:08,14,0,2,14
2024-04-04T03:47:15,14,0,2,14
2024-04-04T04:03:21,14,0,2,14
2024-04-04T04:26:57,14,0,2,14
2024-04-04T04:43:27,14,0,2,14
2024-04-04T04:59:43,14,0,2,14
2024-04-04T05:15:51,14,0,2,14
2024-04-04T05:31:58,14,0,2,14
2024-04-04T05:48:04,14,0,2,14
2024-04-04T06:04:12,14,0,2,14
2024-04-04T06:20:16,14,0,2,14
2024-04-04T06:36:21,14,0,2,14
2024-04-04T06:52:24,14,0,2,14
2024-04-04T07:08:34,14,0,2,14
2024-04-04T07:24:41,14,0,2,14
2024-04-04T07:40:56,14,0,2,14
2024-04-04T07:57:02,14,0,2,14
2024-04-04T08:13:08,14,0,2,14
2024-04-04T08:29:16,14,0,2,14
2024-04-04T08:45:31,14,0,2,14
2024-04-04T09:01:38,14,0,2,14
2024-04-04T09:17:58,14,0,2,14
2024-04-04T09:34:04,14,0,2,14
2024-04-04T09:50:11,14,0,2,14
2024-04-04T10:06:27,14,0,2,14
2024-04-04T10:22:32,14,0,2,14
2024-04-04T10:38:37,14,0,2,14
2024-04-04T10:54:52,14,0,2,14
2024-04-04T11:10:55,14,0,2,14
2024-04-04T11:27:01,14,0,2,14
2024-04-04T11:43:16,14,0,2,14
2024-04-04T11:59:19,14,0,2,14
2024-04-04T12:15:35,14,0,2,14
2024-04-04T12:31:40,14,0,2,14
2024-04-04T12:47:45,14,0,2,14
2024-04-04T13:04:00,14,0,2,14
2024-04-04T13:20:05,14,0,2,14
2024-04-04T13:36:22,14,0,2,14
2024-04-04T13:52:25,14,0,2,14
2024-04-04T14:08:29,14,0,2,14
2024-04-04T14:24:47,14,0,2,14
2024-04-04T14:40:52,14,0,2,14
2024-04-04T14:57:06,14,0,2,14
2024-04-04T15:13:11,14,0,2,14
2024-04-04T15:29:17,14,0,2,14
2024-04-04T15:45:33,14,0,2,14
2024-04-04T16:01:37,14,0,2,14
2024-04-04T16:17:53,14,0,2,14
2024-04-04T16:33:58,14,0,2,14
2024-04-04T16:50:01,14,0,2,14
2024-04-04T17:06:16,14,0,2,14
2024-04-04T17:22:22,14,0,2,14
2024-04-04T17:38:26,14,0,2,14
2024-04-04T17:54:40,14,0,2,14
2024-04-04T18:10:43,14,0,2,14
2024-04-04T18:26:46,14,0,2,14
2024-04-04T18:43:02,14,0,2,14
2024-04-04T18:59:04,14,0,2,14
2024-04-04T19:15:07,14,0,2,14
2024-04-04T19:31:11,14,0,2,14
2024-04-04T19:47:15,14,0,2,14
2024-04-04T20:03:29,14,0,2,14
2024-04-04T20:19:33,14,0,2,14
2024-04-04T20:35:36,14,0,2,14
2024-04-04T20:51:40,14,0,2,14
2024-04-04T21:07:54,14,0,2,14
2024-04-04T21:23:59,14,0,2,14
2024-04-04T21:40:04,14,0,2,14
2024-04-04T21:56:08,14,0,2,14
2024-04-04T22:12:11,14,0,2,14
2024-04-04T22:28:27,14,0,2,14
2024-04-04T22:44:31,14,0,2,14
2024-04-04T23:00:36,14,0,2,14
2024-04-04T23:16:42,14,0,2,14
2024-04-04T23:32:47,14,0,2,14
2024-04-04T23:49:02,14,0,2,14
2024-04-05T00:05:06,14,0,2,14
2024-04-05T00:21:16,14,0,2,14
2024-04-05T00:37:25,14,0,2,14
2024-04-05T00:53:32,14,0,2,14
2024-04-05T01:09:39,14,0,2,14
2024-04-05T01:25:58,14,0,2,14
2024-04-05T01:42:08,14,0,2,14
2024-04-05T01:58:17,14,0,2,14
2024-04-05T02:14:24,14,0,2,14
2024-04-05T02:30:31,14,0,2,14
2024-04-05T02:46:38,14,0,2,14
2024-04-05T03:02:43,14,0,2,14
2024-04-05T03:18:51,14,0,2,14
2024-04-05T03:35:06,14,0,2,14
2024-04-05T03:51:19,14,0,2,14
2024-04-05T04:07:41,14,0,2,14
2024-04-05T04:34:51,14,0,2,14
2024-04-05T04:51:03,14,0,2,14
2024-04-05T05:07:12,14,0,2,14
2024-04-05T05:23:23,14,0,2,14
2024-04-05T05:39:32,14,0,2,14
2024-04-05T05:55:39,14,0,2,14
2024-04-05T06:11:48,14,0,2,14
2024-04-05T06:27:56,14,0,2,14
2024-04-05T06:44:04,14,0,2,14
2024-04-05T07:00:12,14,0,2,14
2024-04-05T07:16:20,14,0,2,14
2024-04-05T07:32:26,14,0,2,14
2024-04-05T07:48:42,14,0,2,14
2024-04-05T08:04:47,14,0,2,14
2024-04-05T08:20:53,14,0,2,14
2024-04-05T08:37:00,14,0,2,14
2024-04-05T08:53:04,14,0,2,14
2024-04-05T09:09:08,14,0,2,14
2024-04-05T09:25:12,14,0,2,14
2024-04-05T09:41:27,14,0,2,14
2024-04-05T09:57:31,14,0,2,14
2024-04-05T10:13:34,14,0,2,14
2024-04-05T10:29:40,14,0,2,14
2024-04-05T10:45:56,14,0,2,14
2024-04-05T11:01:59,14,0,2,14
2024-04-05T11:18:04,14,0,2,14
2024-04-05T11:34:20,14,0,2,14
2024-04-05T11:50:24,14,0,2,14
2024-04-05T12:06:36,14,0,2,14
2024-04-05T12:22:50,14,0,2,14
2024-04-05T12:38:55,14,0,2,14
2024-04-05T12:54:58,14,0,2,14
2024-04-05T13:11:01,14,0,2,14
2024-04-05T13:27:15,14,0,2,14
2024-04-05T13:43:19,14,0,2,14
2024-04-05T13:59:23,14,0,2,14
2024-04-05T14:15:28,14,0,2,14
2024-04-05T14:31:45,14,0,2,14
2024-04-05T14:47:49,14,0,2,14
2024-04-05T15:03:54,14,0,2,14
2024-04-05T15:20:09,14,0,2,14
2024-04-05T15:36:14,14,0,2,14
2024-04-05T15:52:18,14,0,2,14
2024-04-05T16:08:23,14,0,2,14
2024-04-05T16:24:36,14,0,2,14
2024-04-05T16:40:40,14,0,2,14
2024-04-05T16:56:43,14,0,2,14
2024-04-05T17:12:48,14,0,2,14
2024-04-05T17:28:52,14,0,2,14
2024-04-05T17:45:07,14,0,2,14
2024-04-05T18:01:10,14,0,2,14
2024-04-05T18:17:14,14,0,2,14
2024-04-05T18:33:17,14,0,2,14
2024-04-05T18:49:21,14,0,2,14
2024-04-05T19:05:34,14,0,2,14
2024-04-05T19:21:38,14,0,2,14
2024-04-05T19:37:42,14,0,2,14
2024-04-05T19:53:46,14,0,2,14
2024-04-05T20:09:53,14,0,2,14
2024-04-05T20:26:00,14,0,2,14
2024-04-05T20:42:16,14,0,2,14
2024-04-05T20:58:20,14,0,2,14
2024-04-05T21:14:25,14,0,2,14
2024-04-05T21:30:30,14,0,2,14
2024-04-05T21:46:36,14,0,2,14
2024-04-05T22:02:43,14,0,2,14
2024-04-05T22:18:48,14,0,2,14
2024-04-05T22:35:02,14,0,2,14
2024-04-05T22:51:05,14,0,2,14
2024-04-05T23:07:09,14,0,2,14
2024-04-05T23:23:13,14,0,2,14
2024-04-05T23:39:19,14,0,2,14
2024-04-05T23:55:23,14,0,2,14
2024-04-06T00:11:30,14,0,2,14
2024-04-06T00:27:41,14,0,2,14
2024-04-06T00:43:53,14,0,2,14
2024-04-06T01:00:10,14,0,2,14
2024-04-06T01:16:18,14,0,2,14
2024-04-06T01:32:24,14,0,2,14
2024-04-06T01:48:33,14,0,2,14
2024-04-06T02:04:40,14,0,2,14
2024-04-06T02:20:47,14,0,2,14
2024-04-06T02:36:52,14,0,2,14
2024-04-06T02:52:58,14,0,2,14
2024-04-06T03:09:03,14,0,2,14
2024-04-06T03:25:10,14,0,2,14
2024-04-06T03:41:16,14,0,2,14
2024-04-06T03:57:23,14,0,2,14
2024-04-06T04:28:57,14,0,2,14
2024-04-06T04:46:26,14,0,2,14
2024-04-06T05:03:13,14,0,2,14
2024-04-06T05:20:22,14,0,2,14
2024-04-06T05:36:32,14,0,2,14
2024-04-06T05:52:39,14,0,2,14
2024-04-06T06:08:47,14,0,2,14
2024-04-06T06:24:54,14,0,2,14
2024-04-06T06:41:08,14,0,2,14
2024-04-06T06:57:14,14,0,2,14
2024-04-06T07:13:21,14,0,2,14
2024-04-06T07:29:31,14,0,2,14
2024-04-06T07:45:38,14,0,2,14
2024-04-06T08:01:43,14,0,2,14
2024-04-06T08:17:50,14,0,2,14
2024-04-06T08:33:59,14,0,2,14
2024-04-06T08:50:05,14,0,2,14
2024-04-06T09:06:12,14,0,2,14
2024-04-06T09:22:29,14,0,2,14
2024-04-06T09:38:37,14,0,2,14
2024-04-06T09:54:43,14,0,2,14
2024-04-06T10:10:50,14,0,2,14
2024-04-06T10:26:56,14,0,2,14
2024-04-06T10:43:03,14,0,2,14
2024-04-06T10:59:09,14,0,2,14
2024-04-06T11:15:14,14,0,2,14
2024-04-06T11:31:29,14,0,2,14
2024-04-06T11:47:34,14,0,2,14
2024-04-06T12:03:40,14,0,2,14
2024-04-06T12:19:46,14,0,2,14
2024-04-06T12:35:51,14,0,2,14
2024-04-06T12:51:57,14,0,2,14
2024-04-06T13:08:10,14,0,2,14
2024-04-06T13:24:13,14,0,2,14
2024-04-06T13:40:17,14,0,2,14
2024-04-06T13:56:21,14,0,2,14
2024-04-06T14:12:24,14,0,2,14
2024-04-06T14:28:29,14,0,2,14
2024-04-06T14:44:32,14,0,2,14
2024-04-06T15:00:36,14,0,2,14
2024-04-06T15:16:49,14,0,2,14
2024-04-06T15:32:53,14,0,2,14
2024-04-06T15:48:56,14,0,2,14
2024-04-06T16:04:59,14,0,2,14
2024-04-06T16:21:03,14,0,2,14
2024-04-06T16:37:07,14,0,2,14
2024-04-06T16:53:10,14,0,2,14
2024-04-06T17:09:24,14,0,2,14
2024-04-06T17:25:28,14,0,2,14
2024-04-06T17:41:31,14,0,2,14
2024-04-06T17:57:34,14,0,2,14
2024-04-06T18:13:37,14,0,2,14
2024-04-06T18:29:42,14,0,2,14
2024-04-06T18:45:45,14,0,2,14
2024-04-06T19:01:48,14,0,2,14
2024-04-06T19:18:03,14,0,2,14
2024-04-06T19:34:07,14,0,2,14
2024-04-06T19:50:10,14,0,2,14
2024-04-06T20:06:13,14,0,2,14
2024-04-06T20:22:17,14,0,2,14
2024-04-06T20:38:20,14,0,2,14
2024-04-06T20:54:35,14,0,2,14
2024-04-06T21:10:39,14,0,2,14
2024-04-06T21:26:43,14,0,2,14
2024-04-06T21:42:47,14,0,2,14
2024-04-06T21:58:50,14,0,2,14
2024-04-06T22:14:55,14,0,2,14
2024-04-06T22:30:59,14,0,2,14
2024-04-06T22:47:02,14,0,2,14
2024-04-06T23:03:16,14,0,2,14
2024-04-06T23:19:20,14,0,2,14
2024-04-06T23:35:24,14,0,2,14
2024-04-06T23:51:28,14,0,2,14
2024-04-07T00:07:33,14,0,2,14
2024-04-07T00:23:38,14,0,2,14
2024-04-07T00:39:43,14,0,2,14
2024-04-07T01:12:21,14,0,2,14
2024-04-07T01:28:35,14,0,2,14
2024-04-07T01:44:41,14,0,2,14
2024-04-07T02:00:48,14,0,2,14
2024-04-07T02:16:54,14,0,2,14
2024-04-07T02:33:00,14,0,2,14
2024-04-07T02:49:04,14,0,2,14
2024-04-07T03:05:09,14,0,2,14
2024-04-07T03:21:15,14,0,2,14
2024-04-07T03:37:20,14,0,2,14
2024-04-07T03:53:25,14,0,2,14
2024-04-07T04:09:31,14,0,2,14
2024-04-07T04:32:21,14,0,2,14
2024-04-07T04:49:58,14,0,2,14
2024-04-07T05:06:07,14,0,2,14
2024-04-07T05:22:14,14,0,2,14
2024-04-07T05:38:20,14,0,2,14
2024-04-07T05:54:27,14,0,2,14
2024-04-07T06:10:34,14,0,2,14
2024-04-07T06:26:41,14,0,2,14
2024-04-07T06:42:49,14,0,2,14
2024-04-07T06:58:55,14,0,2,14
2024-04-07T07:15:01,14,0,2,14
2024-04-07T07:31:07,14,0,2,14
2024-04-07T07:47:20,14,0,2,14
2024-04-07T08:03:23,14,0,2,14
2024-04-07T08:19:26,14,0,2,14
2024-04-07T08:35:30,14,0,2,14
2024-04-07T08:51:33,14,0,2,14
2024-04-07T09:07:37,14,0,2,14
2024-04-07T09:23:41,14,0,2,14
2024-04-07T09:39:44,14,0,2,14
2024-04-07T09:55:47,14,0,2,14
2024-04-07T10:11:53,14,0,2,14
2024-04-07T10:27:58,14,0,2,14
2024-04-07T10:44:12,14,0,2,14
2024-04-07T11:00:15,14,0,2,14
2024-04-07T11:16:18,14,0,2,14
2024-04-07T11:32:22,14,0,2,14
2024-04-07T11:48:24,14,0,2,14
2024-04-07T12:04:29,14,0,2,14
2024-04-07T12:20:35,14,0,2,14
2024-04-07T12:36:50,14,0,2,14
2024-04-07T12:52:53,14,0,2,14
2024-04-07T13:08:55,14,0,2,14
2024-04-07T13:25:01,14,0,2,14
2024-04-07T13:41:03,14,0,2,14
2024-04-07T13:57:07,14,0,2,14
2024-04-07T14:13:11,14,0,2,14
2024-04-07T14:29:14,14,0,2,14
2024-04-07T14:45:26,14,0,2,14
2024-04-07T15:01:29,14,0,2,14
2024-04-07T15:17:32,14,0,2,14
2024-04-07T15:33:35,14,0,2,14
2024-04-07T15:49:37,14,0,2,14
2024-04-07T16:05:50,14,0,2,14
2024-04-07T16:21:54,14,0,2,14
2024-04-07T16:37:58,14,0,2,14
2024-04-07T16:54:00,14,0,2,14
2024-04-07T17:10:03,14,0,2,14
2024-04-07T17:26:07,14,0,2,14
2024-04-07T17:42:12,14,0,2,14
2024-04-07T17:58:24,14,0,2,14
2024-04-07T18:14:27,14,0,2,14
2024-04-07T18:30:31,14,0,2,14
2024-04-07T18:46:36,14,0,2,14
2024-04-07T19:02:40,14,0,2,14
2024-04-07T19:18:45,14,0,2,14
2024-04-07T19:34:57,14,0,2,14
2024-04-07T19:51:00,14,0,2,14
2024-04-07T20:07:03,14,0,2,14
2024-04-07T20:23:07,14,0,2,14
2024-04-07T20:39:09,14,0,2,14
2024-04-07T20:55:12,14,0,2,14
2024-04-07T21:11:27,14,0,2,14
2024-04-07T21:27:31,14,0,2,14
2024-04-07T21:43:35,14,0,2,14
2024-04-07T21:59:39,14,0,2,14
2024-04-07T22:15:42,14,0,2,14
2024-04-07T22:31:45,14,0,2,14
2024-04-07T22:47:57,14,0,2,14
2024-04-07T23:04:02,14,0,2,14
2024-04-07T23:20:05,14,0,2,14
2024-04-07T23:36:09,14,0,2,14
2024-04-07T23:52:13,14,0,2,14
2024-04-08T00:08:18,14,0,2,14
2024-04-08T00:24:40,14,0,2,14
2024-04-08T00:40:47,14,0,2,14
2024-04-08T00:56:52,14,0,2,14
2024-04-08T01:13:14,14,0,2,14
2024-04-08T01:29:22,14,0,2,14
2024-04-08T01:45:30,14,0,2,14
2024-04-08T02:01:37,14,0,2,14
2024-04-08T02:18:07,14,0,2,14
2024-04-08T02:34:12,14,0,2,14
2024-04-08T02:50:17,14,0,2,14
2024-04-08T03:06:22,14,0,2,14
2024-04-08T03:22:29,14,0,2,14
2024-04-08T03:38:34,14,0,2,14
2024-04-08T03:54:42,14,0,2,14
2024-04-08T04:10:50,14,0,2,14
2024-04-08T04:31:21,14,0,2,14
2024-04-08T04:47:50,14,0,2,14
2024-04-08T05:05:11,14,0,2,14
2024-04-08T05:21:22,14,0,2,14
2024-04-08T05:37:31,14,0,2,14
2024-04-08T05:53:43,14,0,2,14
2024-04-08T06:09:50,14,0,2,14
2024-04-08T06:25:57,14,0,2,14
2024-04-08T06:42:04,14,0,2,14
2024-04-08T06:58:09,14,0,2,14
2024-04-08T07:14:16,14,0,2,14
2024-04-08T07:30:20,14,0,2,14
2024-04-08T07:46:31,14,0,2,14
2024-04-08T08:02:34,14,0,2,14
2024-04-08T08:18:37,14,0,2,14
2024-04-08T08:34:42,14,0,2,14
2024-04-08T08:50:46,14,0,2,14
2024-04-08T09:06:50,14,0,2,14
2024-04-08T09:23:04,14,0,2,14
2024-04-08T09:39:07,14,0,2,14
2024-04-08T09:55:10,14,0,2,14
2024-04-08T10:11:14,14,0,2,14
2024-04-08T10:27:17,14,0,2,14
2024-04-08T10:43:31,14,0,2,14
2024-04-08T10:59:34,14,0,2,14
2024-04-08T11:15:37,14,0,2,14
2024-04-08T11:31:50,14,0,2,14
2024-04-08T11:47:53,14,0,2,14
2024-04-08T12:03:57,14,0,2,14
2024-04-08T12:20:13,14,0,2,14
2024-04-08T12:36:16,14,0,2,14
2024-04-08T12:52:23,14,0,2,14
2024-04-08T13:08:37,14,0,2,14
2024-04-08T13:24:41,14,0,2,14
2024-04-08T13:40:46,14,0,2,14
2024-04-08T13:57:03,14,0,2,14
2024-04-08T14:13:09,14,0,2,14
2024-04-08T14:29:15,14,0,2,14
2024-04-08T14:45:23,14,0,2,14
2024-04-08T15:01:39,14,0,2,14
2024-04-08T15:17:43,14,0,2,14
2024-04-08T15:33:58,14,0,2,14
2024-04-08T15:50:02,14,0,2,14
2024-04-08T16:06:07,14,0,2,14
2024-04-08T16:22:12,14,0,2,14
2024-04-08T16:38:29,14,0,2,14
2024-04-08T16:54:34,14,0,2,14
2024-04-08T17:10:39,14,0,2,14
2024-04-08T17:26:57,14,0,2,14
2024-04-08T17:43:00,14,0,2,14
2024-04-08T17:59:04,14,0,2,14
2024-04-08T18:15:08,14,0,2,14
2024-04-08T18:31:23,14,0,2,14
2024-04-08T18:47:28,14,0,2,14
2024-04-08T19:03:33,14,0,2,14
2024-04-08T19:19:37,14,0,2,14
2024-04-08T19:35:41,14,0,2,14
2024-04-08T19:51:55,14,0,2,14
2024-04-08T20:08:03,14,0,2,14
2024-04-08T20:24:07,14,0,2,14
2024-04-08T20:40:10,14,0,2,14
2024-04-08T20:56:14,14,0,2,14
2024-04-08T21:12:29,14,0,1,14
2024-04-08T21:28:33,14,0,1,14
2024-04-08T21:44:38,14,0,1,14
2024-04-08T22:00:43,14,0,1,14
2024-04-08T22:16:47,14,0,1,14
2024-04-08T22:33:03,14,0,1,14
2024-04-08T22:49:07,14,0,1,14
2024-04-08T23:05:11,14,0,1,14
2024-04-08T23:21:16,14,0,1,14
2024-04-08T23:37:21,14,0,1,14
2024-04-08T23:53:36,14,0,1,14
2024-04-09T00:09:41,14,0,1,14
2024-04-09T00:25:52,14,0,1,14
2024-04-09T00:42:04,14,0,1,14
2024-04-09T00:58:14,14,0,1,14
2024-04-09T01:14:21,14,0,1,14
2024-04-09T01:30:30,14,0,1,14
2024-04-09T01:46:50,14,0,1,14
2024-04-09T02:02:57,14,0,1,14
2024-04-09T02:19:04,14,0,1,14
2024-04-09T02:35:10,14,0,1,14
2024-04-09T02:51:15,14,0,1,14
2024-04-09T03:07:21,14,0,1,14
2024-04-09T03:23:42,14,0,1,14
2024-04-09T03:39:51,14,0,1,14
2024-04-09T03:55:58,14,0,1,14
2024-04-09T04:30:05,14,0,1,14
2024-04-09T04:47:37,14,0,1,14
2024-04-09T05:04:32,14,0,1,14
2024-04-09T05:20:45,14,0,1,14
2024-04-09T05:36:52,14,0,1,14
2024-04-09T05:52:58,14,0,1,14
2024-04-09T06:09:42,14,0,1,14
2024-04-09T06:25:47,14,0,1,14
2024-04-09T06:41:53,14,0,1,14
2024-04-09T06:57:58,14,0,1,14
2024-04-09T07:14:05,14,0,1,14
2024-04-09T07:30:16,14,0,1,14
2024-04-09T07:46:30,14,0,1,14
2024-04-09T08:02:35,14,0,1,14
2024-04-09T08:18:40,14,0,1,14
2024-04-09T08:34:46,14,0,1,14
2024-04-09T08:50:52,14,0,1,14
2024-04-09T09:06:56,14,0,1,14
2024-04-09T09:23:04,14,0,1,14
2024-04-09T09:39:19,14,0,1,14
2024-04-09T09:55:25,14,0,1,14
2024-04-09T10:11:29,14,0,1,14
2024-04-09T10:27:35,14,0,1,14
2024-04-09T10:43:50,14,0,1,14
2024-04-09T10:59:55,14,0,1,14
2024-04-09T11:15:59,14,0,1,14
2024-04-09T11:32:04,14,0,1,14
2024-04-09T11:48:18,14,0,1,14
2024-04-09T12:04:23,14,0,1,14
2024-04-09T12:20:37,14,0,1,14
2024-04-09T12:36:41,14,0,1,14
2024-04-09T12:52:46,14,0,1,14
2024-04-09T13:08:50,14,0,1,14
2024-04-09T13:25:04,14,0,1,14
2024-04-09T13:41:08,14,0,1,14
2024-04-09T13:57:21,14,0,1,14
2024-04-09T14:13:25,14,0,1,14
2024-04-09T14:29:30,14,0,1,14
2024-04-09T14:45:48,14,0,1,14
2024-04-09T15:01:54,14,0,1,14
2024-04-09T15:18:00,14,0,1,14
2024-04-09T15:34:18,14,0,1,14
2024-04-09T15:50:23,14,0,1,14
2024-04-09T16:06:28,14,0,1,14
2024-04-09T16:22:33,14,0,1,14
2024-04-09T16:38:49,14,0,1,14
2024-04-09T16:54:53,14,0,1,14
2024-04-09T17:10:59,14,0,1,14
2024-04-09T17:27:06,14,0,1,14
2024-04-09T17:43:22,14,0,1,14
2024-04-09T17:59:28,14,0,1,14
2024-04-09T18:15:34,14,0,1,14
2024-04-09T18:31:39,14,0,1,14
2024-04-09T18:47:54,14,0,1,14
2024-04-09T19:04:00,14,0,1,14
2024-04-09T19:20:06,14,0,1,14
2024-04-09T19:36:10,14,0,1,14
2024-04-09T19:52:18,14,0,1,14
2024-04-09T20:08:26,14,0,1,14
2024-04-09T20:24:44,14,0,1,14
2024-04-09T20:40:51,14,0,1,14
2024-04-09T20:57:00,14,0,1,14
2024-04-09T21:13:08,14,0,1,14
2024-04-09T21:29:16,14,0,1,14
2024-04-09T21:45:24,14,0,1,14
2024-04-09T22:01:32,14,0,1,14
2024-04-09T22:17:50,14,0,1,14
2024-04-09T22:33:58,14,0,1,14
2024-04-09T22:50:05,14,0,1,14
2024-04-09T23:06:12,14,0,1,14
2024-04-09T23:22:20,14,0,1,14
2024-04-09T23:38:31,14,0,1,14
2024-04-09T23:54:50,14,0,1,14
2024-04-10T00:11:02,14,0,1,14
2024-04-10T00:27:16,14,0,1,14
2024-04-10T00:43:29,14,0,1,14
2024-04-10T00:59:40,14,0,1,14
2024-04-10T01:15:50,14,0,1,14
2024-04-10T01:31:58,14,0,1,14
2024-04-10T01:48:20,14,0,1,14
2024-04-10T02:04:30,14,0,1,14
2024-04-10T02:20:40,14,0,1,14
2024-04-10T02:36:51,14,0,1,14
2024-04-10T02:53:01,14,0,1,14
2024-04-10T03:09:12,14,0,1,14
2024-04-10T03:25:23,14,0,1,14
2024-04-10T03:41:34,14,0,1,14
2024-04-10T03:57:43,14,0,1,14
2024-04-10T04:29:46,14,0,1,14
2024-04-10T04:47:27,14,0,1,14
2024-04-10T05:03:39,14,0,1,14
2024-04-10T05:20:00,14,0,1,14
2024-04-10T05:36:39,14,0,1,14
2024-04-10T05:52:50,14,0,1,14
2024-04-10T06:09:05,14,0,1,14
2024-04-10T06:25:15,14,0,1,14
2024-04-10T06:41:26,14,0,1,14
2024-04-10T06:57:36,14,0,1,14
2024-04-10T07:13:50,14,0,1,14
2024-04-10T07:30:01,14,0,1,14
2024-04-10T07:46:10,14,0,1,14
2024-04-10T08:02:20,14,0,1,14
2024-04-10T08:18:32,14,0,1,14
2024-04-10T08:34:40,14,0,1,14
2024-04-10T08:51:11,14,0,1,14
2024-04-10T09:07:20,14,0,1,14
2024-04-10T09:23:31,14,0,1,14
2024-04-10T09:39:42,14,0,1,14
2024-04-10T09:55:52,14,0,1,14
2024-04-10T10:12:02,14,0,1,14
2024-04-10T10:28:22,14,0,1,14
2024-04-10T10:44:31,14,0,1,14
2024-04-10T11:00:44,14,0,1,14
2024-04-10T11:16:53,14,0,1,14
2024-04-10T11:33:17,14,0,1,14
2024-04-10T11:49:25,14,0,1,14
2024-04-10T12:05:33,14,0,1,14
2024-04-10T12:22:07,14,0,1,14
2024-04-10T12:38:16,14,0,1,14
2024-04-10T12:54:24,14,0,1,14
2024-04-10T13:10:33,14,0,1,14
2024-04-10T13:26:52,14,0,1,14
2024-04-10T13:42:59,14,0,1,14
2024-04-10T13:59:08,14,0,1,14
2024-04-10T14:15:16,14,0,1,14
2024-04-10T14:31:34,14,0,1,14
2024-04-10T14:47:42,14,0,1,14
2024-04-10T15:03:51,14,0,1,14
2024-04-10T15:20:23,14,0,1,14
2024-04-10T15:36:34,14,0,1,14
2024-04-10T15:52:42,14,0,1,14
2024-04-10T16:08:50,15,0,0,14
2024-04-10T16:25:08,15,0,0,14
2024-04-13T00:10:49,15,0,0,14
2024-04-13T00:27:07,15,0,0,14
2024-04-13T00:43:23,15,0,0,14
2024-04-13T00:59:40,15,0,0,14
2024-04-13T01:15:54,15,0,0,14
2024-04-13T01:32:07,15,0,0,14
2024-04-13T01:48:20,15,0,0,14
2024-04-13T02:04:34,15,0,0,14
2024-04-13T02:20:56,15,0,0,14
2024-04-13T02:37:08,15,0,0,14
2024-04-13T02:53:19,15,0,0,14
2024-04-13T03:09:31,15,0,0,14
2024-04-13T03:25:43,15,0,0,14
2024-04-13T03:41:54,15,0,0,14
2024-04-13T03:58:06,15,0,0,14
2024-04-13T04:14:18,15,0,0,14
2024-04-13T10:03:26,15,0,0,14
2024-04-13T10:21:30,15,0,0,14
2024-04-13T10:37:40,15,0,0,14
2024-04-13T10:53:48,15,0,0,14
2024-04-13T11:09:58,15,0,0,14
2024-04-13T11:26:09,15,0,0,14
2024-04-13T11:42:19,15,0,0,14
2024-04-13T11:58:39,15,0,0,14
2024-04-13T12:14:52,15,0,0,14
2024-04-13T12:31:01,15,0,0,14
2024-04-13T12:47:11,15,0,0,14
2024-04-13T13:03:21,15,0,0,14
2024-04-13T13:19:30,15,0,0,14
2024-04-13T13:35:40,15,0,0,14
2024-04-13T13:51:59,15,0,0,14
2024-04-13T14:08:08,15,0,0,14
2024-04-13T14:24:17,15,0,0,14
2024-04-13T14:40:25,15,0,0,14
2024-04-13T14:56:34,15,0,0,14
2024-04-13T15:12:43,15,0,0,14
2024-04-13T15:28:52,15,0,0,14
2024-04-13T15:45:01,15,0,0,14
2024-04-13T16:01:10,15,0,0,14
2024-04-13T16:17:18,15,0,0,14
2024-04-13T16:33:37,15,0,0,14
2024-04-13T16:49:46,15,0,0,14
2024-04-13T17:05:55,15,0,0,14
2024-04-13T17:22:06,15,0,0,14
2024-04-13T17:38:15,15,0,0,14
2024-04-13T17:54:24,15,0,0,14
2024-04-13T18:10:34,15,0,0,14
2024-04-13T18:26:43,15,0,0,14
2024-04-13T18:42:52,15,0,0,14
2024-04-13T18:59:00,15,0,0,14
2024-04-13T19:15:10,15,0,0,14
2024-04-13T19:31:19,15,0,0,14
2024-04-13T19:47:28,15,0,0,14
2024-04-13T20:03:37,15,0,0,14
2024-04-13T20:19:56,15,0,0,14
2024-04-13T20:36:05,15,0,0,14
2024-04-13T20:52:14,15,0,0,14
2024-04-13T21:08:23,15,0,0,14
2024-04-13T21:24:32,15,0,0,14
2024-04-13T21:40:42,15,0,0,14
2024-04-13T21:56:52,15,0,0,14
2024-04-13T22:13:01,15,0,0,14
2024-04-13T22:29:10,15,0,0,14
2024-04-13T22:45:19,15,0,0,14
2024-04-13T23:01:28,15,0,0,14
2024-04-13T23:17:38,15,0,0,14
2024-04-13T23:33:48,15,0,0,14
2024-04-13T23:50:07,15,0,0,14
2024-04-14T00:06:19,15,0,0,14
2024-04-14T00:22:38,15,0,0,14
2024-04-14T00:38:53,15,0,0,14
2024-04-14T00:55:06,15,0,0,14
2024-04-14T01:11:18,15,0,0,14
2024-04-14T01:27:29,15,0,0,14
2024-04-14T01:43:41,15,0,0,14
2024-04-14T01:59:52,15,0,0,14
2024-04-14T02:16:08,15,0,0,14
2024-04-14T02:32:20,15,0,0,14
2024-04-14T02:48:32,15,0,0,14
2024-04-14T03:04:44,15,0,0,14
2024-04-14T03:20:58,15,0,0,14
2024-04-14T03:37:10,15,0,0,14
2024-04-14T03:53:22,15,0,0,14
2024-04-14T04:09:44,15,0,0,14
2024-04-14T12:44:05,15,0,0,14
2024-04-14T13:00:15,15,0,0,14
2024-04-14T13:16:24,15,0,0,14
2024-04-14T13:32:33,15,0,0,14
2024-04-14T13:48:42,15,0,0,14
2024-04-14T14:04:51,15,0,0,14
2024-04-14T14:21:00,15,0,0,14
2024-04-14T14:37:10,15,0,0,14
2024-04-14T14:53:18,15,0,0,14
2024-04-14T15:09:38,15,0,0,14
2024-04-14T15:25:46,15,0,0,14
2024-04-14T15:41:55,15,0,0,14
2024-04-14T15:58:05,15,0,0,14
2024-04-14T16:14:16,15,0,0,14
2024-04-14T16:30:26,15,0,0,14
2024-04-14T16:46:36,15,0,0,14
2024-04-14T17:02:46,15,0,0,14
2024-04-14T17:18:56,15,0,0,14
2024-04-14T17:35:21,15,0,0,14
2024-04-14T17:51:30,15,0,0,14
2024-04-14T18:07:39,15,0,0,14
2024-04-14T18:23:48,15,0,0,14
2024-04-14T18:39:59,15,0,0,14
2024-04-14T18:56:09,15,0,0,14
2024-04-14T19:12:24,15,0,0,14
2024-04-14T19:28:35,15,0,0,14
2024-04-14T19:44:45,15,0,0,14
2024-04-14T20:01:12,15,0,0,14
2024-04-14T20:17:23,15,0,0,14
2024-04-14T20:33:34,15,0,0,14
2024-04-14T20:49:43,15,0,0,14
2024-04-14T21:05:52,15,0,0,14
2024-04-14T21:22:04,15,0,0,14
2024-04-14T21:38:18,15,0,0,14
2024-04-14T21:54:29,15,0,0,14
2024-04-14T22:10:54,15,0,0,14
2024-04-14T22:27:04,15,0,0,14
2024-04-14T22:43:16,15,0,0,14
2024-04-14T22:59:26,15,0,0,14
2024-04-14T23:15:37,15,0,0,14
2024-04-14T23:31:47,15,0,0,14
2024-04-14T23:47:58,15,0,0,14
2024-04-15T00:04:09,15,0,0,14
2024-04-15T00:20:25,15,0,0,14
2024-04-15T00:36:43,15,0,0,14
2024-04-15T00:52:58,15,0,0,14
2024-04-15T01:09:25,15,0,0,14
2024-04-15T01:25:39,15,0,0,14
2024-04-15T01:41:51,15,0,0,14
2024-04-15T01:58:03,15,0,0,14
2024-04-15T02:14:16,15,0,0,14
2024-04-15T02:30:55,15,0,0,14
2024-04-15T02:47:07,15,0,0,14
2024-04-15T03:03:17,15,0,0,14
2024-04-15T03:19:30,15,0,0,14
2024-04-15T03:35:41,15,0,0,14
2024-04-15T03:51:52,15,0,0,14
2024-04-15T04:08:04,15,0,0,14
2024-04-15T04:35:27,15,0,0,14
2024-04-15T04:51:57,15,0,0,14
2024-04-15T05:08:15,15,0,0,14
2024-04-15T05:24:29,15,0,0,14
2024-04-15T05:40:42,15,0,0,14
2024-04-15T05:56:55,15,0,0,14
2024-04-15T06:13:08,15,0,0,14
2024-04-15T06:29:19,15,0,0,14
2024-04-15T06:45:31,15,0,0,14
2024-04-15T07:01:45,15,0,0,14
2024-04-15T07:17:58,15,0,0,14
2024-04-15T07:34:19,15,0,0,14
2024-04-15T07:50:28,15,0,0,14
2024-04-15T08:06:41,15,0,0,14
2024-04-15T08:22:50,15,0,0,14
2024-04-15T08:39:01,15,0,0,14
2024-04-15T08:55:13,15,0,0,14
2024-04-15T09:11:23,15,0,0,14
2024-04-15T09:27:34,15,0,0,14
2024-04-15T09:43:46,15,0,0,14
2024-04-15T10:00:05,15,0,0,14
2024-04-15T10:16:15,15,0,0,14
2024-04-15T10:32:23,15,0,0,14
2024-04-15T10:48:32,15,0,0,14
2024-04-15T11:04:41,15,0,0,14
2024-04-15T11:21:01,15,0,0,14
2024-04-15T11:37:11,15,0,0,14
2024-04-15T11:53:20,15,0,0,14
2024-04-15T12:09:31,15,0,0,14
2024-04-15T12:25:50,15,0,0,14
2024-04-15T12:41:59,15,0,0,14
2024-04-15T12:58:08,15,0,0,14
2024-04-15T13:14:16,15,0,0,14
2024-04-15T13:30:40,15,0,0,14
2024-04-15T13:46:58,15,0,0,14
2024-04-15T14:03:16,15,0,0,14
2024-04-15T14:19:27,15,0,0,14
2024-04-15T14:35:38,15,0,0,14
2024-04-15T14:51:47,15,0,0,14
2024-04-15T15:08:09,15,0,0,14
2024-04-15T15:24:18,15,0,0,14
2024-04-15T15:40:28,15,0,0,14
2024-04-15T15:56:36,15,0,0,14
2024-04-15T16:12:55,15,0,0,14
2024-04-15T16:29:06,15,0,0,14
2024-04-15T16:45:15,15,0,0,14
2024-04-15T17:01:24,15,0,0,14
2024-04-15T17:17:38,15,0,0,14
2024-04-15T17:33:59,15,0,0,14
2024-04-15T17:50:09,15,0,0,14
2024-04-15T18:06:17,15,0,0,14
2024-04-15T18:22:25,15,0,0,14
2024-04-15T18:38:34,15,0,0,14
2024-04-15T18:54:43,15,0,0,14
2024-04-15T19:11:03,15,0,0,14
2024-04-15T19:27:11,15,0,0,14
2024-04-15T19:43:20,15,0,0,14
2024-04-15T19:59:29,15,0,0,14
2024-04-15T20:15:38,15,0,0,14
2024-04-15T20:31:47,15,0,0,14
2024-04-15T20:47:55,15,0,0,14
2024-04-15T21:04:05,15,0,0,14
2024-04-15T21:20:25,15,0,0,14
2024-04-15T21:36:35,15,0,0,14
2024-04-15T21:52:45,15,0,0,14
2024-04-15T22:08:56,15,0,0,14
2024-04-15T22:25:06,15,0,0,14
2024-04-15T22:41:15,15,0,0,14
2024-04-15T22:57:24,15,0,0,14
2024-04-15T23:13:44,15,0,0,14
2024-04-15T23:29:55,15,0,0,14
2024-04-15T23:46:05,15,0,0,14
2024-04-16T00:02:19,15,0,0,14
2024-04-16T00:18:39,15,0,0,14
2024-04-16T00:34:55,15,0,0,14
2024-04-16T00:51:10,15,0,0,14
2024-04-16T01:07:22,15,0,0,14
2024-04-16T01:23:35,15,0,0,14
2024-04-16T01:39:47,15,0,0,14
2024-04-16T01:56:06,15,0,0,14
2024-04-16T02:12:28,15,0,0,14
2024-04-16T02:28:39,15,0,0,14
2024-04-16T02:44:50,15,0,0,14
2024-04-16T03:01:00,15,0,0,14
2024-04-16T03:17:16,15,0,0,14
2024-04-16T03:33:26,15,0,0,14
2024-04-16T03:49:37,15,0,0,14
2024-04-16T04:05:53,15,0,0,14
2024-04-16T14:06:58,15,0,0,14
2024-04-16T14:23:19,15,0,0,14
2024-04-16T14:39:29,15,0,0,14
2024-04-16T14:55:40,15,0,0,14
2024-04-16T15:12:03,15,0,0,14
2024-04-16T15:28:17,15,0,0,14
2024-04-16T15:44:28,15,0,0,14
2024-04-16T16:00:38,15,0,0,14
2024-04-16T16:16:48,15,0,0,14
2024-04-16T16:33:08,15,0,0,14
2024-04-16T16:49:22,15,0,0,14
2024-04-16T17:05:31,15,0,0,14
2024-04-16T17:21:43,15,0,0,14
2024-04-16T17:37:54,15,0,0,14
2024-04-16T17:54:04,15,0,0,14
2024-04-16T18:10:25,15,0,0,14
2024-04-16T18:26:36,15,0,0,14
2024-04-16T18:42:46,15,0,0,14
2024-04-16T18:58:56,15,0,0,14
2024-04-16T19:15:05,15,0,0,14
2024-04-16T19:31:13,15,0,0,14
2024-04-16T19:47:19,15,0,0,14
2024-04-16T20:03:37,15,0,0,14
2024-04-16T20:19:44,15,0,0,14
2024-04-16T20:35:50,15,0,0,14
2024-04-16T20:51:56,15,0,0,14
2024-04-16T21:08:03,15,0,0,14
2024-04-16T21:24:12,15,0,0,14
2024-04-16T21:40:24,15,0,0,14
2024-04-16T21:56:46,15,0,0,14
2024-04-16T22:12:56,15,0,0,14
2024-04-16T22:29:05,15,0,0,14
2024-04-16T22:45:15,15,0,0,14
2024-04-16T23:01:24,15,0,0,14
2024-04-16T23:17:35,15,0,0,14
2024-04-16T23:33:46,15,0,0,14
2024-04-16T23:49:57,15,0,0,14
2024-04-17T00:06:22,15,0,0,14
2024-04-17T00:22:40,15,0,0,14
2024-04-17T00:38:55,15,0,0,14
2024-04-17T00:55:12,15,0,0,14
2024-04-17T01:11:25,15,0,0,14
2024-04-17T01:27:36,15,0,0,14
2024-04-17T01:43:48,15,0,0,14
2024-04-17T02:00:01,15,0,0,14
2024-04-17T02:16:15,15,0,0,14
2024-04-17T02:32:26,15,0,0,14
2024-04-17T02:48:38,15,0,0,14
2024-04-17T03:04:49,15,0,0,14
2024-04-17T03:21:04,15,0,0,14
2024-04-17T03:37:27,15,0,0,14
2024-04-17T03:53:39,15,0,0,14
2024-04-17T04:10:00,15,0,0,14
2024-04-17T12:06:36,15,0,0,14
2024-04-17T12:22:47,15,0,0,14
2024-04-17T12:38:58,15,0,0,14
2024-04-17T12:55:21,15,0,0,14
2024-04-17T13:11:32,15,0,0,14
2024-04-17T13:27:43,15,0,0,14
2024-04-17T13:43:54,15,0,0,14
2024-04-17T14:00:06,15,0,0,14
2024-04-17T14:16:29,15,0,0,14
2024-04-17T14:32:41,15,0,0,14
2024-04-17T14:48:52,15,0,0,14
2024-04-17T15:05:06,15,0,0,14
2024-04-17T15:21:29,15,0,0,14
2024-04-17T15:37:40,15,0,0,14
2024-04-17T15:53:52,15,0,0,14
2024-04-17T16:10:04,15,0,0,14
2024-04-17T16:26:14,15,0,0,14
2024-04-17T16:42:25,15,0,0,14
2024-04-17T16:58:48,15,0,0,14
2024-04-17T17:15:03,15,0,0,14
2024-04-17T17:31:15,15,0,0,14
2024-04-17T17:47:27,15,0,0,14
2024-04-17T18:03:38,15,0,0,14
2024-04-17T18:19:50,15,0,0,14
2024-04-17T18:36:14,15,0,0,14
2024-04-17T18:52:24,15,0,0,14
2024-04-17T19:08:35,15,0,0,14
2024-04-17T19:24:45,15,0,0,14
2024-04-17T19:40:55,15,0,0,14
2024-04-17T19:57:06,15,0,0,14
2024-04-17T20:13:16,15,0,0,14
2024-04-17T20:29:38,15,0,0,14
2024-04-17T20:45:50,15,0,0,14
2024-04-17T21:02:01,15,0,0,14
2024-04-17T21:18:13,15,0,0,14
2024-04-17T21:34:25,15,0,0,14
2024-04-17T21:50:37,15,0,0,14
2024-04-17T22:06:49,15,0,0,14
2024-04-17T22:23:09,15,0,0,14
2024-04-17T22:39:20,15,0,0,14
2024-04-17T22:55:31,15,0,0,14
2024-04-17T23:11:43,15,0,0,14
2024-04-17T23:27:56,15,0,0,14
2024-04-17T23:44:11,15,0,0,14
2024-04-18T00:00:23,15,0,0,14
2024-04-18T00:16:41,15,0,0,14
2024-04-18T00:32:59,15,0,0,14
2024-04-18T00:49:17,15,0,0,14
2024-04-18T01:05:47,15,0,0,14
2024-04-18T01:22:02,15,0,0,14
2024-04-18T01:38:17,15,0,0,14
2024-04-18T01:54:31,15,0,0,14
2024-04-18T02:10:45,15,0,0,14
2024-04-18T02:26:57,15,0,0,14
2024-04-18T02:43:10,15,0,0,14
2024-04-18T02:59:25,15,0,0,14
2024-04-18T03:15:38,15,0,0,14
2024-04-18T03:31:52,15,0,0,14
2024-04-18T03:48:05,15,0,0,14
2024-04-18T04:04:20,15,0,0,14
2024-04-18T04:34:38,15,0,0,14
2024-04-18T04:50:57,15,0,0,14
2024-04-18T05:07:12,15,0,0,14
2024-04-18T05:23:29,15,0,0,14
2024-04-18T05:39:47,15,0,0,14
2024-04-18T05:56:01,15,0,0,14
2024-04-18T06:12:16,15,0,0,14
2024-04-18T06:28:29,15,0,0,14
2024-04-18T06:44:42,15,0,0,14
2024-04-18T07:00:55,15,0,0,14
2024-04-18T07:17:13,15,0,0,14
2024-04-18T07:33:26,15,0,0,14
2024-04-18T07:49:42,15,0,0,14
2024-04-18T08:05:55,15,0,0,14
2024-04-18T08:22:28,15,0,0,14
2024-04-18T08:38:40,15,0,0,14
2024-04-18T08:54:52,15,0,0,14
2024-04-18T09:11:04,15,0,0,14
2024-04-18T09:27:18,15,0,0,14
2024-04-18T09:43:43,15,0,0,14
2024-04-18T09:59:56,15,0,0,14
2024-04-18T10:16:09,15,0,0,14
2024-04-18T10:32:21,15,0,0,14
2024-04-18T10:48:36,15,0,0,14
2024-04-18T11:04:58,15,0,0,14
2024-04-18T11:21:09,15,0,0,14
2024-04-18T11:37:20,15,0,0,14
2024-04-18T11:53:31,15,0,0,14
2024-04-18T12:09:56,15,0,0,14
2024-04-18T12:26:06,15,0,0,14
2024-04-18T12:42:17,15,0,0,14
2024-04-18T12:58:28,15,0,0,14
2024-04-18T13:14:58,15,0,0,14
2024-04-18T13:31:09,15,0,0,14
2024-04-18T13:47:19,15,0,0,14
2024-04-18T14:03:30,15,0,0,14
2024-04-18T14:19:40,15,0,0,14
2024-04-18T14:36:01,15,0,0,14
2024-04-18T14:52:12,15,0,0,14
2024-04-18T15:08:26,15,0,0,14
2024-04-18T15:24:55,15,0,0,14
2024-04-18T15:41:06,15,0,0,14
2024-04-18T15:57:18,15,0,0,14
2024-04-18T16:13:28,15,0,0,14
2024-04-18T16:29:38,15,0,0,14
2024-04-18T16:45:59,15,0,0,14
2024-04-18T17:02:09,15,0,0,14
2024-04-18T17:18:21,15,0,0,14
2024-04-18T17:34:31,15,0,0,14
2024-04-18T17:51:00,15,0,0,14
2024-04-18T18:07:11,15,0,0,14
2024-04-18T18:23:22,15,0,0,14
2024-04-18T18:39:34,15,0,0,14
2024-04-18T18:55:44,15,0,0,14
2024-04-18T19:11:55,15,0,0,14
2024-04-18T19:28:06,15,0,0,14
2024-04-18T19:44:29,15,0,0,14
2024-04-18T20:00:39,15,0,0,14
2024-04-18T20:16:50,15,0,0,14
2024-04-18T20:33:00,15,0,0,14
2024-04-18T20:49:10,15,0,0,14
2024-04-18T21:05:19,15,0,0,14
2024-04-18T21:21:29,15,0,0,14
2024-04-18T21:37:41,15,0,0,14
2024-04-18T21:54:11,15,0,0,14
2024-04-18T22:10:19,15,0,0,14
2024-04-18T22:26:26,15,0,0,14
2024-04-18T22:42:35,15,0,0,14
2024-04-18T22:58:44,15,0,0,14
2024-04-18T23:14:53,15,0,0,14
2024-04-18T23:31:04,15,0,0,14
2024-04-18T23:47:14,15,0,0,14
2024-04-19T00:03:27,15,0,0,14
2024-04-19T00:19:46,15,0,0,14
2024-04-19T00:36:11,15,0,0,14
2024-04-19T00:52:22,15,0,0,14
2024-04-19T01:08:34,15,0,0,14
2024-04-19T01:24:47,15,0,0,14
2024-04-19T01:40:59,15,0,0,14
2024-04-19T01:57:10,15,0,0,14
2024-04-19T02:13:21,15,0,0,14
2024-04-19T02:29:32,15,0,0,14
2024-04-19T02:45:43,15,0,0,14
2024-04-19T03:01:54,15,0,0,14
2024-04-19T03:18:09,15,0,0,14
2024-04-19T03:34:41,15,0,0,14
2024-04-19T03:50:54,15,0,0,14
2024-04-19T04:07:09,15,0,0,14
2024-04-19T04:31:38,15,0,0,14
2024-04-19T04:49:06,15,0,0,14
2024-04-19T05:05:43,15,0,0,14
2024-04-19T05:22:02,15,0,0,14
2024-04-19T05:38:17,15,0,0,14
2024-04-19T05:54:31,15,0,0,14
2024-04-19T06:10:45,15,0,0,14
2024-04-19T06:27:00,15,0,0,14
2024-04-19T06:43:13,15,0,0,14
2024-04-19T06:59:26,15,0,0,14
2024-04-19T07:15:46,15,0,0,14
2024-04-19T07:31:58,15,0,0,14
2024-04-19T07:48:09,15,0,0,14
2024-04-19T08:04:21,15,0,0,14
2024-04-19T08:20:36,15,0,0,14
2024-04-19T08:36:58,15,0,0,14
2024-04-19T08:53:10,15,0,0,14
2024-04-19T09:09:23,15,0,0,14
2024-04-19T09:25:36,15,0,0,14
2024-04-19T09:41:48,15,0,0,14
2024-04-19T09:57:59,15,0,0,14
2024-04-19T10:14:10,15,0,0,14
2024-04-19T10:30:20,15,0,0,14
2024-04-19T10:46:42,15,0,0,14
2024-04-19T11:02:54,15,0,0,14
2024-04-19T11:19:04,15,0,0,14
2024-04-19T11:35:15,15,0,0,14
2024-04-19T11:51:24,15,0,0,14
2024-04-19T12:07:36,15,0,0,14
2024-04-19T12:23:46,15,0,0,14
2024-04-19T12:40:07,15,0,0,14
2024-04-19T12:56:18,15,0,0,14
2024-04-19T13:12:29,15,0,0,14
2024-04-19T13:28:40,15,0,0,14
2024-04-19T13:44:50,15,0,0,14
2024-04-19T14:01:01,15,0,0,14
2024-04-19T14:17:14,15,0,0,14
2024-04-19T14:33:24,15,0,0,14
2024-04-19T14:49:45,15,0,0,14
2024-04-19T15:05:55,15,0,0,14
2024-04-19T15:22:04,15,0,0,14
2024-04-19T15:38:14,15,0,0,14
2024-04-19T15:54:24,15,0,0,14
2024-04-19T16:10:37,15,0,0,14
2024-04-19T16:26:46,15,0,0,14
2024-04-19T16:42:57,15,0,0,14
2024-04-19T16:59:18,15,0,0,14
2024-04-19T17:15:29,15,0,0,14
2024-04-19T17:31:40,15,0,0,14
2024-04-19T17:47:51,15,0,0,14
2024-04-19T18:04:01,15,0,0,14
2024-04-19T18:20:11,15,0,0,14
2024-04-19T18:36:21,15,0,0,14
2024-04-19T18:52:32,15,0,0,14
2024-04-19T19:08:43,15,0,0,14
2024-04-19T19:24:54,15,0,0,14
2024-04-19T19:41:04,15,0,0,14
2024-04-19T19:57:28,15,0,0,14
2024-04-19T20:13:42,15,0,0,14
2024-04-19T20:29:52,15,0,0,14
2024-04-19T20:46:02,15,0,0,14
2024-04-19T21:02:12,15,0,0,14
2024-04-19T21:18:24,15,0,0,14
2024-04-19T21:34:36,15,0,0,14
2024-04-19T21:50:46,15,0,0,14
2024-04-19T22:06:57,15,0,0,14
2024-04-19T22:23:08,15,0,0,14
2024-04-19T22:39:18,15,0,0,14
2024-04-19T22:55:29,15,0,0,14
2024-04-19T23:11:53,15,0,0,14
2024-04-19T23:28:04,15,0,0,14
2024-04-19T23:44:15,15,0,0,14
2024-04-20T00:00:27,15,0,0,14
2024-04-20T00:16:41,15,0,0,14
2024-04-20T00:32:57,15,0,0,14
2024-04-20T00:49:11,15,0,0,14
2024-04-20T01:05:22,15,0,0,14
2024-04-20T01:21:33,15,0,0,14
2024-04-20T01:37:43,15,0,0,14
2024-04-20T01:53:55,15,0,0,14
2024-04-20T02:10:05,15,0,0,14
2024-04-20T02:26:17,15,0,0,14
2024-04-20T02:42:30,15,0,0,14
2024-04-20T02:58:41,15,0,0,14
2024-04-20T03:15:02,15,0,0,14
2024-04-20T03:31:11,15,0,0,14
2024-04-20T03:47:19,15,0,0,14
2024-04-20T04:03:30,15,0,0,14
2024-04-20T04:24:12,15,0,0,14
2024-04-20T04:40:30,15,0,0,14
2024-04-20T04:58:22,15,0,0,14
2024-04-20T05:15:53,15,0,0,14
2024-04-20T05:32:08,15,0,0,14
2024-04-20T05:48:23,15,0,0,14
2024-04-20T06:04:36,15,0,0,14
2024-04-20T06:20:48,15,0,0,14
2024-04-20T06:37:01,15,0,0,14
2024-04-20T06:53:13,15,0,0,14
2024-04-20T07:09:25,15,0,0,14
2024-04-20T07:25:38,15,0,0,14
2024-04-20T07:41:51,15,0,0,14
2024-04-20T07:58:03,15,0,0,14
2024-04-20T08:14:14,15,0,0,14
2024-04-20T08:30:35,15,0,0,14
2024-04-20T08:46:47,15,0,0,14
2024-04-20T09:03:00,15,0,0,14
2024-04-20T09:19:11,15,0,0,14
2024-04-20T09:35:23,15,0,0,14
2024-04-20T09:51:35,15,0,0,14
2024-04-20T10:07:47,15,0,0,14
2024-04-20T10:23:59,15,0,0,14
2024-04-20T10:40:10,15,0,0,14
2024-04-20T10:56:21,15,0,0,14
2024-04-20T11:12:32,15,0,0,14
2024-04-20T11:28:43,15,0,0,14
2024-04-20T11:44:53,15,0,0,14
2024-04-20T12:01:04,15,0,0,14
2024-04-20T12:17:15,15,0,0,14
2024-04-20T12:33:38,15,0,0,14
2024-04-20T12:49:49,15,0,0,14
2024-04-20T13:06:00,15,0,0,14
2024-04-20T13:22:11,15,0,0,14
2024-04-20T13:38:22,15,0,0,14
2024-04-20T13:54:32,15,0,0,14
2024-04-20T14:10:43,15,0,0,14
2024-04-20T14:26:53,15,0,0,14
2024-04-20T14:43:04,15,0,0,14
2024-04-20T14:59:14,15,0,0,14
2024-04-20T15:15:24,15,0,0,14
2024-04-20T15:31:34,15,0,0,14
2024-04-20T15:47:45,15,0,0,14
2024-04-20T16:03:58,15,0,0,14
2024-04-20T16:20:21,15,0,0,14
2024-04-20T16:36:32,15,0,0,14
2024-04-20T16:52:42,15,0,0,14
2024-04-20T17:08:54,15,0,0,14
2024-04-20T17:25:08,15,0,0,14
2024-04-20T17:41:20,15,0,0,14
2024-04-20T17:57:34,15,0,0,14
2024-04-20T18:13:46,15,0,0,14
2024-04-20T18:29:57,15,0,0,14
2024-04-20T18:46:09,15,0,0,14
2024-04-20T19:02:20,15,0,0,14
2024-04-20T19:18:31,15,0,0,14
2024-04-20T19:34:42,15,0,0,14
2024-04-20T19:50:54,15,0,0,14
2024-04-20T20:07:05,15,0,0,14
2024-04-20T20:23:26,15,0,0,14
2024-04-20T20:39:38,15,0,0,14
2024-04-20T20:55:50,15,0,0,14
2024-04-20T21:12:02,15,0,0,14
2024-04-20T21:28:14,15,0,0,14
2024-04-20T21:44:27,15,0,0,14
2024-04-20T22:00:39,15,0,0,14
2024-04-20T22:16:51,15,0,0,14
2024-04-20T22:33:03,15,0,0,14
2024-04-20T22:49:16,15,0,0,14
2024-04-20T23:05:30,15,0,0,14
2024-04-20T23:21:43,15,0,0,14
2024-04-20T23:37:54,15,0,0,14
2024-04-20T23:54:05,15,0,0,14
2024-04-21T00:10:19,15,0,0,14
2024-04-21T00:26:31,15,0,0,14
2024-04-21T01:15:58,15,0,0,14
2024-04-21T01:32:10,15,0,0,14
2024-04-21T01:48:26,15,0,0,14
2024-04-21T02:04:42,15,0,0,14
2024-04-21T02:20:59,15,0,0,14
2024-04-21T02:37:16,15,0,0,14
2024-04-21T02:53:32,15,0,0,14
2024-04-21T03:10:07,15,0,0,14
2024-04-21T03:26:25,15,0,0,14
2024-04-21T03:42:40,15,0,0,14
2024-04-21T03:58:59,15,0,0,14
2024-04-21T04:32:36,15,0,0,14
2024-04-21T04:50:18,15,0,0,14
2024-04-21T05:06:38,15,0,0,14
2024-04-21T05:22:52,15,0,0,14
2024-04-21T05:39:18,15,0,0,14
2024-04-21T05:55:35,15,0,0,14
2024-04-21T06:11:46,15,0,0,14
2024-04-21T06:27:57,15,0,0,14
2024-04-21T06:44:07,15,0,0,14
2024-04-21T07:00:21,15,0,0,14
2024-04-21T07:16:41,15,0,0,14
2024-04-21T07:32:56,15,0,0,14
2024-04-21T07:49:09,15,0,0,14
2024-04-21T08:05:23,15,0,0,14
2024-04-21T08:21:33,15,0,0,14
2024-04-21T08:37:44,15,0,0,14
2024-04-21T08:53:55,15,0,0,14
2024-04-21T09:10:11,15,0,0,14
2024-04-21T09:26:24,15,0,0,14
2024-04-21T09:42:37,15,0,0,14
2024-04-21T09:58:49,15,0,0,14
2024-04-21T10:15:03,15,0,0,14
2024-04-21T10:31:17,15,0,0,14
2024-04-21T10:47:36,15,0,0,14
2024-04-21T11:03:46,15,0,0,14
2024-04-21T11:19:56,15,0,0,14
2024-04-21T11:36:05,15,0,0,14
2024-04-21T11:52:16,15,0,0,14
2024-04-21T12:08:26,15,0,0,14
2024-04-21T12:24:36,15,0,0,14
2024-04-21T12:40:45,15,0,0,14
2024-04-21T12:56:54,15,0,0,14
2024-04-21T13:13:04,15,0,0,14
2024-04-21T13:29:14,15,0,0,14
2024-04-21T13:45:23,15,0,0,14
2024-04-21T14:01:33,15,0,0,14
2024-04-21T14:17:53,15,0,0,14
2024-04-21T14:34:02,15,0,0,14
2024-04-21T14:50:13,15,0,0,14
2024-04-21T15:06:26,15,0,0,14
2024-04-21T15:22:35,15,0,0,14
2024-04-21T15:38:45,15,0,0,14
2024-04-21T15:54:54,15,0,0,14
2024-04-21T16:11:06,15,0,0,14
2024-04-21T16:27:17,15,0,0,14
2024-04-21T16:43:39,15,0,0,14
2024-04-21T16:59:47,15,0,0,14
2024-04-21T17:15:58,15,0,0,14
2024-04-21T17:32:07,15,0,0,14
2024-04-21T17:48:16,15,0,0,14
2024-04-21T18:04:26,15,0,0,14
2024-04-21T18:20:35,15,0,0,14
2024-04-21T18:36:43,15,0,0,14
2024-04-21T18:52:53,15,0,0,14
2024-04-21T19:09:04,15,0,0,14
2024-04-21T19:25:14,15,0,0,14
2024-04-21T19:41:23,15,0,0,14
2024-04-21T19:57:42,15,0,0,14
2024-04-21T20:13:51,15,0,0,14
2024-04-21T20:30:00,15,0,0,14
2024-04-21T20:46:09,15,0,0,14
2024-04-21T21:02:18,15,0,0,14
2024-04-21T21:18:30,15,0,0,14
2024-04-21T21:34:42,15,0,0,14
2024-04-21T21:50:53,15,0,0,14
2024-04-21T22:07:03,15,0,0,14
2024-04-21T22:23:13,15,0,0,14
2024-04-21T22:39:22,15,0,0,14
2024-04-21T22:55:44,15,0,0,14
2024-04-21T23:11:53,15,0,0,14
2024-04-21T23:28:03,15,0,0,14
2024-04-21T23:44:12,15,0,0,14
2024-04-22T00:00:24,15,0,0,14
2024-04-22T00:16:41,15,0,0,14
2024-04-22T00:33:03,15,0,0,14
2024-04-22T00:49:20,15,0,0,14
2024-04-22T01:05:33,15,0,0,14
2024-04-22T01:21:47,15,0,0,14
2024-04-22T01:38:00,15,0,0,14
2024-04-22T01:54:11,15,0,0,14
2024-04-22T02:10:25,15,0,0,14
2024-04-22T02:26:44,15,0,0,14
2024-04-22T02:43:05,15,0,0,14
2024-04-22T02:59:14,15,0,0,14
2024-04-22T03:15:26,15,0,0,14
2024-04-22T03:31:38,15,0,0,14
2024-04-22T03:47:49,15,0,0,14
2024-04-22T04:04:00,15,0,0,14
2024-04-22T04:27:11,15,0,0,14
2024-04-22T04:43:26,15,0,0,14
2024-04-22T05:01:15,15,0,0,14
2024-04-22T05:17:40,15,0,0,14
2024-04-22T05:33:55,15,0,0,14
2024-04-22T05:50:10,15,0,0,14
2024-04-22T06:06:26,15,0,0,14
2024-04-22T06:22:39,15,0,0,14
2024-04-22T06:38:52,15,0,0,14
2024-04-22T06:55:05,15,0,0,14
2024-04-22T07:11:22,15,0,0,14
2024-04-22T07:27:34,15,0,0,14
2024-04-22T07:43:45,15,0,0,14
2024-04-22T08:00:07,15,0,0,14
2024-04-22T08:16:18,15,0,0,14
2024-04-22T08:32:28,15,0,0,14
2024-04-22T08:48:39,15,0,0,14
2024-04-22T09:04:49,15,0,0,14
2024-04-22T09:21:00,15,0,0,14
2024-04-22T09:37:12,15,0,0,14
2024-04-22T09:53:21,15,0,0,14
2024-04-22T10:09:46,15,0,0,14
2024-04-22T10:25:57,15,0,0,14
2024-04-22T10:42:07,15,0,0,14
2024-04-22T10:58:18,15,0,0,14
2024-04-22T11:14:28,15,0,0,14
2024-04-22T11:30:39,15,0,0,14
2024-04-22T11:46:49,15,0,0,14
2024-04-22T12:03:10,15,0,0,14
2024-04-22T12:19:21,15,0,0,14
2024-04-22T12:35:32,15,0,0,14
2024-04-22T12:51:42,15,0,0,14
2024-04-22T13:07:53,15,0,0,14
2024-04-22T13:24:14,15,0,0,14
2024-04-22T13:40:25,15,0,0,14
2024-04-22T13:56:35,15,0,0,14
2024-04-22T14:12:48,15,0,0,14
2024-04-22T14:28:58,15,0,0,14
2024-04-22T14:45:27,15,0,0,14
2024-04-22T15:01:38,15,0,0,14
2024-04-22T15:17:48,15,0,0,14
2024-04-22T15:34:01,15,0,0,14
2024-04-22T15:50:12,15,0,0,14
2024-04-22T16:06:35,15,0,0,14
2024-04-22T16:22:47,15,0,0,14
2024-04-22T16:38:58,15,0,0,14
2024-04-22T16:55:09,15,0,0,14
2024-04-22T17:11:22,15,0,0,14
2024-04-22T17:27:36,15,0,0,14
2024-04-22T17:43:47,15,0,0,14
2024-04-22T17:59:59,15,0,0,14
2024-04-22T18:16:20,15,0,0,14
2024-04-22T18:32:30,15,0,0,14
2024-04-22T18:48:40,15,0,0,14
2024-04-22T19:04:50,15,0,0,14
2024-04-22T19:20:59,15,0,0,14
2024-04-22T19:37:08,15,0,0,14
2024-04-22T19:53:19,15,0,0,14
2024-04-22T20:09:37,15,0,0,14
2024-04-22T20:26:00,15,0,0,14
2024-04-22T20:42:11,15,0,0,14
2024-04-22T20:58:21,15,0,0,14
2024-04-22T21:14:32,15,0,0,14
2024-04-22T21:30:43,15,0,0,14
2024-04-22T21:46:54,15,0,0,14
2024-04-22T22:03:10,15,0,0,14
2024-04-22T22:19:21,15,0,0,14
2024-04-22T22:35:32,15,0,0,14
2024-04-22T22:51:56,15,0,0,14
2024-04-22T23:08:08,15,0,0,14
2024-04-22T23:24:19,15,0,0,14
2024-04-22T23:40:32,15,0,0,14
2024-04-22T23:56:43,15,0,0,14
2024-04-23T00:12:58,15,0,0,14
2024-04-23T00:29:20,15,0,0,14
2024-04-23T00:45:40,15,0,0,14
2024-04-23T01:01:58,15,0,0,14
2024-04-23T01:18:14,15,0,0,14
2024-04-23T01:34:26,15,0,0,14
2024-04-23T01:50:39,15,0,0,14
2024-04-23T02:07:06,15,0,0,14
2024-04-23T02:23:18,15,0,0,14
2024-04-23T02:39:32,15,0,0,14
2024-04-23T02:55:44,15,0,0,14
2024-04-23T03:12:05,15,0,0,14
2024-04-23T03:28:27,15,0,0,14
2024-04-23T03:44:39,15,0,0,14
2024-04-23T04:00:53,15,0,0,14
2024-04-23T04:17:15,15,0,0,14
2024-04-23T04:38:27,15,0,0,14
2024-04-23T04:56:26,15,0,0,14
2024-04-23T05:12:42,15,0,0,14
2024-04-23T05:28:56,15,0,0,14
2024-04-23T05:45:10,15,0,0,14
2024-04-23T06:01:27,15,0,0,14
2024-04-23T06:17:39,15,0,0,14
2024-04-23T06:33:54,15,0,0,14
2024-04-23T06:50:07,15,0,0,14
2024-04-23T07:06:22,15,0,0,14
2024-04-23T07:22:35,15,0,0,14
2024-04-23T07:38:48,15,0,0,14
2024-04-23T07:55:01,15,0,0,14
2024-04-23T08:11:38,15,0,0,14
2024-04-23T08:27:50,15,0,0,14
2024-04-23T08:44:03,15,0,0,14
2024-04-23T09:00:16,15,0,0,14
2024-04-23T09:16:28,15,0,0,14
2024-04-23T09:32:40,15,0,0,14
2024-04-23T09:48:56,15,0,0,14
2024-04-23T10:05:10,15,0,0,14
2024-04-23T10:21:21,15,0,0,14
2024-04-23T10:37:32,15,0,0,14
2024-04-23T10:53:42,15,0,0,14
2024-04-23T11:10:10,15,0,0,14
2024-04-23T11:26:21,15,0,0,14
2024-04-23T11:42:34,15,0,0,14
2024-04-23T11:58:51,15,0,0,14
2024-04-23T12:15:03,15,0,0,14
2024-04-23T12:31:14,15,0,0,14
2024-04-23T12:47:26,15,0,0,14
2024-04-23T13:03:57,15,0,0,14
2024-04-23T13:20:07,15,0,0,14
2024-04-23T13:36:19,15,0,0,14
2024-04-23T13:52:28,15,0,0,14
2024-04-23T14:08:40,15,0,0,14
2024-04-23T14:24:51,15,0,0,14
2024-04-23T14:41:02,15,0,0,14
2024-04-23T14:57:23,15,0,0,14
2024-04-23T15:13:35,15,0,0,14
2024-04-23T15:29:46,15,0,0,14
2024-04-23T15:45:56,15,0,0,14
2024-04-23T16:02:05,15,0,0,14
2024-04-23T16:18:18,15,0,0,14
2024-04-23T16:34:28,15,0,0,14
2024-04-23T16:50:58,15,0,0,14
2024-04-23T17:07:09,15,0,0,14
2024-04-23T17:23:23,15,0,0,14
2024-04-23T17:39:33,15,0,0,14
2024-04-23T17:55:43,15,0,0,14
2024-04-23T18:11:54,15,0,0,14
2024-04-23T18:28:05,15,0,0,14
2024-04-23T18:44:15,15,0,0,14
2024-04-23T19:00:35,15,0,0,14
2024-04-23T19:16:47,15,0,0,14
2024-04-23T19:32:57,15,0,0,14
2024-04-23T19:49:07,15,0,0,14
2024-04-23T20:05:28,15,0,0,14
2024-04-23T20:21:39,15,0,0,14
2024-04-23T20:37:49,15,0,0,14
2024-04-23T20:54:02,15,0,0,14
2024-04-23T21:10:31,15,0,0,14
2024-04-23T21:26:42,15,0,0,14
2024-04-23T21:42:54,15,0,0,14
2024-04-23T21:59:05,15,0,0,14
2024-04-23T22:15:18,15,0,0,14
2024-04-23T22:31:28,15,0,0,14
2024-04-23T22:47:39,15,0,0,14
2024-04-23T23:03:49,15,0,0,14
2024-04-23T23:20:02,15,0,0,14
2024-04-23T23:36:25,15,0,0,14
2024-04-23T23:52:37,15,0,0,14
2024-04-24T00:08:49,15,0,0,14
2024-04-24T00:25:08,15,0,0,14
2024-04-24T00:41:23,15,0,0,14
2024-04-24T00:57:40,15,0,0,14
2024-04-24T01:13:54,15,0,0,14
2024-04-24T01:30:06,15,0,0,14
2024-04-24T01:46:20,15,0,0,14
2024-04-24T02:02:31,15,0,0,14
2024-04-24T02:18:43,15,0,0,14
2024-04-24T02:34:54,15,0,0,14
2024-04-24T02:51:06,15,0,0,14
2024-04-24T03:07:18,15,0,0,14
2024-04-24T03:23:49,15,0,0,14
2024-04-24T03:40:59,15,0,0,14
2024-04-24T03:57:12,15,0,0,14
2024-04-24T04:13:26,15,0,0,14
2024-04-24T04:34:55,15,0,0,14
2024-04-24T04:51:09,15,0,0,14
2024-04-24T05:07:24,15,0,0,14
2024-04-24T05:25:05,15,0,0,14
2024-04-24T05:41:38,15,0,0,14
2024-04-24T05:57:55,15,0,0,14
2024-04-24T06:14:10,15,0,0,14
2024-04-24T06:30:22,15,0,0,14
2024-04-24T06:46:34,15,0,0,14
2024-04-24T07:02:46,15,0,0,14
2024-04-24T07:18:59,15,0,0,14
2024-04-24T07:35:17,15,0,0,14
2024-04-24T07:51:27,15,0,0,14
2024-04-24T08:07:45,15,0,0,14
2024-04-24T08:23:55,15,0,0,14
2024-04-24T08:40:07,15,0,0,14
2024-04-24T08:56:29,15,0,0,14
2024-04-24T09:12:39,15,0,0,14
2024-04-24T09:28:50,15,0,0,14
2024-04-24T09:45:00,15,0,0,14
2024-04-24T10:01:10,15,0,0,14
2024-04-24T10:17:20,15,0,0,14
2024-04-24T10:33:41,15,0,0,14
2024-04-24T10:49:52,15,0,0,14
2024-04-24T11:06:02,15,0,0,14
2024-04-24T11:22:12,15,0,0,14
2024-04-24T11:38:22,15,0,0,14
2024-04-24T11:54:32,15,0,0,14
2024-04-24T12:10:43,15,0,0,14
2024-04-24T12:27:03,15,0,0,14
2024-04-24T12:43:13,15,0,0,14
2024-04-24T12:59:23,15,0,0,14
2024-04-24T13:15:34,15,0,0,14
2024-04-24T13:31:48,15,0,0,14
2024-04-24T13:48:09,15,0,0,14
2024-04-24T14:04:19,15,0,0,14
2024-04-24T14:20:29,15,0,0,14
2024-04-24T14:36:39,15,0,0,14
2024-04-24T14:52:49,15,0,0,14
2024-04-24T15:08:59,15,0,0,14
2024-04-24T15:25:21,15,0,0,14
2024-04-24T15:41:38,15,0,0,14
2024-04-24T15:57:47,15,0,0,14
2024-04-24T16:13:58,15,0,0,14
2024-04-24T16:30:07,15,0,0,14
2024-04-24T16:46:18,15,0,0,14
2024-04-24T17:02:31,15,0,0,14
2024-04-24T17:18:56,15,0,0,14
2024-04-24T17:35:07,15,0,0,14
2024-04-24T17:51:19,15,0,0,14
2024-04-24T18:07:34,15,0,0,14
2024-04-24T18:23:48,15,0,0,14
2024-04-24T18:40:02,15,0,0,14
2024-04-24T18:56:14,15,0,0,14
2024-04-24T19:12:26,15,0,0,14
2024-04-24T19:28:36,15,0,0,14
2024-04-24T19:44:58,15,0,0,14
2024-04-24T20:01:09,15,0,0,14
2024-04-24T20:17:20,15,0,0,14
2024-04-24T20:33:31,15,0,0,14
2024-04-24T20:49:41,15,0,0,14
2024-04-24T21:05:52,15,0,0,14
2024-04-24T21:22:03,15,0,0,14
2024-04-24T21:38:14,15,0,0,14
2024-04-24T21:54:25,15,0,0,14
2024-04-24T22:10:45,15,0,0,14
2024-04-24T22:26:55,15,0,0,14
2024-04-24T22:43:06,15,0,0,14
2024-04-24T22:59:17,15,0,0,14
2024-04-24T23:15:28,15,0,0,14
2024-04-24T23:31:40,15,0,0,14
2024-04-24T23:47:51,15,0,0,14
2024-04-25T00:04:04,15,0,0,14
2024-04-25T00:20:23,15,0,0,14
2024-04-25T00:36:41,15,0,0,14
2024-04-25T00:52:58,15,0,0,14
2024-04-25T01:09:11,15,0,0,14
2024-04-25T01:25:24,15,0,0,14
2024-04-25T01:41:46,15,0,0,14
2024-04-25T01:57:58,15,0,0,14
2024-04-25T02:14:09,15,0,0,14
2024-04-25T02:30:20,15,0,0,14
2024-04-25T02:46:31,15,0,0,14
2024-04-25T03:02:44,15,0,0,14
2024-04-25T03:19:00,15,0,0,14
2024-04-25T03:35:11,15,0,0,14
2024-04-25T03:51:22,15,0,0,14
2024-04-25T04:09:37,15,0,0,14
2024-04-25T04:34:20,15,0,0,14
2024-04-25T04:50:34,15,0,0,14
2024-04-25T05:06:52,15,0,0,14
2024-04-25T05:23:09,15,0,0,14
2024-04-25T05:39:24,15,0,0,14
2024-04-25T05:55:38,15,0,0,14
2024-04-25T06:11:52,15,0,0,14
2024-04-25T06:28:09,15,0,0,14
2024-04-25T06:44:22,15,0,0,14
2024-04-25T07:00:35,15,0,0,14
2024-04-25T07:16:52,15,0,0,14
2024-04-25T07:33:04,15,0,0,14
2024-04-25T07:49:16,15,0,0,14
2024-04-25T08:05:27,15,0,0,14
2024-04-25T08:21:49,15,0,0,14
2024-04-25T08:38:02,15,0,0,14
2024-04-25T08:54:13,15,0,0,14
2024-04-25T09:10:35,15,0,0,14
2024-04-25T09:26:48,15,0,0,14
2024-04-25T09:43:01,15,0,0,14
2024-04-25T09:59:11,15,0,0,14
2024-04-25T10:15:24,15,0,0,14
2024-04-25T10:31:35,15,0,0,14
2024-04-25T10:47:46,15,0,0,14
2024-04-25T11:03:56,15,0,0,14
2024-04-25T11:20:08,15,0,0,14
2024-04-25T11:36:30,15,0,0,14
2024-04-25T11:52:40,15,0,0,14
2024-04-25T12:08:53,15,0,0,14
2024-04-25T12:25:07,15,0,0,14
2024-04-25T12:41:17,15,0,0,14
2024-04-25T12:57:28,15,0,0,14
2024-04-25T13:13:49,15,0,0,14
2024-04-25T13:30:02,15,0,0,14
2024-04-25T13:46:12,15,0,0,14
2024-04-25T14:02:23,15,0,0,14
2024-04-25T14:18:36,15,0,0,14
2024-04-25T14:34:46,15,0,0,14
2024-04-25T14:50:57,15,0,0,14
2024-04-25T15:07:19,15,0,0,14
2024-04-25T15:23:28,15,0,0,14
2024-04-25T15:39:38,15,0,0,14
2024-04-25T15:55:49,15,0,0,14
2024-04-25T16:11:59,15,0,0,14
2024-04-25T16:28:20,15,0,0,14
2024-04-25T16:44:30,15,0,0,14
2024-04-25T17:00:39,15,0,0,14
2024-04-25T17:16:52,15,0,0,14
2024-04-25T17:33:02,15,0,0,14
2024-04-25T17:49:13,15,0,0,14
2024-04-25T18:05:24,15,0,0,14
2024-04-25T18:21:34,15,0,0,14
2024-04-25T18:37:45,15,0,0,14
2024-04-25T18:54:07,15,0,0,14
2024-04-25T19:10:19,15,0,0,14
2024-04-25T19:26:28,15,0,0,14
2024-04-25T19:42:38,15,0,0,14
2024-04-25T19:58:47,15,0,0,14
2024-04-25T20:15:10,15,0,0,14
2024-04-25T20:31:19,15,0,0,14
2024-04-25T20:47:29,15,0,0,14
2024-04-25T21:03:40,15,0,0,14
2024-04-25T21:20:01,15,0,0,14
2024-04-25T21:36:12,15,0,0,14
2024-04-25T21:52:25,15,0,0,14
2024-04-25T22:08:37,15,0,0,14
2024-04-25T22:24:47,15,0,0,14
2024-04-25T22:40:58,15,0,0,14
2024-04-25T22:57:07,15,0,0,14
2024-04-25T23:13:19,15,0,0,14
2024-04-25T23:29:32,15,0,0,14
2024-04-25T23:45:42,15,0,0,14
2024-04-26T00:01:54,15,0,0,14
2024-04-26T00:18:24,15,0,0,14
2024-04-26T00:34:39,15,0,0,14
2024-04-26T00:50:56,15,0,0,14
2024-04-26T01:07:10,15,0,0,14
2024-04-26T01:23:24,15,0,0,14
2024-04-26T01:39:37,15,0,0,14
2024-04-26T01:55:50,15,0,0,14
2024-04-26T02:12:02,15,0,0,14
2024-04-26T02:28:13,15,0,0,14
2024-04-26T02:44:25,15,0,0,14
2024-04-26T03:00:37,15,0,0,14
2024-04-26T03:17:15,15,0,0,14
2024-04-26T03:33:30,15,0,0,14
2024-04-26T03:49:43,15,0,0,14
2024-04-26T04:05:56,15,0,0,14
2024-04-26T04:28:43,15,0,0,14
2024-04-26T04:46:34,15,0,0,14
2024-04-26T05:02:49,15,0,0,14
2024-04-26T05:19:09,15,0,0,14
2024-04-26T05:35:22,15,0,0,14
2024-04-26T05:51:35,15,0,0,14
2024-04-26T06:07:47,15,0,0,14
2024-04-26T06:24:06,15,0,0,14
2024-04-26T06:40:18,15,0,0,14
2024-04-26T06:56:29,15,0,0,14
2024-04-26T07:12:41,15,0,0,14
2024-04-26T07:28:57,15,0,0,14
2024-04-26T07:45:07,15,0,0,14
2024-04-26T08:01:17,15,0,0,14
2024-04-26T08:17:30,15,0,0,14
2024-04-26T08:33:56,15,0,0,14
2024-04-26T08:50:07,15,0,0,14
2024-04-26T09:06:17,15,0,0,14
2024-04-26T09:22:28,15,0,0,14
2024-04-26T09:38:39,15,0,0,14
2024-04-26T09:54:49,15,0,0,14
2024-04-26T10:11:00,15,0,0,14
2024-04-26T10:27:11,15,0,0,14
2024-04-26T10:43:23,15,0,0,14
2024-04-26T10:59:33,15,0,0,14
2024-04-26T11:15:55,15,0,0,14
2024-04-26T11:32:06,15,0,0,14
2024-04-26T11:48:17,15,0,0,14
2024-04-26T12:04:27,15,0,0,14
2024-04-26T12:20:37,15,0,0,14
2024-04-26T12:36:48,15,0,0,14
2024-04-26T12:53:00,15,0,0,14
2024-04-26T13:09:22,15,0,0,14
2024-04-26T13:25:35,15,0,0,14
2024-04-26T13:41:46,15,0,0,14
2024-04-26T13:57:56,15,0,0,14
2024-04-26T14:14:07,15,0,0,14
2024-04-26T14:30:18,15,0,0,14
2024-04-26T14:46:28,15,0,0,14
2024-04-26T15:02:49,15,0,0,14
2024-04-26T15:19:03,15,0,0,14
2024-04-26T15:35:14,15,0,0,14
2024-04-26T15:51:24,15,0,0,14
2024-04-26T16:07:39,15,0,0,14
2024-04-26T16:23:50,15,0,0,14
2024-04-26T16:40:21,15,0,0,14
2024-04-26T16:56:31,15,0,0,14
2024-04-26T17:12:43,15,0,0,14
2024-04-26T17:28:58,15,0,0,14
2024-04-26T17:45:09,15,0,0,14
2024-04-26T18:01:20,15,0,0,14
2024-04-26T18:17:31,15,0,0,14
2024-04-26T18:33:41,15,0,0,14
2024-04-26T18:49:52,15,0,0,14
2024-04-26T19:06:02,15,0,0,14
2024-04-26T19:22:12,15,0,0,14
2024-04-26T19:38:33,15,0,0,14
2024-04-26T19:54:43,15,0,0,14
2024-04-26T20:10:56,15,0,0,14
2024-04-26T20:27:06,15,0,0,14
2024-04-26T20:43:17,15,0,0,14
2024-04-26T20:59:26,15,0,0,14
2024-04-26T21:15:36,15,0,0,14
2024-04-26T21:31:47,15,0,0,14
2024-04-27T00:09:07,15,0,0,14
2024-04-27T00:25:25,15,0,0,14
2024-04-27T00:41:42,15,0,0,14
2024-04-27T00:58:08,15,0,0,14
2024-04-27T01:14:19,15,0,0,14
2024-04-27T01:30:30,15,0,0,14
2024-04-27T01:46:42,15,0,0,14
2024-04-27T02:02:54,15,0,0,14
2024-04-27T02:19:04,15,0,0,14
2024-04-27T02:35:15,15,0,0,14
2024-04-27T02:51:25,15,0,0,14
2024-04-27T03:07:34,15,0,0,14
2024-04-27T03:23:46,15,0,0,14
2024-04-27T03:39:57,15,0,0,14
2024-04-27T03:56:10,15,0,0,14
2024-04-27T04:27:50,15,0,0,14
2024-04-27T04:44:03,15,0,0,14
2024-04-27T05:02:36,15,0,0,14
2024-04-27T05:18:49,15,0,0,14
2024-04-27T05:35:02,15,0,0,14
2024-04-27T05:51:13,15,0,0,14
2024-04-27T06:07:24,15,0,0,14
2024-04-27T06:23:37,15,0,0,14
2024-04-27T06:39:49,15,0,0,14
2024-04-27T06:56:00,15,0,0,14
2024-04-27T07:12:11,15,0,0,14
2024-04-27T07:28:31,15,0,0,14
2024-04-27T07:44:42,15,0,0,14
2024-04-27T08:00:53,15,0,0,14
2024-04-27T08:17:03,15,0,0,14
2024-04-27T08:33:14,15,0,0,14
2024-04-27T08:49:24,15,0,0,14
2024-04-27T09:05:34,15,0,0,14
2024-04-27T09:21:44,15,0,0,14
2024-04-27T09:37:55,15,0,0,14
2024-04-27T09:54:04,15,0,0,14
2024-04-27T10:10:14,15,0,0,14
2024-04-27T10:26:34,15,0,0,14
2024-04-27T10:42:44,15,0,0,14
2024-04-27T10:58:54,15,0,0,14
2024-04-27T11:15:05,15,0,0,14
2024-04-27T11:31:16,15,0,0,14
2024-04-27T11:47:26,15,0,0,14
2024-04-27T12:03:35,15,0,0,14
2024-04-27T12:19:44,15,0,0,14
2024-04-27T12:35:53,15,0,0,14
2024-04-27T12:52:02,15,0,0,14
2024-04-27T13:08:12,15,0,0,14
2024-04-27T13:24:21,15,0,0,14
2024-04-27T13:40:40,15,0,0,14
2024-04-27T13:56:48,15,0,0,14
2024-04-27T14:12:57,15,0,0,14
2024-04-27T14:29:06,15,0,0,14
2024-04-27T14:45:15,15,0,0,14
2024-04-27T15:01:24,15,0,0,14
2024-04-27T15:17:36,15,0,0,14
2024-04-27T15:33:45,15,0,0,14
2024-04-27T15:49:54,15,0,0,14
2024-04-27T16:06:03,15,0,0,14
2024-04-27T16:22:11,15,0,0,14
2024-04-27T16:38:30,15,0,0,14
2024-04-27T16:54:39,15,0,0,14
2024-04-27T17:10:48,15,0,0,14
2024-04-27T17:26:57,15,0,0,14
2024-04-27T17:43:07,15,0,0,14
2024-04-27T17:59:16,15,0,0,14
2024-04-27T18:15:25,15,0,0,14
2024-04-27T18:31:34,15,0,0,14
2024-04-27T18:47:43,15,0,0,14
2024-04-27T19:03:53,15,0,0,14
2024-04-27T19:20:03,15,0,0,14
2024-04-27T19:36:12,15,0,0,14
2024-04-27T19:52:22,15,0,0,14
2024-04-27T20:08:31,15,0,0,14
2024-04-27T20:24:39,15,0,0,14
2024-04-27T20:40:58,15,0,0,14
2024-04-27T20:57:07,15,0,0,14
2024-04-27T21:13:16,15,0,0,14
2024-04-27T21:29:25,15,0,0,14
2024-04-27T21:45:35,15,0,0,14
2024-04-27T22:01:46,15,0,0,14
2024-04-27T22:17:55,15,0,0,14
2024-04-27T22:34:04,15,0,0,14
2024-04-27T22:50:14,15,0,0,14
2024-04-27T23:06:24,15,0,0,14
2024-04-27T23:22:33,15,0,0,14
2024-04-27T23:38:43,15,0,0,14
2024-04-27T23:54:52,15,0,0,14
2024-04-28T00:11:10,15,0,0,14
2024-04-28T00:27:22,15,0,0,14
2024-04-28T00:43:29,15,0,0,14
2024-04-28T00:59:36,15,0,0,14
2024-04-28T04:41:55,15,0,0,14
2024-04-28T04:58:13,15,0,0,14
2024-04-28T05:14:51,15,0,0,14
2024-04-28T05:31:05,15,0,0,14
2024-04-28T05:47:21,15,0,0,14
2024-04-28T06:03:38,15,0,0,14
2024-04-28T06:19:58,15,0,0,14
2024-04-28T06:36:12,15,0,0,14
2024-04-28T06:52:25,15,0,0,14
2024-04-28T07:08:37,15,0,0,14
2024-04-28T07:24:50,15,0,0,14
2024-04-28T07:41:05,15,0,0,14
2024-04-28T07:57:20,15,0,0,14
2024-04-28T08:13:42,15,0,0,14
2024-04-28T08:29:57,15,0,0,14
2024-04-28T08:46:15,15,0,0,14
2024-04-28T09:02:33,15,0,0,14
2024-04-28T09:18:52,15,0,0,14
2024-04-28T09:35:09,15,0,0,14
2024-04-28T09:51:27,15,0,0,14
2024-04-28T10:07:43,15,0,0,14
2024-04-28T10:24:01,15,0,0,14
2024-04-28T10:40:13,15,0,0,14
2024-04-28T10:56:23,15,0,0,14
2024-04-28T11:12:32,15,0,0,14
2024-04-28T11:28:41,15,0,0,14
2024-04-28T11:44:51,15,0,0,14
2024-04-28T12:01:01,15,0,0,14
2024-04-28T12:17:21,15,0,0,14
2024-04-28T12:33:29,15,0,0,14
2024-04-28T12:49:39,15,0,0,14
2024-04-28T13:05:48,15,0,0,14
2024-04-28T13:21:58,15,0,0,14
2024-04-28T13:38:08,15,0,0,14
2024-04-28T13:54:17,15,0,0,14
2024-04-28T14:10:26,15,0,0,14
2024-04-28T14:26:35,15,0,0,14
2024-04-28T14:42:44,15,0,0,14
2024-04-28T14:58:53,15,0,0,14
2024-04-28T15:15:04,15,0,0,14
2024-04-28T15:31:24,15,0,0,14
2024-04-28T15:47:33,15,0,0,14
2024-04-28T16:03:42,15,0,0,14
2024-04-28T16:19:52,15,0,0,14
2024-04-28T16:36:03,15,0,0,14
2024-04-28T16:52:13,15,0,0,14
2024-04-28T17:08:22,15,0,0,14
2024-04-28T17:24:32,15,0,0,14
2024-04-28T17:40:42,15,0,0,14
2024-04-28T17:56:51,15,0,0,14
2024-04-28T18:13:02,15,0,0,14
2024-04-28T18:29:12,15,0,0,14
2024-04-28T18:45:35,15,0,0,14
2024-04-28T19:01:45,15,0,0,14
2024-04-28T19:17:59,15,0,0,14
2024-04-28T19:34:09,15,0,0,14
2024-04-28T19:50:19,15,0,0,14
2024-04-28T20:06:29,15,0,0,14
2024-04-28T20:22:40,15,0,0,14
2024-04-28T20:38:50,15,0,0,14
2024-04-28T20:55:00,15,0,0,14
2024-04-28T21:11:09,15,0,0,14
2024-04-28T21:27:22,15,0,0,14
2024-04-28T21:43:35,15,0,0,14
2024-04-28T21:59:49,15,0,0,14
2024-04-28T22:16:10,15,0,0,14
2024-04-28T22:32:21,15,0,0,14
2024-04-28T22:48:30,15,0,0,14
2024-04-28T23:04:40,15,0,0,14
2024-04-28T23:20:51,15,0,0,14
2024-04-28T23:37:02,15,0,0,14
2024-04-28T23:53:12,15,0,0,14
2024-04-29T00:09:27,15,0,0,14
2024-04-29T00:25:47,15,0,0,14
2024-04-29T00:42:05,15,0,0,14
2024-04-29T00:58:21,15,0,0,14
2024-04-29T01:14:38,15,0,0,14
2024-04-29T01:30:50,15,0,0,14
2024-04-29T01:47:03,15,0,0,14
2024-04-29T02:03:14,15,0,0,14
2024-04-29T02:19:26,15,0,0,14
2024-04-29T02:35:45,15,0,0,14
2024-04-29T02:51:57,15,0,0,14
2024-04-29T03:08:09,15,0,0,14
2024-04-29T03:24:21,15,0,0,14
2024-04-29T03:40:34,15,0,0,14
2024-04-29T03:56:47,15,0,0,14
2024-04-29T04:12:58,15,0,0,14
2024-04-29T04:35:13,15,0,0,14
2024-04-29T04:52:54,15,0,0,14
2024-04-29T05:09:11,15,0,0,14
2024-04-29T05:25:24,15,0,0,14
2024-04-29T05:41:37,15,0,0,14
2024-04-29T05:57:52,15,0,0,14
2024-04-29T06:14:04,15,0,0,14
2024-04-29T06:30:18,15,0,0,14
2024-04-29T06:46:28,15,0,0,14
2024-04-29T07:02:38,15,0,0,14
2024-04-29T07:18:48,15,0,0,14
2024-04-29T07:34:57,15,0,0,14
2024-04-29T07:51:06,15,0,0,14
2024-04-29T08:07:18,15,0,0,14
2024-04-29T08:23:28,15,0,0,14
2024-04-29T08:39:37,15,0,0,14
2024-04-29T08:55:49,15,0,0,14
2024-04-29T09:12:02,15,0,0,14
2024-04-29T09:28:23,15,0,0,14
2024-04-29T09:44:33,15,0,0,14
2024-04-29T10:00:43,15,0,0,14
2024-04-29T10:16:54,15,0,0,14
2024-04-29T10:33:04,15,0,0,14
2024-04-29T10:49:14,15,0,0,14
2024-04-29T11:05:24,15,0,0,14
2024-04-29T11:21:34,15,0,0,14
2024-04-29T11:38:00,15,0,0,14
2024-04-29T11:54:10,15,0,0,14
2024-04-29T12:10:19,15,0,0,14
2024-04-29T12:26:33,15,0,0,14
2024-04-29T12:42:53,15,0,0,14
2024-04-29T12:59:02,15,0,0,14
2024-04-29T13:15:12,15,0,0,14
2024-04-29T13:31:22,15,0,0,14
2024-04-29T13:47:32,15,0,0,14
2024-04-29T14:03:53,15,0,0,14
2024-04-29T14:20:03,15,0,0,14
2024-04-29T14:36:13,15,0,0,14
2024-04-29T14:52:23,15,0,0,14
2024-04-29T15:08:33,15,0,0,14
2024-04-29T15:24:55,15,0,0,14
2024-04-29T15:41:06,15,0,0,14
2024-04-29T15:57:16,15,0,0,14
2024-04-29T16:13:25,15,0,0,14
2024-04-29T16:29:35,15,0,0,14
2024-04-29T16:45:45,15,0,0,14
2024-04-29T17:01:55,15,0,0,14
2024-04-29T17:18:08,15,0,0,14
2024-04-29T17:34:40,15,0,0,14
2024-04-29T17:50:50,15,0,0,14
2024-04-29T18:07:00,15,0,0,14
2024-04-29T18:23:10,15,0,0,14
2024-04-29T18:39:21,15,0,0,14
2024-04-29T18:55:31,15,0,0,14
2024-04-29T19:11:42,15,0,0,14
2024-04-29T19:27:52,15,0,0,14
2024-04-29T19:44:02,15,0,0,14
2024-04-29T20:00:13,15,0,0,14
2024-04-29T20:16:44,15,0,0,14
2024-04-29T20:32:54,15,0,0,14
2024-04-29T20:49:04,15,0,0,14
2024-04-29T21:05:16,15,0,0,14
2024-04-29T21:21:27,15,0,0,14
2024-04-29T21:37:40,15,0,0,14
2024-04-29T21:53:51,15,0,0,14
2024-04-29T22:10:02,15,0,0,14
2024-04-29T22:26:14,15,0,0,14
2024-04-29T22:42:24,15,0,0,14
2024-04-29T22:58:34,15,0,0,14
2024-04-29T23:14:45,15,0,0,14
2024-04-29T23:31:06,15,0,0,14
2024-04-29T23:47:16,15,0,0,14
2024-04-30T00:03:29,15,0,0,14
2024-04-30T00:19:50,15,0,0,14
2024-04-30T00:36:07,15,0,0,14
2024-04-30T00:52:24,15,0,0,14
2024-04-30T01:08:37,15,0,0,14
2024-04-30T01:24:50,15,0,0,14
2024-04-30T01:41:02,15,0,0,14
2024-04-30T01:57:14,15,0,0,14
2024-04-30T02:13:26,15,0,0,14
2024-04-30T02:29:37,15,0,0,14
2024-04-30T02:45:48,15,0,0,14
2024-04-30T03:02:09,15,0,0,14
2024-04-30T03:18:22,15,0,0,14
2024-04-30T03:34:35,15,0,0,14
2024-04-30T03:50:52,15,0,0,14
2024-04-30T04:07:07,15,0,0,14
2024-04-30T10:11:11,15,0,0,14
2024-05-02T12:59:09,15,0,0,14
2024-05-02T13:15:19,15,0,0,14
2024-05-02T13:31:38,15,0,0,14
2024-05-02T13:47:49,15,0,0,14
2024-05-02T14:03:58,15,0,0,14
2024-05-02T14:20:11,15,0,0,14
2024-05-02T14:36:20,15,0,0,14
2024-05-02T14:52:28,15,0,0,14
2024-05-02T15:08:37,15,0,0,14
2024-05-02T15:24:59,15,0,0,14
2024-05-02T15:41:07,15,0,0,14
2024-05-02T15:57:15,15,0,0,14
2024-05-02T16:13:24,15,0,0,14
2024-05-02T16:29:32,15,0,0,14
2024-05-02T16:45:51,15,0,0,14
2024-05-02T17:01:59,15,0,0,14
2024-05-02T17:18:11,15,0,0,14
2024-05-02T17:34:22,15,0,0,14
2024-05-02T17:50:31,15,0,0,14
2024-05-02T18:06:40,15,0,0,14
2024-05-02T18:22:48,15,0,0,14
2024-05-02T18:39:06,15,0,0,14
2024-05-02T18:55:15,15,0,0,14
2024-05-02T19:11:24,15,0,0,14
2024-05-02T19:27:32,15,0,0,14
2024-05-02T19:43:41,15,0,0,14
2024-05-02T19:59:52,15,0,0,14
2024-05-02T20:16:01,15,0,0,14
2024-05-02T20:32:14,15,0,0,14
2024-05-02T20:48:22,15,0,0,14
2024-05-02T21:04:39,15,0,0,14
2024-05-02T21:20:48,15,0,0,14
2024-05-02T21:36:57,15,0,0,14
2024-05-02T21:53:06,15,0,0,14
2024-05-02T22:09:13,15,0,0,14
2024-05-02T22:25:21,15,0,0,14
2024-05-02T22:41:28,15,0,0,14
2024-05-02T22:57:36,15,0,0,14
2024-05-02T23:13:45,15,0,0,14
2024-05-02T23:30:07,15,0,0,14
2024-05-02T23:46:17,15,0,0,14
2024-05-03T00:02:28,15,0,0,14
2024-05-03T00:18:40,15,0,0,14
2024-05-03T00:34:52,15,0,0,14
2024-05-03T00:51:04,15,0,0,14
2024-05-03T01:07:17,15,0,0,14
2024-05-03T01:23:30,15,0,0,14
2024-05-03T01:39:43,15,0,0,14
2024-05-03T01:55:54,15,0,0,14
2024-05-03T02:12:24,15,0,0,14
2024-05-03T02:28:34,15,0,0,14
2024-05-03T02:44:45,15,0,0,14
2024-05-03T03:00:55,15,0,0,14
2024-05-03T03:17:05,15,0,0,14
2024-05-03T03:33:19,15,0,0,14
2024-05-03T03:49:44,15,0,0,14
2024-05-03T04:05:56,15,0,0,14
2024-05-03T04:31:21,15,0,0,14
2024-05-03T04:47:34,15,0,0,14
2024-05-03T05:03:45,15,0,0,14
2024-05-03T05:21:33,15,0,0,14
2024-05-03T05:38:09,15,0,0,14
2024-05-03T05:54:22,15,0,0,14
2024-05-03T06:10:35,15,0,0,14
2024-05-03T06:26:47,15,0,0,14
2024-05-03T06:42:59,15,0,0,14
2024-05-03T06:59:12,15,0,0,14
2024-05-03T07:15:25,15,0,0,14
2024-05-03T07:31:39,15,0,0,14
2024-05-03T07:47:50,15,0,0,14
2024-05-03T08:04:03,15,0,0,14
2024-05-03T08:20:24,15,0,0,14
2024-05-03T08:36:34,15,0,0,14
2024-05-03T08:52:44,15,0,0,14
2024-05-03T09:08:58,15,0,0,14
2024-05-03T09:25:09,15,0,0,14
2024-05-03T09:41:25,15,0,0,14
2024-05-03T09:57:37,15,0,0,14
2024-05-03T10:13:48,15,0,0,14
2024-05-03T10:30:01,15,0,0,14
2024-05-03T10:46:22,15,0,0,14
2024-05-03T11:02:33,15,0,0,14
2024-05-03T11:18:44,15,0,0,14
2024-05-03T11:35:00,15,0,0,14
2024-05-03T11:51:11,15,0,0,14
2024-05-03T12:07:21,15,0,0,14
2024-05-03T12:23:43,15,0,0,14
2024-05-03T12:39:54,15,0,0,14
2024-05-03T12:56:04,15,0,0,14
2024-05-03T13:12:14,15,0,0,14
2024-05-03T13:28:25,15,0,0,14
2024-05-03T13:44:35,15,0,0,14
2024-05-03T14:00:44,15,0,0,14
2024-05-03T14:16:55,15,0,0,14
2024-05-03T14:33:05,15,0,0,14
2024-05-03T14:49:27,15,0,0,14
2024-05-03T15:05:37,15,0,0,14
2024-05-03T15:21:48,15,0,0,14
2024-05-03T15:37:57,15,0,0,14
2024-05-03T15:54:07,15,0,0,14
2024-05-03T16:10:27,15,0,0,14
2024-05-03T16:26:38,15,0,0,14
2024-05-03T16:42:48,15,0,0,14
2024-05-03T16:58:58,15,0,0,14
2024-05-03T17:15:13,15,0,0,14
2024-05-03T17:31:24,15,0,0,14
2024-05-03T17:47:35,15,0,0,14
2024-05-03T18:03:47,15,0,0,14
2024-05-03T18:19:58,15,0,0,14
2024-05-03T18:36:09,15,0,0,14
2024-05-03T18:52:29,15,0,0,14
2024-05-03T19:08:40,15,0,0,14
2024-05-03T19:24:50,15,0,0,14
2024-05-03T19:41:00,15,0,0,14
2024-05-03T19:57:11,15,0,0,14
2024-05-03T20:13:31,15,0,0,14
2024-05-03T20:29:41,15,0,0,14
2024-05-03T20:45:53,15,0,0,14
2024-05-03T21:02:03,15,0,0,14
2024-05-03T21:18:14,15,0,0,14
2024-05-03T21:34:35,15,0,0,14
2024-05-03T21:50:46,15,0,0,14
2024-05-03T22:06:57,15,0,0,14
2024-05-03T22:23:07,15,0,0,14
2024-05-03T22:39:18,15,0,0,14
2024-05-03T22:55:28,15,0,0,14
2024-05-03T23:11:40,15,0,0,14
2024-05-03T23:27:53,15,0,0,14
2024-05-03T23:44:09,15,0,0,14
2024-05-04T00:00:21,15,0,0,14
2024-05-04T00:16:35,15,0,0,14
2024-05-04T00:32:57,15,0,0,14
2024-05-04T00:49:24,15,0,0,14
2024-05-04T01:05:36,15,0,0,14
2024-05-04T01:21:48,15,0,0,14
2024-05-04T01:38:00,15,0,0,14
2024-05-04T01:54:11,15,0,0,14
2024-05-04T02:10:30,15,0,0,14
2024-05-04T02:26:40,15,0,0,14
2024-05-04T02:42:50,15,0,0,14
2024-05-04T02:59:01,15,0,0,14
2024-05-04T03:15:19,15,0,0,14
2024-05-04T03:31:34,15,0,0,14
2024-05-04T03:47:48,15,0,0,14
2024-05-04T04:04:00,15,0,0,14
2024-05-04T04:30:00,15,0,0,14
2024-05-04T04:47:43,15,0,0,14
2024-05-04T05:03:59,15,0,0,14
2024-05-04T05:20:14,15,0,0,14
2024-05-04T05:36:28,15,0,0,14
2024-05-04T05:52:42,15,0,0,14
2024-05-04T06:08:54,15,0,0,14
2024-05-04T06:25:09,15,0,0,14
2024-05-04T06:41:22,15,0,0,14
2024-05-04T06:57:51,15,0,0,14
2024-05-04T07:14:05,15,0,0,14
2024-05-04T07:30:17,15,0,0,14
2024-05-04T07:46:29,15,0,0,14
2024-05-04T08:02:41,15,0,0,14
2024-05-04T08:18:52,15,0,0,14
2024-05-04T08:35:03,15,0,0,14
2024-05-04T08:51:14,15,0,0,14
2024-05-04T09:07:27,15,0,0,14
2024-05-04T09:23:38,15,0,0,14
2024-05-04T09:39:50,15,0,0,14
2024-05-04T09:56:02,15,0,0,14
2024-05-04T10:12:34,15,0,0,14
2024-05-04T10:28:47,15,0,0,14
2024-05-04T10:44:59,15,0,0,14
2024-05-04T11:01:10,15,0,0,14
2024-05-04T11:17:21,15,0,0,14
2024-05-04T11:33:31,15,0,0,14
2024-05-04T11:49:42,15,0,0,14
2024-05-04T12:05:51,15,0,0,14
2024-05-04T12:22:02,15,0,0,14
2024-05-04T12:38:12,15,0,0,14
2024-05-04T12:54:41,15,0,0,14
2024-05-04T13:10:51,15,0,0,14
2024-05-04T13:27:01,15,0,0,14
2024-05-04T13:43:11,15,0,0,14
2024-05-04T13:59:23,15,0,0,14
2024-05-04T14:15:32,15,0,0,14
2024-05-04T14:31:42,15,0,0,14
2024-05-04T14:47:52,15,0,0,14
2024-05-04T15:04:02,15,0,0,14
2024-05-04T15:20:12,15,0,0,14
2024-05-04T15:36:23,15,0,0,14
2024-05-04T15:52:43,15,0,0,14
2024-05-04T16:08:56,15,0,0,14
2024-05-04T16:25:06,15,0,0,14
2024-05-04T16:41:16,15,0,0,14
2024-05-04T16:57:28,15,0,0,14
2024-05-04T17:13:41,15,0,0,14
2024-05-04T17:29:51,15,0,0,14
2024-05-04T17:46:01,15,0,0,14
2024-05-04T18:02:11,15,0,0,14
2024-05-04T18:18:21,15,0,0,14
2024-05-04T18:34:32,15,0,0,14
2024-05-04T18:50:42,15,0,0,14
2024-05-04T19:07:09,15,0,0,14
2024-05-04T19:23:19,15,0,0,14
2024-05-04T19:39:29,15,0,0,14
2024-05-04T19:55:39,15,0,0,14
2024-05-04T20:11:50,15,0,0,14
2024-05-04T20:27:59,15,0,0,14
2024-05-04T20:44:10,15,0,0,14
2024-05-04T21:00:20,15,0,0,14
2024-05-04T21:16:33,15,0,0,14
2024-05-04T21:32:43,15,0,0,14
2024-05-04T21:48:54,15,0,0,14
2024-05-04T22:05:14,15,0,0,14
2024-05-04T22:21:24,15,0,0,14
2024-05-04T22:37:37,15,0,0,14
2024-05-04T22:53:47,15,0,0,14
2024-05-04T23:09:59,15,0,0,14
2024-05-04T23:26:09,15,0,0,14
2024-05-04T23:42:19,15,0,0,14
2024-05-04T23:58:29,15,0,0,14
2024-05-05T00:14:46,15,0,0,14
2024-05-05T00:31:03,15,0,0,14
2024-05-05T00:47:18,15,0,0,14
2024-05-05T01:03:29,15,0,0,14
2024-05-05T01:20:01,15,0,0,14
2024-05-05T01:36:16,15,0,0,14
2024-05-05T01:52:30,15,0,0,14
2024-05-05T02:08:43,15,0,0,14
2024-05-05T02:24:57,15,0,0,14
2024-05-05T02:41:37,15,0,0,14
2024-05-05T02:57:51,15,0,0,14
2024-05-05T03:14:06,15,0,0,14
2024-05-05T03:30:21,15,0,0,14
2024-05-05T03:46:33,15,0,0,14
2024-05-05T04:02:45,15,0,0,14
2024-05-05T04:27:23,15,0,0,14
2024-05-05T04:43:39,15,0,0,14
2024-05-05T04:59:53,15,0,0,14
2024-05-05T05:16:08,15,0,0,14
2024-05-05T05:32:21,15,0,0,14
2024-05-05T05:48:35,15,0,0,14
2024-05-05T06:04:47,15,0,0,14
2024-05-05T06:21:01,15,0,0,14
2024-05-05T06:37:11,15,0,0,14
2024-05-05T06:53:22,15,0,0,14
2024-05-05T07:09:32,15,0,0,14
2024-05-05T07:25:48,15,0,0,14
2024-05-05T07:42:02,15,0,0,14
2024-05-05T07:58:16,15,0,0,14
2024-05-05T08:14:35,15,0,0,14
2024-05-05T08:30:48,15,0,0,14
2024-05-05T08:47:02,15,0,0,14
2024-05-05T09:03:17,15,0,0,14
2024-05-05T09:19:33,15,0,0,14
2024-05-05T09:35:47,15,0,0,14
2024-05-05T09:51:59,15,0,0,14
2024-05-05T10:08:13,15,0,0,14
2024-05-05T10:24:26,15,0,0,14
2024-05-05T10:40:37,15,0,0,14
2024-05-05T10:56:48,15,0,0,14
2024-05-05T11:12:59,15,0,0,14
2024-05-05T11:29:09,15,0,0,14
2024-05-05T11:45:20,15,0,0,14
2024-05-05T12:01:41,15,0,0,14
2024-05-05T12:17:52,15,0,0,14
2024-05-05T12:34:03,15,0,0,14
2024-05-05T12:50:13,15,0,0,14
2024-05-05T13:06:24,15,0,0,14
2024-05-05T13:22:36,15,0,0,14
2024-05-05T13:38:47,15,0,0,14
2024-05-05T13:55:01,15,0,0,14
2024-05-05T14:11:13,15,0,0,14
2024-05-05T14:27:36,15,0,0,14
2024-05-05T14:43:48,15,0,0,14
2024-05-05T15:00:00,15,0,0,14
2024-05-05T15:16:13,15,0,0,14
2024-05-05T15:32:24,15,0,0,14
2024-05-05T15:48:34,15,0,0,14
2024-05-05T16:04:45,15,0,0,14
2024-05-05T16:20:57,15,0,0,14
2024-05-05T16:37:18,15,0,0,14
2024-05-05T16:53:28,15,0,0,14
2024-05-05T17:09:38,15,0,0,14
2024-05-05T17:25:49,15,0,0,14
2024-05-05T17:41:59,15,0,0,14
2024-05-05T17:58:11,15,0,0,14
2024-05-05T18:14:22,15,0,0,14
2024-05-05T18:30:35,15,0,0,14
2024-05-05T18:46:47,15,0,0,14
2024-05-05T19:03:01,15,0,0,14
2024-05-05T19:19:26,15,0,0,14
2024-05-05T19:35:38,15,0,0,14
2024-05-05T19:51:50,15,0,0,14
2024-05-05T20:08:02,15,0,0,14
2024-05-05T20:24:12,15,0,0,14
2024-05-05T20:40:22,15,0,0,14
2024-05-05T20:56:33,15,0,0,14
2024-05-05T21:12:45,15,0,0,14
2024-05-05T21:28:59,15,0,0,14
2024-05-05T21:45:12,15,0,0,14
2024-05-05T22:01:24,15,0,0,14
2024-05-05T22:17:45,15,0,0,14
2024-05-05T22:33:56,15,0,0,14
2024-05-05T22:50:07,15,0,0,14
2024-05-05T23:06:20,15,0,0,14
2024-05-05T23:22:31,15,0,0,14
2024-05-05T23:38:45,15,0,0,14
2024-05-05T23:54:58,15,0,0,14
2024-05-06T00:11:11,15,0,0,14
2024-05-06T00:27:27,15,0,0,14
2024-05-06T00:43:46,15,0,0,14
2024-05-06T01:00:02,15,0,0,14
2024-05-06T01:16:14,15,0,0,14
2024-05-06T01:32:52,15,0,0,14
2024-05-06T01:49:06,15,0,0,14
2024-05-06T02:05:19,15,0,0,14
2024-05-06T02:21:39,15,0,0,14
2024-05-06T02:37:52,15,0,0,14
2024-05-06T02:54:03,15,0,0,14
2024-05-06T03:10:21,15,0,0,14
2024-05-06T03:26:40,15,0,0,14
2024-05-06T03:42:53,15,0,0,14
2024-05-06T03:59:07,15,0,0,14
2024-05-06T04:38:57,15,0,0,14
2024-05-06T04:56:35,15,0,0,14
2024-05-06T05:12:55,15,0,0,14
2024-05-06T05:29:12,15,0,0,14
2024-05-06T05:45:25,15,0,0,14
2024-05-06T06:01:39,15,0,0,14
2024-05-06T06:17:52,15,0,0,14
2024-05-06T06:34:04,15,0,0,14
2024-05-06T06:50:17,15,0,0,14
2024-05-06T07:06:34,15,0,0,14
2024-05-06T07:22:45,15,0,0,14
2024-05-06T07:38:55,15,0,0,14
2024-05-06T07:55:06,15,0,0,14
2024-05-06T08:11:32,15,0,0,14
2024-05-06T08:27:43,15,0,0,14
2024-05-06T08:43:57,15,0,0,14
2024-05-06T09:00:09,15,0,0,14
2024-05-06T09:16:21,15,0,0,14
2024-05-06T09:32:36,15,0,0,14
2024-05-06T09:48:48,15,0,0,14
2024-05-06T10:04:59,15,0,0,14
2024-05-06T10:21:11,15,0,0,14
2024-05-06T10:37:21,15,0,0,14
2024-05-06T10:53:32,15,0,0,14
2024-05-06T11:09:53,15,0,0,14
2024-05-06T11:26:03,15,0,0,14
2024-05-06T11:42:14,15,0,0,14
2024-05-06T11:58:25,15,0,0,14
2024-05-06T12:14:39,15,0,0,14
2024-05-06T12:30:50,15,0,0,14
2024-05-06T12:47:03,15,0,0,14
2024-05-06T13:03:23,15,0,0,14
2024-05-06T13:19:34,15,0,0,14
2024-05-06T13:35:44,15,0,0,14
2024-05-06T13:51:59,15,0,0,14
2024-05-06T14:08:15,15,0,0,14
2024-05-06T14:24:26,15,0,0,14
2024-05-06T14:40:38,15,0,0,14
2024-05-06T14:56:48,15,0,0,14
2024-05-06T15:12:59,15,0,0,14
2024-05-06T15:29:24,15,0,0,14
2024-05-06T15:45:36,15,0,0,14
2024-05-06T16:01:48,15,0,0,14
2024-05-06T16:18:01,15,0,0,14
2024-05-06T16:34:11,15,0,0,14
2024-05-06T16:50:22,15,0,0,14
2024-05-06T17:06:34,15,0,0,14
2024-05-06T17:22:56,15,0,0,14
2024-05-06T17:39:08,15,0,0,14
2024-05-06T17:55:19,15,0,0,14
2024-05-06T18:11:31,15,0,0,14
2024-05-06T18:27:42,15,0,0,14
2024-05-06T18:43:53,15,0,0,14
2024-05-06T19:00:04,15,0,0,14
2024-05-06T19:16:14,15,0,0,14
2024-05-06T19:32:27,15,0,0,14
2024-05-06T19:48:46,15,0,0,14
2024-05-06T20:04:56,15,0,0,14
2024-05-06T20:21:07,15,0,0,14
2024-05-06T20:37:19,15,0,0,14
2024-05-06T20:53:28,15,0,0,14
2024-05-06T21:09:39,15,0,0,14
2024-05-06T21:25:50,15,0,0,14
2024-05-06T21:42:02,15,0,0,14
2024-05-06T21:58:13,15,0,0,14
2024-05-06T22:14:24,15,0,0,14
2024-05-06T22:30:44,15,0,0,14
2024-05-06T22:46:55,15,0,0,14
2024-05-06T23:03:07,15,0,0,14
2024-05-06T23:19:19,15,0,0,14
2024-05-06T23:35:30,15,0,0,14
2024-05-06T23:51:41,15,0,0,14
2024-05-07T00:07:55,15,0,0,14
2024-05-07T00:24:11,15,0,0,14
2024-05-07T00:40:28,15,0,0,14
2024-05-07T00:56:44,15,0,0,14
2024-05-07T01:12:57,15,0,0,14
2024-05-07T01:29:10,15,0,0,14
2024-05-07T01:45:33,15,0,0,14
2024-05-07T02:01:44,15,0,0,14
2024-05-07T02:17:55,15,0,0,14
2024-05-07T02:34:07,15,0,0,14
2024-05-07T02:50:18,15,0,0,14
2024-05-07T03:06:37,15,0,0,14
2024-05-07T03:22:49,15,0,0,14
2024-05-07T03:39:01,15,0,0,14
2024-05-07T03:55:15,15,0,0,14
2024-05-07T04:27:00,15,0,0,14
2024-05-07T04:44:45,15,0,0,14
2024-05-07T05:00:58,15,0,0,14
2024-05-07T05:17:22,15,0,0,14
2024-05-07T05:33:35,15,0,0,14
2024-05-07T05:49:49,15,0,0,14
2024-05-07T06:06:03,15,0,0,14
2024-05-07T06:22:17,15,0,0,14
2024-05-07T06:38:29,15,0,0,14
2024-05-07T06:54:41,15,0,0,14
2024-05-07T07:10:56,15,0,0,14
2024-05-07T07:27:08,15,0,0,14
2024-05-07T07:43:21,15,0,0,14
2024-05-07T07:59:34,15,0,0,14
2024-05-07T08:15:46,15,0,0,14
2024-05-07T08:31:58,15,0,0,14
2024-05-07T08:48:18,15,0,0,14
2024-05-07T09:04:30,15,0,0,14
2024-05-07T09:20:42,15,0,0,14
2024-05-07T09:36:55,15,0,0,14
2024-05-07T09:53:07,15,0,0,14
2024-05-07T10:09:19,15,0,0,14
2024-05-07T10:25:32,15,0,0,14
2024-05-07T10:41:44,15,0,0,14
2024-05-07T10:57:56,15,0,0,14
2024-05-07T11:14:13,15,0,0,14
2024-05-07T11:30:36,15,0,0,14
2024-05-07T11:46:47,15,0,0,14
2024-05-07T12:02:59,15,0,0,14
2024-05-07T12:19:12,15,0,0,14
2024-05-07T12:35:23,15,0,0,14
2024-05-07T12:51:33,15,0,0,14
2024-05-07T13:07:54,15,0,0,14
2024-05-07T13:24:05,15,0,0,14
2024-05-07T13:40:15,15,0,0,14
2024-05-07T13:56:27,15,0,0,14
2024-05-07T14:12:37,15,0,0,14
2024-05-07T14:28:47,15,0,0,14
2024-05-07T14:44:57,15,0,0,14
2024-05-07T15:01:08,15,0,0,14
2024-05-07T15:17:29,15,0,0,14
2024-05-07T15:33:39,15,0,0,14
2024-05-07T15:49:50,15,0,0,14
2024-05-07T16:06:00,15,0,0,14
2024-05-07T16:22:11,15,0,0,14
2024-05-07T16:38:21,15,0,0,14
2024-05-07T16:54:42,15,0,0,14
2024-05-07T17:10:53,15,0,0,14
2024-05-07T17:27:05,15,0,0,14
2024-05-07T17:43:17,15,0,0,14
2024-05-07T17:59:27,15,0,0,14
2024-05-07T18:15:38,15,0,0,14
2024-05-07T18:31:50,15,0,0,14
2024-05-07T18:48:00,15,0,0,14
2024-05-07T19:04:11,15,0,0,14
2024-05-07T19:20:31,15,0,0,14
2024-05-07T19:36:41,15,0,0,14
2024-05-07T19:52:52,15,0,0,14
2024-05-07T20:09:09,15,0,0,14
2024-05-07T20:25:19,15,0,0,14
2024-05-07T20:41:30,15,0,0,14
2024-05-07T20:57:40,15,0,0,14
2024-05-07T21:13:51,15,0,0,14
2024-05-07T21:30:03,15,0,0,14
2024-05-07T21:46:14,15,0,0,14
2024-05-07T22:02:34,15,0,0,14
2024-05-07T22:18:44,15,0,0,14
2024-05-07T22:34:55,15,0,0,14
2024-05-07T22:51:06,15,0,0,14
2024-05-07T23:07:17,15,0,0,14
2024-05-07T23:23:29,15,0,0,14
2024-05-07T23:39:40,15,0,0,14
2024-05-07T23:55:52,15,0,0,14
2024-05-08T00:12:09,15,0,0,14
2024-05-08T00:28:25,15,0,0,14
2024-05-08T00:44:42,15,0,0,14
2024-05-08T01:01:00,15,0,0,14
2024-05-08T01:17:15,15,0,0,14
2024-05-08T01:33:30,15,0,0,14
2024-05-08T01:49:51,15,0,0,14
2024-05-08T02:06:04,15,0,0,14
2024-05-08T02:22:14,15,0,0,14
2024-05-08T02:38:25,15,0,0,14
2024-05-08T02:54:35,15,0,0,14
2024-05-08T03:10:46,15,0,0,14
2024-05-08T03:26:56,15,0,0,14
2024-05-08T03:43:06,15,0,0,14
2024-05-08T03:59:16,15,0,0,14
2024-05-08T04:28:22,15,0,0,14
2024-05-08T04:44:33,15,0,0,14
2024-05-08T05:00:45,15,0,0,14
2024-05-08T05:17:05,15,0,0,14
2024-05-08T05:33:21,15,0,0,14
2024-05-08T05:49:36,15,0,0,14
2024-05-08T06:05:49,15,0,0,14
2024-05-08T06:22:00,15,0,0,14
2024-05-08T06:38:12,15,0,0,14
2024-05-08T06:54:23,15,0,0,14
2024-05-08T07:10:37,15,0,0,14
2024-05-08T07:26:54,15,0,0,14
2024-05-08T07:43:07,15,0,0,14
2024-05-08T07:59:19,15,0,0,14
2024-05-08T08:15:32,15,0,0,14
2024-05-08T08:31:46,15,0,0,14
2024-05-08T09:32:26,15,0,0,14
2024-05-08T09:48:38,15,0,0,14
2024-05-08T10:04:50,15,0,0,14
2024-05-08T10:21:01,15,0,0,14
2024-05-08T10:37:11,15,0,0,14
2024-05-08T10:53:22,15,0,0,14
2024-05-08T11:09:31,15,0,0,14
2024-05-08T11:25:43,15,0,0,14
2024-05-08T11:41:58,15,0,0,14
2024-05-08T11:58:21,15,0,0,14
2024-05-08T12:14:29,15,0,0,14
2024-05-08T12:30:37,15,0,0,14
2024-05-08T12:46:46,15,0,0,14
2024-05-08T13:02:56,15,0,0,14
2024-05-08T13:19:06,15,0,0,14
2024-05-08T13:35:20,15,0,0,14
2024-05-08T13:51:39,15,0,0,14
2024-05-08T14:07:48,15,0,0,14
2024-05-08T14:23:57,15,0,0,14
2024-05-08T14:40:05,15,0,0,14
2024-05-08T14:56:15,15,0,0,14
2024-05-08T15:12:27,15,0,0,14
2024-05-08T15:28:39,15,0,0,14
2024-05-08T15:44:58,15,0,0,14
2024-05-08T16:01:09,15,0,0,14
2024-05-08T16:17:18,15,0,0,14
2024-05-08T16:33:28,15,0,0,14
2024-05-08T16:49:39,15,0,0,14
2024-05-08T17:05:50,15,0,0,14
2024-05-08T17:22:02,15,0,0,14
2024-05-08T17:38:12,15,0,0,14
2024-05-08T17:54:33,15,0,0,14
2024-05-08T18:10:43,15,0,0,14
2024-05-08T18:26:52,15,0,0,14
2024-05-08T18:43:03,15,0,0,14
2024-05-08T18:59:14,15,0,0,14
2024-05-08T19:15:24,15,0,0,14
2024-05-08T19:31:35,15,0,0,14
2024-05-08T19:47:44,15,0,0,14
2024-05-08T20:04:02,15,0,0,14
2024-05-08T20:20:12,15,0,0,14
2024-05-08T20:36:31,15,0,0,14
2024-05-08T20:52:40,15,0,0,14
2024-05-08T21:08:49,15,0,0,14
2024-05-08T21:25:02,15,0,0,14
2024-05-08T21:41:17,15,0,0,14
2024-05-08T21:57:26,15,0,0,14
2024-05-08T22:13:34,15,0,0,14
2024-05-08T22:29:41,15,0,0,14
2024-05-08T22:45:46,15,0,0,14
2024-05-08T23:01:53,15,0,0,14
2024-05-08T23:18:01,15,0,0,14
2024-05-08T23:34:16,15,0,0,14
2024-05-08T23:50:22,15,0,0,14
2024-05-09T00:06:33,15,0,0,14
2024-05-09T00:22:45,15,0,0,14
2024-05-09T00:38:57,15,0,0,14
2024-05-09T00:55:15,15,0,0,14
2024-05-09T01:11:29,15,0,0,14
2024-05-09T01:27:43,15,0,0,14
2024-05-09T01:44:02,15,0,0,14
2024-05-09T02:00:15,15,0,0,14
2024-05-09T02:16:28,15,0,0,14
2024-05-09T02:32:40,15,0,0,14
2024-05-09T02:48:52,15,0,0,14
2024-05-09T03:05:15,15,0,0,14
2024-05-09T03:21:26,15,0,0,14
2024-05-09T03:37:38,15,0,0,14
2024-05-09T03:53:49,15,0,0,14
2024-05-09T04:10:03,15,0,0,14
2024-05-09T04:35:09,15,0,0,14
2024-05-09T04:51:24,15,0,0,14
2024-05-09T05:07:38,15,0,0,14
2024-05-09T05:24:01,15,0,0,14
2024-05-09T05:40:16,15,0,0,14
2024-05-09T05:56:30,15,0,0,14
2024-05-09T06:12:43,15,0,0,14
2024-05-09T06:28:59,15,0,0,14
2024-05-09T06:45:13,15,0,0,14
2024-05-09T07:01:29,15,0,0,14
2024-05-09T07:17:47,15,0,0,14
2024-05-09T07:34:00,15,0,0,14
2024-05-09T07:50:13,15,0,0,14
2024-05-09T08:06:26,15,0,0,14
2024-05-09T08:22:40,15,0,0,14
2024-05-09T08:38:54,15,0,0,14
2024-05-09T08:55:17,15,0,0,14
2024-05-09T09:11:32,15,0,0,14
2024-05-09T09:27:44,15,0,0,14
2024-05-09T09:43:55,15,0,0,14
2024-05-09T10:00:09,15,0,0,14
2024-05-09T10:16:22,15,0,0,14
2024-05-09T10:32:34,15,0,0,14
2024-05-09T10:48:46,15,0,0,14
2024-05-09T11:04:58,15,0,0,14
2024-05-09T11:21:10,15,0,0,14
2024-05-09T11:37:33,15,0,0,14
2024-05-09T11:53:45,15,0,0,14
2024-05-09T12:09:59,15,0,0,14
2024-05-09T12:26:13,15,0,0,14
2024-05-09T12:42:25,15,0,0,14
2024-05-09T12:58:37,15,0,0,14
2024-05-09T13:14:49,15,0,0,14
2024-05-09T13:31:12,15,0,0,14
2024-05-09T13:47:24,15,0,0,14
2024-05-09T14:03:36,15,0,0,14
2024-05-09T14:19:49,15,0,0,14
2024-05-09T14:40:41,15,0,0,14
2024-05-09T14:56:54,15,0,0,14
2024-05-09T15:13:10,15,0,0,14
2024-05-09T15:29:35,15,0,0,14
2024-05-09T15:45:47,15,0,0,14
2024-05-09T16:01:59,15,0,0,14
2024-05-09T16:26:54,15,0,0,14
2024-05-09T16:43:04,15,0,0,14
2024-05-09T16:59:14,15,0,0,14
2024-05-09T17:15:47,15,0,0,14
2024-05-09T17:47:07,15,0,0,14
2024-05-09T18:03:19,15,0,0,14
2024-05-09T18:19:31,15,0,0,14
2024-05-09T18:35:44,15,0,0,14
2024-05-09T18:51:56,15,0,0,14
2024-05-09T19:08:08,15,0,0,14
2024-05-09T19:24:21,15,0,0,14
2024-05-09T19:40:33,15,0,0,14
2024-05-09T19:56:46,15,0,0,14
2024-05-09T20:13:16,15,0,0,14
2024-05-09T20:29:28,15,0,0,14
2024-05-09T20:45:39,15,0,0,14
2024-05-09T21:01:51,15,0,0,14
2024-05-09T21:18:02,15,0,0,14
2024-05-09T21:34:14,15,0,0,14
2024-05-09T21:50:26,15,0,0,14
2024-05-09T22:06:39,15,0,0,14
2024-05-09T22:22:51,15,0,0,14
2024-05-09T22:39:04,15,0,0,14
2024-05-09T22:55:35,15,0,0,14
2024-05-09T23:11:48,15,0,0,14
2024-05-09T23:28:00,15,0,0,14
2024-05-09T23:44:12,15,0,0,14
2024-05-10T00:00:26,15,0,0,14
2024-05-10T00:16:43,15,0,0,14
2024-05-10T00:33:07,15,0,0,14
2024-05-10T00:49:28,15,0,0,14
2024-05-10T01:05:43,15,0,0,14
2024-05-10T01:21:56,15,0,0,14
2024-05-10T01:38:09,15,0,0,14
2024-05-10T01:54:24,15,0,0,14
2024-05-10T02:10:40,15,0,0,14
2024-05-10T02:26:53,15,0,0,14
2024-05-10T02:43:08,15,0,0,14
2024-05-10T02:59:21,15,0,0,14
2024-05-10T03:15:35,15,0,0,14
2024-05-10T03:31:49,15,0,0,14
2024-05-10T03:48:09,15,0,0,14
2024-05-10T04:04:26,15,0,0,14
2024-05-10T04:24:56,15,0,0,14
2024-05-10T04:42:27,15,0,0,14
2024-05-10T04:59:02,15,0,0,14
2024-05-10T05:15:22,15,0,0,14
2024-05-10T05:31:37,15,0,0,14
2024-05-10T05:47:51,15,0,0,14
2024-05-10T06:04:04,15,0,0,14
2024-05-10T06:20:19,15,0,0,14
2024-05-10T06:36:32,15,0,0,14
2024-05-10T06:52:44,15,0,0,14
2024-05-10T07:08:57,15,0,0,14
2024-05-10T07:25:10,15,0,0,14
2024-05-10T07:41:23,15,0,0,14
2024-05-10T07:57:33,15,0,0,14
2024-05-10T08:13:44,15,0,0,14
2024-05-10T08:29:58,15,0,0,14
2024-05-10T08:46:09,15,0,0,14
2024-05-10T09:02:28,15,0,0,14
2024-05-10T09:18:39,15,0,0,14
2024-05-10T09:34:50,15,0,0,14
2024-05-10T09:51:02,15,0,0,14
2024-05-10T10:07:15,15,0,0,14
2024-05-10T10:23:26,15,0,0,14
2024-05-10T10:39:38,15,0,0,14
2024-05-10T10:55:49,15,0,0,14
2024-05-10T11:12:00,15,0,0,14
2024-05-10T11:28:12,15,0,0,14
2024-05-10T11:44:24,15,0,0,14
2024-05-10T12:00:48,15,0,0,14
2024-05-10T12:17:00,15,0,0,14
2024-05-10T12:33:12,15,0,0,14
2024-05-10T12:49:24,15,0,0,14
2024-05-10T13:05:34,15,0,0,14
2024-05-10T13:21:46,15,0,0,14
2024-05-10T13:37:58,15,0,0,14
2024-05-10T13:54:10,15,0,0,14
2024-05-10T14:10:31,15,0,0,14
2024-05-10T14:26:43,15,0,0,14
2024-05-10T14:42:53,15,0,0,14
2024-05-10T14:59:04,15,0,0,14
2024-05-10T15:15:18,15,0,0,14
2024-05-10T15:31:29,15,0,0,14
2024-05-10T15:47:40,15,0,0,14
2024-05-10T16:03:51,15,0,0,14
2024-05-10T16:20:15,15,0,0,14
2024-05-10T16:36:27,15,0,0,14
2024-05-10T16:52:37,15,0,0,14
2024-05-10T17:08:49,15,0,0,14
2024-05-10T17:25:02,15,0,0,14
2024-05-10T17:41:12,15,0,0,14
2024-05-10T17:57:23,15,0,0,14
2024-05-10T18:13:35,15,0,0,14
2024-05-10T18:29:46,15,0,0,14
2024-05-10T18:45:57,15,0,0,14
2024-05-10T19:02:09,15,0,0,14
2024-05-10T19:18:20,15,0,0,14
2024-05-10T19:34:31,15,0,0,14
2024-05-10T19:50:54,15,0,0,14
2024-05-10T20:07:06,15,0,0,14
2024-05-10T20:23:18,15,0,0,14
2024-05-10T20:39:31,15,0,0,14
2024-05-10T20:55:42,15,0,0,14
2024-05-10T21:11:55,15,0,0,14
2024-05-10T21:28:07,15,0,0,14
2024-05-10T21:44:21,15,0,0,14
2024-05-10T22:00:37,15,0,0,14
2024-05-10T22:16:50,15,0,0,14
2024-05-10T22:33:01,15,0,0,14
2024-05-10T22:49:11,15,0,0,14
2024-05-10T23:05:36,15,0,0,14
2024-05-10T23:21:48,15,0,0,14
2024-05-10T23:38:01,15,0,0,14
2024-05-10T23:54:13,15,0,0,14
2024-05-11T00:10:26,15,0,0,14
2024-05-11T00:26:48,15,0,0,14
2024-05-11T00:43:05,15,0,0,14
2024-05-11T00:59:21,15,0,0,14
2024-05-11T01:15:36,15,0,0,14
2024-05-11T01:31:50,15,0,0,14
2024-05-11T01:48:09,15,0,0,14
2024-05-11T02:04:24,15,0,0,14
2024-05-11T02:20:37,15,0,0,14
2024-05-11T02:36:50,15,0,0,14
2024-05-11T02:53:01,15,0,0,14
2024-05-11T03:09:14,15,0,0,14
2024-05-11T03:25:27,15,0,0,14
2024-05-11T03:41:40,15,0,0,14
2024-05-11T03:58:02,15,0,0,14
2024-05-11T04:14:14,15,0,0,14
2024-05-11T11:57:40,15,0,0,14
2024-05-11T12:13:55,15,0,0,14
2024-05-11T12:30:16,15,0,0,14
2024-05-11T12:46:27,15,0,0,14
2024-05-11T13:02:38,15,0,0,14
2024-05-11T13:18:49,15,0,0,14
2024-05-11T13:35:00,15,0,0,14
2024-05-11T13:51:11,15,0,0,14
2024-05-11T14:07:22,15,0,0,14
2024-05-11T14:24:07,15,0,0,14
2024-05-11T14:40:39,15,0,0,14
2024-05-11T14:56:49,15,0,0,14
2024-05-11T15:13:01,15,0,0,14
2024-05-11T15:29:12,15,0,0,14
2024-05-11T15:45:24,15,0,0,14
2024-05-11T16:01:45,15,0,0,14
2024-05-11T16:17:56,15,0,0,14
2024-05-11T16:34:07,15,0,0,14
2024-05-11T16:50:19,15,0,0,14
2024-05-11T17:06:30,15,0,0,14
2024-05-11T17:22:42,15,0,0,14
2024-05-11T17:38:53,15,0,0,14
2024-05-11T17:55:04,15,0,0,14
2024-05-11T18:11:15,15,0,0,14
2024-05-11T18:27:26,15,0,0,14
2024-05-11T18:43:36,15,0,0,14
2024-05-11T18:59:47,15,0,0,14
2024-05-11T19:15:59,15,0,0,14
2024-05-11T19:32:10,15,0,0,14
2024-05-11T19:48:22,15,0,0,14
2024-05-11T20:04:43,15,0,0,14
2024-05-11T20:20:54,15,0,0,14
2024-05-11T20:37:05,15,0,0,14
2024-05-11T20:53:16,15,0,0,14
2024-05-11T21:09:27,15,0,0,14
2024-05-11T21:25:38,15,0,0,14
2024-05-11T21:41:49,15,0,0,14
2024-05-11T21:58:00,15,0,0,14
2024-05-11T22:14:10,15,0,0,14
2024-05-11T22:30:21,15,0,0,14
2024-05-11T22:46:32,15,0,0,14
2024-05-11T23:02:43,15,0,0,14
2024-05-11T23:18:54,15,0,0,14
2024-05-11T23:35:06,15,0,0,14
2024-05-11T23:51:20,15,0,0,14
2024-05-12T05:14:08,15,0,0,14
2024-05-12T05:30:28,15,0,0,14
2024-05-12T05:46:43,15,0,0,14
2024-05-12T06:02:58,15,0,0,14
2024-05-12T06:19:14,15,0,0,14
2024-05-12T06:35:23,15,0,0,14
2024-05-12T06:52:02,15,0,0,14
2024-05-12T07:08:13,15,0,0,14
2024-05-12T07:24:25,15,0,0,14
2024-05-12T07:40:35,15,0,0,14
2024-05-12T07:56:45,15,0,0,14
2024-05-12T08:12:55,15,0,0,14
2024-05-12T08:29:04,15,0,0,14
2024-05-12T08:45:14,15,0,0,14
2024-05-12T09:01:25,15,0,0,14
2024-05-12T09:17:35,15,0,0,14
2024-05-12T09:33:55,15,0,0,14
2024-05-12T09:50:04,15,0,0,14
2024-05-12T10:06:17,15,0,0,14
2024-05-12T10:22:30,15,0,0,14
2024-05-12T10:38:43,15,0,0,14
2024-05-12T10:54:56,15,0,0,14
2024-05-12T11:11:10,15,0,0,14
2024-05-12T11:27:24,15,0,0,14
2024-05-12T11:43:36,15,0,0,14
2024-05-12T11:59:45,15,0,0,14
2024-05-12T12:15:56,15,0,0,14
2024-05-12T12:32:06,15,0,0,14
2024-05-12T12:48:17,15,0,0,14
2024-05-12T13:04:27,15,0,0,14
2024-05-12T13:20:37,15,0,0,14
2024-05-12T13:36:46,15,0,0,14
2024-05-12T13:52:56,15,0,0,14
2024-05-12T14:09:06,15,0,0,14
2024-05-12T14:25:26,15,0,0,14
2024-05-12T14:41:35,15,0,0,14
2024-05-12T14:57:44,15,0,0,14
2024-05-12T15:13:54,15,0,0,14
2024-05-12T15:30:04,15,0,0,14
2024-05-12T15:46:13,15,0,0,14
2024-05-12T16:02:22,15,0,0,14
2024-05-12T16:18:32,15,0,0,14
2024-05-12T16:34:43,15,0,0,14
2024-05-12T16:50:52,15,0,0,14
2024-05-12T17:07:02,15,0,0,14
2024-05-12T17:23:13,15,0,0,14
2024-05-12T17:39:23,15,0,0,14
2024-05-12T17:55:34,15,0,0,14
2024-05-12T18:11:54,15,0,0,14
2024-05-12T18:28:05,15,0,0,14
2024-05-12T18:44:16,15,0,0,14
2024-05-12T19:00:26,15,0,0,14
2024-05-12T19:16:40,15,0,0,14
2024-05-12T19:32:52,15,0,0,14
2024-05-12T19:49:05,15,0,0,14
2024-05-12T20:05:16,15,0,0,14
2024-05-12T20:21:25,15,0,0,14
2024-05-12T20:37:37,15,0,0,14
2024-05-12T20:53:47,15,0,0,14
2024-05-12T21:09:58,15,0,0,14
2024-05-12T21:26:10,15,0,0,14
2024-05-12T21:42:31,15,0,0,14
2024-05-12T21:58:52,15,0,0,14
2024-05-12T22:15:02,15,0,0,14
2024-05-12T22:31:11,15,0,0,14
2024-05-12T22:47:20,15,0,0,14
2024-05-12T23:03:29,15,0,0,14
2024-05-12T23:19:40,15,0,0,14
2024-05-12T23:35:51,15,0,0,14
2024-05-12T23:52:01,15,0,0,14
2024-05-13T00:08:14,15,0,0,14
2024-05-13T00:24:30,15,0,0,14
2024-05-13T00:40:52,15,0,0,14
2024-05-13T00:57:20,15,0,0,14
2024-05-13T01:13:31,15,0,0,14
2024-05-13T01:30:18,15,0,0,14
2024-05-13T01:46:35,15,0,0,14
2024-05-13T02:02:48,15,0,0,14
2024-05-13T02:18:59,15,0,0,14
2024-05-13T02:35:11,15,0,0,14
2024-05-13T02:51:22,15,0,0,14
2024-05-13T03:07:32,15,0,0,14
2024-05-13T03:23:45,15,0,0,14
2024-05-13T03:39:56,15,0,0,14
2024-05-13T03:56:08,15,0,0,14
2024-05-13T04:12:21,15,0,0,14
2024-05-13T04:36:55,15,0,0,14
2024-05-13T04:54:50,15,0,0,14
2024-05-13T05:11:09,15,0,0,14
2024-05-13T05:27:26,15,0,0,14
2024-05-13T05:43:40,15,0,0,14
2024-05-13T05:59:53,15,0,0,14
2024-05-13T06:16:08,15,0,0,14
2024-05-13T06:32:20,15,0,0,14
2024-05-13T06:48:33,15,0,0,14
2024-05-13T07:04:47,15,0,0,14
2024-05-13T07:20:59,15,0,0,14
2024-05-13T07:37:10,15,0,0,14
2024-05-13T07:53:26,15,0,0,14
2024-05-13T08:09:42,15,0,0,14
2024-05-13T08:25:53,15,0,0,14
2024-05-13T08:42:05,15,0,0,14
2024-05-13T08:58:18,15,0,0,14
2024-05-13T09:14:33,15,0,0,14
2024-05-13T09:30:45,15,0,0,14
2024-05-13T09:47:10,15,0,0,14
2024-05-13T10:03:22,15,0,0,14
2024-05-13T10:19:34,15,0,0,14
2024-05-13T10:35:46,15,0,0,14
2024-05-13T10:51:57,15,0,0,14
2024-05-13T11:08:09,15,0,0,14
2024-05-13T11:24:20,15,0,0,14
2024-05-13T11:40:31,15,0,0,14
2024-05-13T13:09:32,15,0,0,14
2024-05-13T13:25:43,15,0,0,14
2024-05-13T13:41:54,15,0,0,14
2024-05-13T14:01:48,15,0,0,14
2024-05-13T14:24:53,15,0,0,14
2024-05-13T14:46:34,15,0,0,14
2024-05-13T15:08:01,15,0,0,14
2024-05-13T15:25:16,15,0,0,14
2024-05-13T15:41:41,15,0,0,14
2024-05-13T15:57:53,15,0,0,14
2024-05-13T16:14:04,15,0,0,14
2024-05-13T16:30:15,15,0,0,14
2024-05-13T16:46:27,15,0,0,14
2024-05-13T17:02:37,15,0,0,14
2024-05-13T17:18:51,15,0,0,14
2024-05-13T17:35:04,15,0,0,14
2024-05-13T17:51:15,15,0,0,14
2024-05-13T18:07:37,15,0,0,14
2024-05-13T18:23:48,15,0,0,14
2024-05-13T18:40:00,15,0,0,14
2024-05-13T18:56:11,15,0,0,14
2024-05-13T19:12:24,15,0,0,14
2024-05-13T19:28:36,15,0,0,14
2024-05-13T19:44:48,15,0,0,14
2024-05-13T20:01:09,15,0,0,14
2024-05-13T20:17:21,15,0,0,14
2024-05-13T20:33:32,15,0,0,14
2024-05-13T20:49:44,15,0,0,14
2024-05-13T21:05:55,15,0,0,14
2024-05-13T21:22:10,15,0,0,14
2024-05-13T21:38:22,15,0,0,14
2024-05-13T21:54:35,15,0,0,14
2024-05-13T22:10:47,15,0,0,14
2024-05-13T22:27:08,15,0,0,14
2024-05-13T22:43:21,15,0,0,14
2024-05-13T22:59:32,15,0,0,14
2024-05-13T23:15:45,15,0,0,14
2024-05-13T23:31:58,15,0,0,14
2024-05-13T23:48:10,15,0,0,14
2024-05-14T00:04:23,15,0,0,14
2024-05-14T00:20:39,15,0,0,14
2024-05-14T00:37:05,15,0,0,14
2024-05-14T00:53:23,15,0,0,14
2024-05-14T01:09:36,15,0,0,14
2024-05-14T01:25:49,15,0,0,14
2024-05-14T01:42:03,15,0,0,14
2024-05-14T01:58:16,15,0,0,14
2024-05-14T02:14:28,15,0,0,14
2024-05-14T02:30:50,15,0,0,14
2024-05-14T02:47:02,15,0,0,14
2024-05-14T03:03:14,15,0,0,14
2024-05-14T03:19:28,15,0,0,14
2024-05-14T03:35:42,15,0,0,14
2024-05-14T03:51:54,15,0,0,14
2024-05-14T04:08:07,15,0,0,14
2024-05-14T04:29:40,15,0,0,14
2024-05-14T04:46:00,15,0,0,14
2024-05-14T05:02:18,15,0,0,14
2024-05-14T05:18:38,15,0,0,14
2024-05-14T05:34:55,15,0,0,14
2024-05-14T05:51:14,15,0,0,14
2024-05-14T06:07:31,15,0,0,14
2024-05-14T06:24:13,15,0,0,14
2024-05-14T06:40:30,15,0,0,14
2024-05-14T06:56:46,15,0,0,14
2024-05-14T07:13:05,15,0,0,14
2024-05-14T07:29:22,15,0,0,14
2024-05-14T07:45:37,15,0,0,14
2024-05-14T08:01:53,15,0,0,14
2024-05-14T08:18:10,15,0,0,14
2024-05-14T08:34:23,15,0,0,14
2024-05-14T08:50:35,15,0,0,14
2024-05-14T09:06:47,15,0,0,14
2024-05-14T09:23:12,15,0,0,14
2024-05-14T09:39:26,15,0,0,14
2024-05-14T09:55:40,15,0,0,14
2024-05-14T10:11:52,15,0,0,14
2024-05-14T10:28:05,15,0,0,14
2024-05-14T10:44:18,15,0,0,14
2024-05-14T11:00:31,15,0,0,14
2024-05-14T11:16:44,15,0,0,14
2024-05-14T11:32:57,15,0,0,14
2024-05-14T11:49:21,15,0,0,14
2024-05-14T12:05:34,15,0,0,14
2024-05-14T12:21:47,15,0,0,14
2024-05-14T12:38:00,15,0,0,14
2024-05-14T12:54:13,15,0,0,14
2024-05-14T13:10:25,15,0,0,14
2024-05-14T13:26:48,15,0,0,14
2024-05-14T13:43:01,15,0,0,14
2024-05-14T13:59:13,15,0,0,14
2024-05-14T14:15:28,15,0,0,14
2024-05-14T14:31:41,15,0,0,14
2024-05-14T14:47:54,15,0,0,14
2024-05-14T15:04:06,15,0,0,14
2024-05-14T15:20:30,15,0,0,14
2024-05-14T15:36:43,15,0,0,14
2024-05-14T15:52:56,15,0,0,14
2024-05-14T16:09:13,15,0,0,14
2024-05-14T16:25:25,15,0,0,14
2024-05-14T16:41:38,15,0,0,14
2024-05-14T16:57:53,15,0,0,14
2024-05-14T17:14:06,15,0,0,14
2024-05-14T17:30:19,15,0,0,14
2024-05-14T17:46:41,15,0,0,14
2024-05-14T18:02:54,15,0,0,14
2024-05-14T18:19:08,15,0,0,14
2024-05-14T18:35:23,15,0,0,14
2024-05-14T18:51:36,15,0,0,14
2024-05-14T19:07:48,15,0,0,14
2024-05-14T19:23:59,15,0,0,14
2024-05-14T19:40:11,15,0,0,14
2024-05-14T19:56:24,15,0,0,14
2024-05-14T20:12:39,15,0,0,14
2024-05-14T20:28:51,15,0,0,14
2024-05-14T20:45:14,15,0,0,14
2024-05-14T21:01:26,15,0,0,14
2024-05-14T21:17:38,15,0,0,14
2024-05-14T21:33:53,15,0,0,14
2024-05-14T21:50:06,15,0,0,14
2024-05-14T22:06:22,15,0,0,14
2024-05-14T22:23:08,15,0,0,14
2024-05-14T22:39:21,15,0,0,14
2024-05-14T22:55:33,15,0,0,14
2024-05-14T23:11:47,15,0,0,14
2024-05-14T23:28:10,15,0,0,14
2024-05-14T23:44:25,15,0,0,14
2024-05-15T00:00:39,15,0,0,14
2024-05-15T00:17:02,15,0,0,14
2024-05-15T00:33:20,15,0,0,14
2024-05-15T00:49:41,15,0,0,14
2024-05-15T01:05:59,15,0,0,14
2024-05-15T01:22:20,15,0,0,14
2024-05-15T01:38:39,15,0,0,14
2024-05-15T01:54:56,15,0,0,14
2024-05-15T02:11:11,15,0,0,14
2024-05-15T02:27:27,15,0,0,14
2024-05-15T02:43:43,15,0,0,14
2024-05-15T02:59:58,15,0,0,14
2024-05-15T03:16:14,15,0,0,14
2024-05-15T03:32:58,15,0,0,14
2024-05-15T03:49:16,15,0,0,14
2024-05-15T04:05:34,15,0,0,14
2024-05-15T04:38:57,15,0,0,14
2024-05-15T04:55:32,15,0,0,14
2024-05-15T05:11:53,15,0,0,14
2024-05-15T05:28:11,15,0,0,14
2024-05-15T05:44:29,15,0,0,14
2024-05-15T06:00:43,15,0,0,14
2024-05-15T06:17:02,15,0,0,14
2024-05-15T06:33:15,15,0,0,14
2024-05-15T06:49:29,15,0,0,14
2024-05-15T07:05:45,15,0,0,14
2024-05-15T07:21:59,15,0,0,14
2024-05-15T07:38:12,15,0,0,14
2024-05-15T07:54:25,15,0,0,14
2024-05-15T08:10:33,15,0,0,14
2024-05-15T08:26:43,15,0,0,14
2024-05-15T08:42:52,15,0,0,14
2024-05-15T08:59:01,15,0,0,14
2024-05-15T09:15:11,15,0,0,14
2024-05-15T09:31:22,15,0,0,14
2024-05-15T09:47:41,15,0,0,14
2024-05-15T10:03:49,15,0,0,14
2024-05-15T10:20:01,15,0,0,14
2024-05-15T10:36:13,15,0,0,14
2024-05-15T10:52:25,15,0,0,14
2024-05-15T11:08:37,15,0,0,14
2024-05-15T11:24:50,15,0,0,14
2024-05-15T11:41:03,15,0,0,14
2024-05-15T11:57:26,15,0,0,14
2024-05-15T12:13:40,15,0,0,14
2024-05-15T12:29:54,15,0,0,14
2024-05-15T12:46:10,15,0,0,14
2024-05-15T13:02:22,15,0,0,14
2024-05-15T13:18:34,15,0,0,14
2024-05-15T13:34:50,15,0,0,14
2024-05-15T13:51:13,15,0,0,14
2024-05-15T14:07:26,15,0,0,14
2024-05-15T14:23:39,15,0,0,14
2024-05-15T14:39:51,15,0,0,14
2024-05-15T14:56:03,15,0,0,14
2024-05-15T15:12:16,15,0,0,14
2024-05-15T15:28:28,15,0,0,14
2024-05-15T15:44:51,15,0,0,14
2024-05-15T16:01:02,15,0,0,14
2024-05-15T16:17:15,15,0,0,14
2024-05-15T16:33:27,15,0,0,14
2024-05-15T16:49:41,15,0,0,14
