time,enrolled,available,waitlisted,total
2024-02-16T04:36:12,0,40,0,40
2024-02-16T04:53:05,0,40,0,40
2024-02-16T05:08:40,0,40,0,40
2024-02-16T05:23:59,0,40,0,40
2024-02-16T05:39:23,0,40,0,40
2024-02-16T05:54:39,0,40,0,40
2024-02-16T06:10:00,0,40,0,40
2024-02-16T06:25:24,0,40,0,40
2024-02-16T06:41:02,0,40,0,40
2024-02-16T06:56:58,0,40,0,40
2024-02-16T07:12:16,0,40,0,40
2024-02-16T07:27:37,0,40,0,40
2024-02-16T07:42:59,0,40,0,40
2024-02-16T07:58:24,0,40,0,40
2024-02-16T08:13:36,0,40,0,40
2024-02-16T08:28:52,0,40,0,40
2024-02-16T08:44:13,0,40,0,40
2024-02-16T08:59:42,0,40,0,40
2024-02-16T09:15:01,0,40,0,40
2024-02-16T09:31:14,0,40,0,40
2024-02-16T09:47:07,0,40,0,40
2024-02-16T10:02:24,0,40,0,40
2024-02-16T10:17:45,0,40,0,40
2024-02-16T10:33:05,0,40,0,40
2024-02-16T10:48:19,0,40,0,40
2024-02-16T11:03:40,0,40,0,40
2024-02-16T11:19:11,0,40,0,40
2024-02-16T11:34:27,0,40,0,40
2024-02-16T11:49:52,0,40,0,40
2024-02-16T12:05:08,0,40,0,40
2024-02-16T12:20:27,0,40,0,40
2024-02-16T12:35:57,0,40,0,40
2024-02-16T12:51:14,0,40,0,40
2024-02-16T13:06:34,0,40,0,40
2024-02-16T13:21:57,0,40,0,40
2024-02-16T13:37:13,0,40,0,40
2024-02-16T13:52:44,0,40,0,40
2024-02-16T14:07:57,0,40,0,40
2024-02-16T14:23:16,0,40,0,40
2024-02-16T14:38:35,0,40,0,40
2024-02-16T14:53:50,0,40,0,40
2024-02-16T15:09:24,0,40,0,40
2024-02-16T15:24:37,0,40,0,40
2024-02-16T15:39:56,0,40,0,40
2024-02-16T15:55:21,0,40,0,40
2024-02-16T16:10:46,0,40,0,40
2024-02-16T16:26:06,0,40,0,40
2024-02-16T16:41:24,0,40,0,40
2024-02-16T16:56:45,0,40,0,40
2024-02-16T17:12:06,0,40,0,40
2024-02-16T17:27:30,0,40,0,40
2024-02-16T17:42:59,0,40,0,40
2024-02-16T17:58:15,0,40,0,40
2024-02-16T18:13:41,0,40,0,40
2024-02-16T18:28:57,0,40,0,40
2024-02-16T18:44:13,0,40,0,40
2024-02-16T18:59:38,0,40,0,40
2024-02-16T19:15:02,0,40,0,40
2024-02-16T19:30:25,0,40,0,40
2024-02-16T19:45:46,0,40,0,40
2024-02-16T20:01:17,0,40,0,40
2024-02-16T20:16:49,0,40,0,40
2024-02-16T20:32:12,0,40,0,40
2024-02-16T20:47:32,0,40,0,40
2024-02-16T21:04:58,0,40,0,40
2024-02-16T21:20:18,0,40,0,40
2024-02-16T21:35:33,0,40,0,40
2024-02-16T21:51:05,0,40,0,40
2024-02-16T22:06:23,0,40,0,40
2024-02-16T22:21:45,0,40,0,40
2024-02-16T22:37:07,0,40,0,40
2024-02-16T22:52:24,0,40,0,40
2024-02-16T23:07:45,0,40,0,40
2024-02-16T23:23:01,0,40,0,40
2024-02-16T23:38:28,0,40,0,40
2024-02-16T23:53:45,0,40,0,40
2024-02-17T00:15:39,0,40,0,40
2024-02-17T00:38:38,0,40,0,40
2024-02-17T01:00:45,0,40,0,40
2024-02-17T01:23:21,0,40,0,40
2024-02-17T01:38:48,0,40,0,40
2024-02-17T01:54:16,0,40,0,40
2024-02-17T02:09:43,0,40,0,40
2024-02-17T02:24:58,0,40,0,40
2024-02-17T02:40:26,0,40,0,40
2024-02-17T02:55:44,0,40,0,40
2024-02-17T03:11:05,0,40,0,40
2024-02-17T03:26:27,0,40,0,40
2024-02-17T03:41:47,0,40,0,40
2024-02-17T03:57:21,0,40,0,40
2024-02-17T04:14:40,0,40,0,40
2024-02-17T04:37:29,0,40,0,40
2024-02-17T04:53:05,0,40,0,40
2024-02-17T05:08:25,0,40,0,40
2024-02-17T05:23:48,0,40,0,40
2024-02-17T05:39:14,0,40,0,40
2024-02-17T05:54:32,0,40,0,40
2024-02-17T06:10:26,0,40,0,40
2024-02-17T06:27:17,0,40,0,40
2024-02-17T10:11:01,0,40,0,40
2024-02-17T10:36:53,2,38,0,40
2024-02-17T10:52:20,2,38,0,40
2024-02-17T11:07:43,2,38,0,40
2024-02-17T11:23:08,2,38,0,40
2024-02-17T11:38:29,2,38,0,40
2024-02-17T11:53:44,2,38,0,40
2024-02-17T12:09:24,2,38,0,40
2024-02-17T12:24:43,2,38,0,40
2024-02-17T12:40:02,2,38,0,40
2024-02-17T12:55:23,2,38,0,40
2024-02-17T13:10:40,2,38,0,40
2024-02-17T13:26:08,3,37,0,40
2024-02-17T13:41:30,3,37,0,40
2024-02-17T13:56:56,3,37,0,40
2024-02-17T14:12:15,3,37,0,40
2024-02-17T14:27:37,3,37,0,40
2024-02-17T14:42:58,3,37,0,40
2024-02-17T14:58:29,3,37,0,40
2024-02-17T15:13:49,3,37,0,40
2024-02-17T15:29:05,3,37,0,40
2024-02-17T15:44:33,3,37,0,40
2024-02-17T15:59:58,3,37,0,40
2024-02-17T16:15:18,3,37,0,40
2024-02-17T16:30:32,4,36,0,40
2024-02-17T16:45:48,4,36,0,40
2024-02-17T17:01:04,4,36,0,40
2024-02-17T17:16:44,5,35,0,40
2024-02-17T17:32:01,5,35,0,40
2024-02-17T17:47:24,6,34,0,40
2024-02-17T18:02:49,6,34,0,40
2024-02-17T18:18:14,6,34,0,40
2024-02-17T18:33:36,6,34,0,40
2024-02-17T18:48:54,6,34,0,40
2024-02-17T19:04:24,6,34,0,40
2024-02-17T19:19:46,6,34,0,40
2024-02-17T19:35:05,6,34,0,40
2024-02-17T19:50:32,6,34,0,40
2024-02-17T20:05:49,6,34,0,40
2024-02-17T20:21:02,6,34,0,40
2024-02-17T20:36:25,6,34,0,40
2024-02-17T20:51:54,6,34,0,40
2024-02-17T21:07:16,6,34,0,40
2024-02-17T21:22:37,6,34,0,40
2024-02-17T21:38:00,6,34,0,40
2024-02-17T21:53:18,6,34,0,40
2024-02-17T22:08:40,6,34,0,40
2024-02-17T22:24:03,6,34,0,40
2024-02-17T22:39:36,6,34,0,40
2024-02-17T22:54:58,6,34,0,40
2024-02-17T23:10:23,6,34,0,40
2024-02-17T23:25:42,6,34,0,40
2024-02-17T23:41:03,6,34,0,40
2024-02-17T23:56:27,6,34,0,40
2024-02-18T00:11:48,6,34,0,40
2024-02-18T00:27:12,6,34,0,40
2024-02-18T01:01:27,7,33,0,40
2024-02-18T01:16:58,7,33,0,40
2024-02-18T01:32:27,7,33,0,40
2024-02-18T01:47:46,7,33,0,40
2024-02-18T02:03:06,7,33,0,40
2024-02-18T02:18:33,7,33,0,40
2024-02-18T02:33:58,7,33,0,40
2024-02-18T02:49:18,7,33,0,40
2024-02-18T03:04:37,7,33,0,40
2024-02-18T03:19:59,7,33,0,40
2024-02-18T03:35:28,7,33,0,40
2024-02-18T03:50:50,7,33,0,40
2024-02-18T04:06:21,7,33,0,40
2024-02-18T04:34:44,7,33,0,40
2024-02-18T04:50:07,7,33,0,40
2024-02-18T05:05:31,7,33,0,40
2024-02-18T05:20:59,7,33,0,40
2024-02-18T05:36:27,7,33,0,40
2024-02-18T05:51:53,7,33,0,40
2024-02-18T06:07:17,7,33,0,40
2024-02-18T06:22:51,7,33,0,40
2024-02-18T06:38:18,7,33,0,40
2024-02-18T06:53:46,7,33,0,40
2024-02-18T07:09:10,7,33,0,40
2024-02-18T07:24:31,7,33,0,40
2024-02-18T07:39:46,7,33,0,40
2024-02-18T07:55:08,7,33,0,40
2024-02-18T08:10:26,7,33,0,40
2024-02-18T08:25:43,7,33,0,40
2024-02-18T08:41:00,7,33,0,40
2024-02-18T08:56:19,8,32,0,40
2024-02-18T09:11:41,8,32,0,40
2024-02-18T09:27:13,8,32,0,40
2024-02-18T09:42:36,8,32,0,40
2024-02-18T09:57:52,8,32,0,40
2024-02-18T10:13:24,8,32,0,40
2024-02-18T10:28:45,8,32,0,40
2024-02-18T10:44:10,8,32,0,40
2024-02-18T10:59:32,8,32,0,40
2024-02-18T11:14:56,8,32,0,40
2024-02-18T11:30:27,8,32,0,40
2024-02-18T11:45:51,8,32,0,40
2024-02-18T12:01:14,8,32,0,40
2024-02-18T12:16:44,8,32,0,40
2024-02-18T12:32:03,8,32,0,40
2024-02-18T12:47:30,8,32,0,40
2024-02-18T13:02:55,8,32,0,40
2024-02-18T13:18:09,8,32,0,40
2024-02-18T13:33:37,8,32,0,40
2024-02-18T13:49:02,8,32,0,40
2024-02-18T14:04:27,8,32,0,40
2024-02-18T14:19:47,8,32,0,40
2024-02-18T14:35:01,8,32,0,40
2024-02-18T14:50:34,8,32,0,40
2024-02-18T15:06:00,8,32,0,40
2024-02-18T15:21:23,8,32,0,40
2024-02-18T15:36:44,8,32,0,40
2024-02-18T15:52:01,8,32,0,40
2024-02-18T16:07:21,8,32,0,40
2024-02-18T16:23:05,8,32,0,40
2024-02-18T16:38:30,8,32,0,40
2024-02-18T16:53:51,8,32,0,40
2024-02-18T17:09:19,8,32,0,40
2024-02-18T17:24:39,8,32,0,40
2024-02-18T17:40:12,8,32,0,40
2024-02-18T17:55:27,8,32,0,40
2024-02-18T18:11:03,8,32,0,40
2024-02-18T18:26:34,8,32,0,40
2024-02-18T18:42:02,8,32,0,40
2024-02-18T18:57:26,8,32,0,40
2024-02-18T19:12:43,8,32,0,40
2024-02-18T19:28:01,8,32,0,40
2024-02-18T19:43:17,8,32,0,40
2024-02-18T19:58:34,8,32,0,40
2024-02-18T20:14:07,8,32,0,40
2024-02-18T20:29:25,8,32,0,40
2024-02-18T20:44:49,8,32,0,40
2024-02-18T21:00:03,8,32,0,40
2024-02-18T21:15:19,8,32,0,40
2024-02-18T21:30:41,8,32,0,40
2024-02-18T21:46:01,8,32,0,40
2024-02-18T22:01:37,8,32,0,40
2024-02-18T22:17:00,8,32,0,40
2024-02-18T22:32:29,8,32,0,40
2024-02-18T22:48:08,8,32,0,40
2024-02-18T23:03:31,8,32,0,40
2024-02-18T23:18:47,8,32,0,40
2024-02-18T23:34:14,8,32,0,40
2024-02-18T23:49:47,8,32,0,40
2024-02-19T00:05:07,8,32,0,40
2024-02-19T00:20:32,8,32,0,40
2024-02-19T00:35:57,8,32,0,40
2024-02-19T00:51:28,8,32,0,40
2024-02-19T01:06:58,8,32,0,40
2024-02-19T01:22:20,8,32,0,40
2024-02-19T01:37:48,8,32,0,40
2024-02-19T01:53:08,8,32,0,40
2024-02-19T02:08:41,9,31,0,40
2024-02-19T02:24:12,9,31,0,40
2024-02-19T02:39:54,9,31,0,40
2024-02-19T02:55:22,9,31,0,40
2024-02-19T03:10:41,9,31,0,40
2024-02-19T03:26:12,9,31,0,40
2024-02-19T03:41:35,9,31,0,40
2024-02-19T03:57:08,9,31,0,40
2024-02-19T04:34:41,9,31,0,40
2024-02-19T04:50:27,9,31,0,40
2024-02-19T05:05:55,9,31,0,40
2024-02-19T05:21:24,9,31,0,40
2024-02-19T05:36:55,9,31,0,40
2024-02-19T05:52:34,9,31,0,40
2024-02-19T06:08:00,9,31,0,40
2024-02-19T06:23:39,9,31,0,40
2024-02-19T06:39:03,9,31,0,40
2024-02-19T06:54:21,9,31,0,40
2024-02-19T07:09:47,9,31,0,40
2024-02-19T07:25:10,9,31,0,40
2024-02-19T07:40:36,9,31,0,40
2024-02-19T07:56:10,9,31,0,40
2024-02-19T08:11:41,9,31,0,40
2024-02-19T08:27:00,9,31,0,40
2024-02-19T08:42:38,9,31,0,40
2024-02-19T08:58:02,9,31,0,40
2024-02-19T09:13:29,9,31,0,40
2024-02-19T09:28:48,9,31,0,40
2024-02-19T09:44:03,9,31,0,40
2024-02-19T09:59:29,9,31,0,40
2024-02-19T10:14:51,9,31,0,40
2024-02-19T10:30:12,9,31,0,40
2024-02-19T10:45:36,9,31,0,40
2024-02-19T11:01:08,9,31,0,40
2024-02-19T11:16:29,9,31,0,40
2024-02-19T11:31:47,9,31,0,40
2024-02-19T11:47:13,9,31,0,40
2024-02-19T12:02:40,9,31,0,40
2024-02-19T12:18:27,9,31,0,40
2024-02-19T12:33:52,9,31,0,40
2024-02-19T12:49:17,10,30,0,40
2024-02-19T13:04:46,10,30,0,40
2024-02-19T13:20:14,10,30,0,40
2024-02-19T13:35:43,10,30,0,40
2024-02-19T13:51:11,10,30,0,40
2024-02-19T14:06:30,10,30,0,40
2024-02-19T14:22:09,10,30,0,40
2024-02-19T14:37:41,10,30,0,40
2024-02-19T14:53:11,10,30,0,40
2024-02-19T15:08:41,11,29,0,40
2024-02-19T15:24:13,11,29,0,40
2024-02-19T15:39:47,11,29,0,40
2024-02-19T15:55:28,11,29,0,40
2024-02-19T16:10:55,11,29,0,40
2024-02-19T16:26:32,11,29,0,40
2024-02-19T16:42:00,11,29,0,40
2024-02-19T16:57:47,11,29,0,40
2024-02-19T17:13:28,11,29,0,40
2024-02-19T17:28:46,11,29,0,40
2024-02-19T17:44:24,11,29,0,40
2024-02-19T18:00:13,11,29,0,40
2024-02-19T18:15:44,11,29,0,40
2024-02-19T18:31:18,11,29,0,40
2024-02-19T18:47:16,11,29,0,40
2024-02-19T19:02:46,11,29,0,40
2024-02-19T19:18:18,11,29,0,40
2024-02-19T19:34:05,11,29,0,40
2024-02-19T19:49:31,11,29,0,40
2024-02-19T20:04:44,11,29,0,40
2024-02-19T20:20:06,11,29,0,40
2024-02-19T20:35:35,11,29,0,40
2024-02-19T20:51:06,11,29,0,40
2024-02-19T21:06:29,11,29,0,40
2024-02-19T21:22:18,11,29,0,40
2024-02-19T21:37:57,11,29,0,40
2024-02-19T21:53:22,11,29,0,40
2024-02-19T22:08:55,11,29,0,40
2024-02-19T22:24:22,11,29,0,40
2024-02-19T22:40:03,11,29,0,40
2024-02-19T22:55:42,11,29,0,40
2024-02-19T23:11:16,11,29,0,40
2024-02-19T23:26:38,11,29,0,40
2024-02-19T23:42:17,11,29,0,40
2024-02-19T23:57:46,11,29,0,40
2024-02-20T00:13:18,11,29,0,40
2024-02-20T00:28:40,11,29,0,40
2024-02-20T00:44:06,11,29,0,40
2024-02-20T00:59:40,11,29,0,40
2024-02-20T01:15:26,11,29,0,40
2024-02-20T01:30:53,11,29,0,40
2024-02-20T01:46:15,11,29,0,40
2024-02-20T02:01:44,11,29,0,40
2024-02-20T02:17:28,11,29,0,40
2024-02-20T02:32:48,11,29,0,40
2024-02-20T02:48:15,11,29,0,40
2024-02-20T03:03:40,11,29,0,40
2024-02-20T03:19:42,11,29,0,40
2024-02-20T03:35:13,11,29,0,40
2024-02-20T03:50:46,11,29,0,40
2024-02-20T04:06:13,11,29,0,40
2024-02-20T04:33:51,11,29,0,40
2024-02-20T04:49:29,11,29,0,40
2024-02-20T05:05:10,11,29,0,40
2024-02-20T05:21:04,11,29,0,40
2024-02-20T05:36:48,11,29,0,40
2024-02-20T05:52:29,11,29,0,40
2024-02-20T06:08:08,11,29,0,40
2024-02-20T06:23:42,11,29,0,40
2024-02-20T06:39:09,11,29,0,40
2024-02-20T06:54:36,11,29,0,40
2024-02-20T07:10:05,11,29,0,40
2024-02-20T07:25:38,11,29,0,40
2024-02-20T07:41:12,11,29,0,40
2024-02-20T07:56:33,11,29,0,40
2024-02-20T08:11:58,11,29,0,40
2024-02-20T08:27:40,12,28,0,40
2024-02-20T08:43:07,12,28,0,40
2024-02-20T08:58:30,12,28,0,40
2024-02-20T09:13:58,12,28,0,40
2024-02-20T09:29:26,12,28,0,40
2024-02-20T09:45:15,12,28,0,40
2024-02-20T10:01:01,12,28,0,40
2024-02-20T10:16:31,12,28,0,40
2024-02-20T10:32:20,12,28,0,40
2024-02-20T10:48:01,12,28,0,40
2024-02-20T11:03:28,12,28,0,40
2024-02-20T11:19:16,12,28,0,40
2024-02-20T11:34:54,12,28,0,40
2024-02-20T11:50:37,12,28,0,40
2024-02-20T12:06:37,12,28,0,40
2024-02-20T12:22:26,12,28,0,40
2024-02-20T12:38:03,12,28,0,40
2024-02-20T12:53:55,12,28,0,40
2024-02-20T13:09:40,12,28,0,40
2024-02-20T13:25:29,13,27,0,40
2024-02-20T13:41:12,13,27,0,40
2024-02-20T13:56:33,13,27,0,40
2024-02-20T14:12:24,13,27,0,40
2024-02-20T14:28:04,13,27,0,40
2024-02-20T14:44:01,13,27,0,40
2024-02-20T14:59:37,13,27,0,40
2024-02-20T15:15:28,13,27,0,40
2024-02-20T15:31:18,13,27,0,40
2024-02-20T15:47:16,14,26,0,40
2024-02-20T16:03:13,14,26,0,40
2024-02-20T16:18:59,14,26,0,40
2024-02-20T16:34:35,14,26,0,40
2024-02-20T16:50:37,14,26,0,40
2024-02-20T17:06:21,14,26,0,40
2024-02-20T17:22:32,15,25,0,40
2024-02-20T17:38:23,15,25,0,40
2024-02-20T17:54:01,15,25,0,40
2024-02-20T18:09:53,15,25,0,40
2024-02-20T18:25:32,15,25,0,40
2024-02-20T18:41:30,15,25,0,40
2024-02-20T18:57:44,15,25,0,40
2024-02-20T19:13:53,15,25,0,40
2024-02-20T19:29:48,15,25,0,40
2024-02-20T19:45:42,15,25,0,40
2024-02-20T20:01:42,15,25,0,40
2024-02-20T20:17:38,16,24,0,40
2024-02-20T20:33:20,16,24,0,40
2024-02-20T20:49:12,16,24,0,40
2024-02-20T21:05:02,16,24,0,40
2024-02-20T21:20:44,16,24,0,40
2024-02-20T21:36:15,16,24,0,40
2024-02-20T21:51:53,16,24,0,40
2024-02-20T22:07:46,16,24,0,40
2024-02-20T22:23:14,16,24,0,40
2024-02-20T22:38:48,16,24,0,40
2024-02-20T22:54:32,16,24,0,40
2024-02-20T23:10:14,16,24,0,40
2024-02-20T23:26:06,16,24,0,40
2024-02-20T23:42:10,16,24,0,40
2024-02-20T23:58:02,16,24,0,40
2024-02-21T00:13:48,16,24,0,40
2024-02-21T00:29:20,16,24,0,40
2024-02-21T00:45:26,16,24,0,40
2024-02-21T01:01:10,16,24,0,40
2024-02-21T01:16:54,16,24,0,40
2024-02-21T01:32:37,16,24,0,40
2024-02-21T01:48:11,16,24,0,40
2024-02-21T02:03:53,16,24,0,40
2024-02-21T02:19:25,16,24,0,40
2024-02-21T02:34:37,16,24,0,40
2024-02-21T02:49:49,16,24,0,40
2024-02-21T03:05:02,16,24,0,40
2024-02-21T03:20:25,16,24,0,40
2024-02-21T03:35:37,16,24,0,40
2024-02-21T03:50:51,16,24,0,40
2024-02-21T04:08:58,16,24,0,40
2024-02-21T04:36:39,16,24,0,40
2024-02-21T04:51:55,16,24,0,40
2024-02-21T05:07:11,16,24,0,40
2024-02-21T05:22:25,16,24,0,40
2024-02-21T05:37:40,16,24,0,40
2024-02-21T05:52:55,16,24,0,40
2024-02-21T06:08:09,16,24,0,40
2024-02-21T06:23:27,16,24,0,40
2024-02-21T06:38:41,16,24,0,40
2024-02-21T06:53:56,16,24,0,40
2024-02-21T07:09:10,16,24,0,40
2024-02-21T07:24:23,16,24,0,40
2024-02-21T07:39:36,16,24,0,40
2024-02-21T07:54:49,16,24,0,40
2024-02-21T08:10:02,16,24,0,40
2024-02-21T08:25:27,16,24,0,40
2024-02-21T08:40:42,16,24,0,40
2024-02-21T08:55:58,16,24,0,40
2024-02-21T09:11:17,16,24,0,40
2024-02-21T09:26:34,16,24,0,40
2024-02-21T09:42:01,16,24,0,40
2024-02-21T09:57:16,16,24,0,40
2024-02-21T10:12:34,16,24,0,40
2024-02-21T10:28:01,16,24,0,40
2024-02-21T10:43:22,16,24,0,40
2024-02-21T10:58:37,16,24,0,40
2024-02-21T11:14:10,16,24,0,40
2024-02-21T11:29:29,16,24,0,40
2024-02-21T11:44:58,16,24,0,40
2024-02-21T12:00:16,16,24,0,40
2024-02-21T12:15:46,16,24,0,40
2024-02-21T12:31:03,16,24,0,40
2024-02-21T12:46:34,16,24,0,40
2024-02-21T13:01:51,17,23,0,40
2024-02-21T13:17:19,17,23,0,40
2024-02-21T13:32:39,17,23,0,40
2024-02-21T13:48:10,17,23,0,40
2024-02-21T14:03:34,17,23,0,40
2024-02-21T14:19:06,17,23,0,40
2024-02-21T14:34:26,17,23,0,40
2024-02-21T14:49:56,17,23,0,40
2024-02-21T15:05:26,17,23,0,40
2024-02-21T15:20:56,17,23,0,40
2024-02-21T15:36:22,17,23,0,40
2024-02-21T15:51:59,17,23,0,40
2024-02-21T16:07:20,17,23,0,40
2024-02-21T16:22:43,17,23,0,40
2024-02-21T16:38:13,17,23,0,40
2024-02-21T16:53:37,17,23,0,40
2024-02-21T17:09:12,17,23,0,40
2024-02-21T17:24:35,17,23,0,40
2024-02-21T17:40:05,17,23,0,40
2024-02-21T17:55:23,17,23,0,40
2024-02-21T18:10:55,17,23,0,40
2024-02-21T18:26:16,17,23,0,40
2024-02-21T18:41:38,17,23,0,40
2024-02-21T18:57:07,17,23,0,40
2024-02-21T19:12:30,17,23,0,40
2024-02-21T19:27:49,17,23,0,40
2024-02-21T19:43:18,17,23,0,40
2024-02-21T19:58:36,17,23,0,40
2024-02-21T20:14:08,17,23,0,40
2024-02-21T20:29:26,17,23,0,40
2024-02-21T20:44:58,17,23,0,40
2024-02-21T21:00:17,17,23,0,40
2024-02-21T21:15:34,17,23,0,40
2024-02-21T21:31:01,17,23,0,40
2024-02-21T21:46:17,17,23,0,40
2024-02-21T22:01:33,17,23,0,40
2024-02-21T22:17:02,17,23,0,40
2024-02-21T22:32:17,17,23,0,40
2024-02-21T22:47:34,17,23,0,40
2024-02-21T23:03:01,17,23,0,40
2024-02-21T23:18:18,17,23,0,40
2024-02-21T23:33:34,17,23,0,40
2024-02-21T23:48:50,17,23,0,40
2024-02-22T00:04:07,17,23,0,40
2024-02-22T00:19:42,17,23,0,40
2024-02-22T00:35:02,17,23,0,40
2024-02-22T00:50:23,17,23,0,40
2024-02-22T01:05:42,17,23,0,40
2024-02-22T01:21:01,17,23,0,40
2024-02-22T01:36:20,17,23,0,40
2024-02-22T01:51:48,17,23,0,40
2024-02-22T02:07:08,17,23,0,40
2024-02-22T02:22:25,17,23,0,40
2024-02-22T02:37:41,17,23,0,40
2024-02-22T02:52:58,17,23,0,40
2024-02-22T03:08:15,17,23,0,40
2024-02-22T03:23:44,17,23,0,40
2024-02-22T03:39:02,17,23,0,40
2024-02-22T03:54:30,17,23,0,40
2024-02-22T04:10:07,17,23,0,40
2024-02-22T04:40:28,17,23,0,40
2024-02-22T04:55:49,17,23,0,40
2024-02-22T05:11:20,17,23,0,40
2024-02-22T05:26:40,17,23,0,40
2024-02-22T05:41:59,17,23,0,40
2024-02-22T05:57:20,17,23,0,40
2024-02-22T06:12:40,17,23,0,40
2024-02-22T06:27:59,17,23,0,40
2024-02-22T06:43:18,17,23,0,40
2024-02-22T06:58:38,17,23,0,40
2024-02-22T07:13:56,17,23,0,40
2024-02-22T07:29:15,17,23,0,40
2024-02-22T07:44:32,17,23,0,40
2024-02-22T07:59:49,17,23,0,40
2024-02-22T08:15:15,17,23,0,40
2024-02-22T08:30:36,17,23,0,40
2024-02-22T08:45:55,17,23,0,40
2024-02-22T09:01:15,17,23,0,40
2024-02-22T09:16:35,17,23,0,40
2024-02-22T09:32:08,17,23,0,40
2024-02-22T09:47:29,17,23,0,40
2024-02-22T10:02:52,17,23,0,40
2024-02-22T10:18:24,17,23,0,40
2024-02-22T10:33:53,17,23,0,40
2024-02-22T10:49:17,17,23,0,40
2024-02-22T11:04:59,17,23,0,40
2024-02-22T11:20:24,17,23,0,40
2024-02-22T11:36:02,17,23,0,40
2024-02-22T11:51:26,17,23,0,40
2024-02-22T12:06:59,17,23,0,40
2024-02-22T12:22:26,17,23,0,40
2024-02-22T12:38:02,17,23,0,40
2024-02-22T12:53:30,17,23,0,40
2024-02-22T13:08:54,17,23,0,40
2024-02-22T13:24:28,17,23,0,40
2024-02-22T13:39:55,17,23,0,40
2024-02-22T13:55:29,17,23,0,40
2024-02-22T14:11:35,17,23,0,40
2024-02-22T14:27:10,17,23,0,40
2024-02-22T14:42:31,17,23,0,40
2024-02-22T14:57:56,17,23,0,40
2024-02-22T15:13:16,17,23,0,40
2024-02-22T15:28:29,17,23,0,40
2024-02-22T15:43:58,17,23,0,40
2024-02-22T15:59:14,17,23,0,40
2024-02-22T16:14:44,17,23,0,40
2024-02-22T16:29:58,17,23,0,40
2024-02-22T16:45:14,17,23,0,40
2024-02-22T17:00:39,17,23,0,40
2024-02-22T17:15:53,17,23,0,40
2024-02-22T17:31:07,17,23,0,40
2024-02-22T17:46:30,17,23,0,40
2024-02-22T18:01:43,17,23,0,40
2024-02-22T18:16:56,17,23,0,40
2024-02-22T18:32:20,17,23,0,40
2024-02-22T18:47:31,17,23,0,40
2024-02-22T19:02:43,17,23,0,40
2024-02-22T19:18:05,17,23,0,40
2024-02-22T19:33:15,17,23,0,40
2024-02-22T19:48:25,17,23,0,40
2024-02-22T20:03:35,17,23,0,40
2024-02-22T20:18:45,17,23,0,40
2024-02-22T20:34:06,17,23,0,40
2024-02-22T20:49:16,17,23,0,40
2024-02-22T21:04:26,17,23,0,40
2024-02-22T21:19:36,17,23,0,40
2024-02-22T21:34:46,17,23,0,40
2024-02-22T21:50:07,17,23,0,40
2024-02-22T22:05:17,17,23,0,40
2024-02-22T22:20:27,17,23,0,40
2024-02-22T22:35:37,17,23,0,40
2024-02-22T22:50:48,17,23,0,40
2024-02-22T23:06:09,17,23,0,40
2024-02-22T23:21:19,17,23,0,40
2024-02-22T23:37:38,17,23,0,40
2024-02-22T23:52:55,17,23,0,40
2024-02-23T00:08:14,17,23,0,40
2024-02-23T00:27:32,17,23,0,40
2024-02-23T00:42:55,17,23,0,40
2024-02-23T00:58:28,17,23,0,40
2024-02-23T01:13:50,17,23,0,40
2024-02-23T01:29:11,17,23,0,40
2024-02-23T01:44:33,17,23,0,40
2024-02-23T01:59:52,17,23,0,40
2024-02-23T02:15:13,17,23,0,40
2024-02-23T02:30:33,17,23,0,40
2024-02-23T02:45:52,17,23,0,40
2024-02-23T03:01:11,17,23,0,40
2024-02-23T03:16:33,17,23,0,40
2024-02-23T03:31:54,17,23,0,40
2024-02-23T03:47:15,17,23,0,40
2024-02-23T04:02:47,17,23,0,40
2024-02-23T04:35:51,17,23,0,40
2024-02-23T04:51:14,17,23,0,40
2024-02-23T05:06:35,17,23,0,40
2024-02-23T05:21:56,17,23,0,40
2024-02-23T05:37:17,17,23,0,40
2024-02-23T05:52:38,17,23,0,40
2024-02-23T06:08:00,17,23,0,40
2024-02-23T06:23:20,17,23,0,40
2024-02-23T06:38:40,17,23,0,40
2024-02-23T06:54:02,17,23,0,40
2024-02-23T07:09:23,17,23,0,40
2024-02-23T07:24:42,17,23,0,40
2024-02-23T07:40:02,17,23,0,40
2024-02-23T07:55:22,17,23,0,40
2024-02-23T08:10:43,17,23,0,40
2024-02-23T08:26:12,17,23,0,40
2024-02-23T08:41:31,17,23,0,40
2024-02-23T08:56:49,17,23,0,40
2024-02-23T09:12:07,17,23,0,40
2024-02-23T09:27:25,17,23,0,40
2024-02-23T09:42:43,17,23,0,40
2024-02-23T09:58:04,17,23,0,40
2024-02-23T10:13:23,17,23,0,40
2024-02-23T10:28:50,17,23,0,40
2024-02-23T10:44:08,17,23,0,40
2024-02-23T10:59:26,17,23,0,40
2024-02-23T11:14:44,17,23,0,40
2024-02-23T11:30:02,17,23,0,40
2024-02-23T11:45:31,17,23,0,40
2024-02-23T12:00:49,17,23,0,40
2024-02-23T12:16:07,17,23,0,40
2024-02-23T12:31:28,17,23,0,40
2024-02-23T12:46:46,17,23,0,40
2024-02-23T13:02:14,17,23,0,40
2024-02-23T13:17:32,17,23,0,40
2024-02-23T13:32:50,17,23,0,40
2024-02-23T13:48:08,17,23,0,40
2024-02-23T14:03:27,17,23,0,40
2024-02-23T14:18:56,17,23,0,40
2024-02-23T14:34:15,18,22,0,40
2024-02-23T14:49:33,18,22,0,40
2024-02-23T15:04:52,18,22,0,40
2024-02-23T15:20:21,18,22,0,40
2024-02-23T15:35:39,18,22,0,40
2024-02-23T15:50:57,18,22,0,40
2024-02-23T16:06:17,18,22,0,40
2024-02-23T16:21:37,18,22,0,40
2024-02-23T16:37:06,18,22,0,40
2024-02-23T16:52:25,18,22,0,40
2024-02-23T17:07:45,18,22,0,40
2024-02-23T17:23:06,18,22,0,40
2024-02-23T17:38:25,18,22,0,40
2024-02-23T17:53:44,18,22,0,40
2024-02-23T18:09:03,18,22,0,40
2024-02-23T18:24:33,18,22,0,40
2024-02-23T18:39:53,18,22,0,40
2024-02-23T18:55:12,18,22,0,40
2024-02-23T19:10:33,18,22,0,40
2024-02-23T19:25:52,18,22,0,40
2024-02-23T19:41:12,18,22,0,40
2024-02-23T19:56:31,18,22,0,40
2024-02-23T20:11:50,18,22,0,40
2024-02-23T20:27:10,18,22,0,40
2024-02-23T20:42:40,18,22,0,40
2024-02-23T20:57:59,18,22,0,40
2024-02-23T21:13:18,18,22,0,40
2024-02-23T21:28:37,18,22,0,40
2024-02-23T21:43:57,18,22,0,40
2024-02-23T21:59:16,18,22,0,40
2024-02-23T22:14:35,18,22,0,40
2024-02-23T22:29:54,18,22,0,40
2024-02-23T22:45:13,18,22,0,40
2024-02-23T23:00:42,18,22,0,40
2024-02-23T23:16:02,18,22,0,40
2024-02-23T23:31:22,18,22,0,40
2024-02-23T23:46:42,18,22,0,40
2024-02-24T00:02:04,18,22,0,40
2024-02-24T00:17:29,18,22,0,40
2024-02-24T00:32:52,18,22,0,40
2024-02-24T00:48:17,18,22,0,40
2024-02-24T01:03:40,18,22,0,40
2024-02-24T01:19:02,18,22,0,40
2024-02-24T01:34:24,18,22,0,40
2024-02-24T01:49:54,18,22,0,40
2024-02-24T02:05:17,18,22,0,40
2024-02-24T02:20:38,18,22,0,40
2024-02-24T02:35:58,18,22,0,40
2024-02-24T02:51:19,18,22,0,40
2024-02-24T03:06:40,18,22,0,40
2024-02-24T03:22:03,18,22,0,40
2024-02-24T03:37:24,18,22,0,40
2024-02-24T03:52:45,18,22,0,40
2024-02-24T04:08:07,18,22,0,40
2024-02-24T04:32:11,18,22,0,40
2024-02-24T04:49:33,18,22,0,40
2024-02-24T05:04:56,18,22,0,40
2024-02-24T05:20:19,18,22,0,40
2024-02-24T05:35:41,18,22,0,40
2024-02-24T05:51:04,18,22,0,40
2024-02-24T06:06:26,18,22,0,40
2024-02-24T06:21:50,18,22,0,40
2024-02-24T06:37:11,18,22,0,40
2024-02-24T06:52:33,18,22,0,40
2024-02-24T07:07:55,18,22,0,40
2024-02-24T07:23:17,18,22,0,40
2024-02-24T07:38:38,18,22,0,40
2024-02-24T07:53:59,18,22,0,40
2024-02-24T08:09:20,18,22,0,40
2024-02-24T08:24:49,18,22,0,40
2024-02-24T08:40:11,18,22,0,40
2024-02-24T08:55:33,18,22,0,40
2024-02-24T09:10:54,18,22,0,40
2024-02-24T09:26:16,18,22,0,40
2024-02-24T09:41:37,18,22,0,40
2024-02-24T09:56:58,18,22,0,40
2024-02-24T10:12:19,18,22,0,40
2024-02-24T10:27:39,18,22,0,40
2024-02-24T10:43:00,18,22,0,40
2024-02-24T10:58:21,18,22,0,40
2024-02-24T11:13:41,18,22,0,40
2024-02-24T11:29:01,18,22,0,40
2024-02-24T11:44:31,18,22,0,40
2024-02-24T11:59:51,18,22,0,40
2024-02-24T12:15:11,18,22,0,40
2024-02-24T12:30:30,18,22,0,40
2024-02-24T12:45:49,18,22,0,40
2024-02-24T13:01:09,18,22,0,40
2024-02-24T13:16:28,18,22,0,40
2024-02-24T13:31:57,18,22,0,40
2024-02-24T13:47:17,18,22,0,40
2024-02-24T14:02:35,18,22,0,40
2024-02-24T14:17:54,18,22,0,40
2024-02-24T14:33:14,18,22,0,40
2024-02-24T14:48:33,18,22,0,40
2024-02-24T15:03:53,18,22,0,40
2024-02-24T15:19:24,18,22,0,40
2024-02-24T15:34:43,18,22,0,40
2024-02-24T15:50:02,18,22,0,40
2024-02-24T16:05:21,18,22,0,40
2024-02-24T16:20:40,18,22,0,40
2024-02-24T16:35:59,18,22,0,40
2024-02-24T16:51:18,18,22,0,40
2024-02-24T17:06:38,18,22,0,40
2024-02-24T17:21:57,18,22,0,40
2024-02-24T17:37:26,18,22,0,40
2024-02-24T17:52:45,18,22,0,40
2024-02-24T18:08:06,18,22,0,40
2024-02-24T18:23:26,18,22,0,40
2024-02-24T18:38:45,18,22,0,40
2024-02-24T18:54:05,18,22,0,40
2024-02-24T19:09:25,18,22,0,40
2024-02-24T19:24:44,18,22,0,40
2024-02-24T19:40:04,18,22,0,40
2024-02-24T19:55:33,18,22,0,40
2024-02-24T20:10:53,18,22,0,40
2024-02-24T20:26:14,18,22,0,40
2024-02-24T20:41:34,18,22,0,40
2024-02-24T20:56:54,18,22,0,40
2024-02-24T21:12:14,18,22,0,40
2024-02-24T21:27:33,18,22,0,40
2024-02-24T21:42:52,18,22,0,40
2024-02-24T21:58:12,18,22,0,40
2024-02-24T22:13:31,18,22,0,40
2024-02-24T22:28:51,18,22,0,40
2024-02-24T22:44:19,18,22,0,40
2024-02-24T22:59:38,18,22,0,40
2024-02-24T23:14:57,18,22,0,40
2024-02-24T23:30:16,18,22,0,40
2024-02-24T23:45:35,18,22,0,40
2024-02-25T00:00:54,18,22,0,40
2024-02-25T00:16:16,18,22,0,40
2024-02-25T00:31:38,18,22,0,40
2024-02-25T00:46:59,18,22,0,40
2024-02-25T01:02:20,18,22,0,40
2024-02-25T01:17:49,18,22,0,40
2024-02-25T01:33:09,18,22,0,40
2024-02-25T01:48:29,18,22,0,40
2024-02-25T02:03:50,18,22,0,40
2024-02-25T02:19:10,18,22,0,40
2024-02-25T02:34:31,18,22,0,40
2024-02-25T02:49:50,18,22,0,40
2024-02-25T03:05:10,18,22,0,40
2024-02-25T03:20:30,18,22,0,40
2024-02-25T03:35:51,18,22,0,40
2024-02-25T03:51:15,18,22,0,40
2024-02-25T04:06:39,18,22,0,40
2024-02-25T04:34:38,18,22,0,40
2024-02-25T04:51:25,18,22,0,40
2024-02-25T05:07:18,18,22,0,40
2024-02-25T05:22:51,18,22,0,40
2024-02-25T05:38:16,18,22,0,40
2024-02-25T05:53:41,18,22,0,40
2024-02-25T06:09:13,18,22,0,40
2024-02-25T06:24:39,18,22,0,40
2024-02-25T06:40:04,18,22,0,40
2024-02-25T06:55:27,18,22,0,40
2024-02-25T07:10:50,18,22,0,40
2024-02-25T07:26:15,18,22,0,40
2024-02-25T07:41:38,18,22,0,40
2024-02-25T07:57:03,18,22,0,40
2024-02-25T08:12:29,18,22,0,40
2024-02-25T08:27:53,18,22,0,40
2024-02-25T08:43:26,18,22,0,40
2024-02-25T08:58:50,18,22,0,40
2024-02-25T09:14:13,18,22,0,40
2024-02-25T09:29:34,18,22,0,40
2024-02-25T09:44:54,18,22,0,40
2024-02-25T10:00:14,18,22,0,40
2024-02-25T10:15:35,18,22,0,40
2024-02-25T10:30:55,18,22,0,40
2024-02-25T10:46:15,18,22,0,40
2024-02-25T11:01:35,18,22,0,40
2024-02-25T11:16:56,18,22,0,40
2024-02-25T11:32:17,18,22,0,40
2024-02-25T11:47:37,18,22,0,40
2024-02-25T12:02:57,18,22,0,40
2024-02-25T12:18:26,18,22,0,40
2024-02-25T12:33:45,18,22,0,40
2024-02-25T12:49:05,18,22,0,40
2024-02-25T13:04:24,18,22,0,40
2024-02-25T13:19:42,18,22,0,40
2024-02-25T13:35:01,18,22,0,40
2024-02-25T13:50:20,18,22,0,40
2024-02-25T14:05:39,18,22,0,40
2024-02-25T14:20:58,18,22,0,40
2024-02-25T14:36:28,18,22,0,40
2024-02-25T14:51:49,18,22,0,40
2024-02-25T15:07:08,18,22,0,40
2024-02-25T15:22:27,18,22,0,40
2024-02-25T15:37:47,18,22,0,40
2024-02-25T15:53:06,18,22,0,40
2024-02-25T16:08:25,18,22,0,40
2024-02-25T16:23:55,18,22,0,40
2024-02-25T16:39:14,18,22,0,40
2024-02-25T16:54:34,18,22,0,40
2024-02-25T17:09:53,18,22,0,40
2024-02-25T17:25:12,18,22,0,40
2024-02-25T17:40:31,18,22,0,40
2024-02-25T17:55:49,18,22,0,40
2024-02-25T18:11:09,18,22,0,40
2024-02-25T18:26:38,18,22,0,40
2024-02-25T18:41:58,18,22,0,40
2024-02-25T18:57:18,18,22,0,40
2024-02-25T19:12:40,18,22,0,40
2024-02-25T19:27:59,18,22,0,40
2024-02-25T19:43:17,18,22,0,40
2024-02-25T19:58:36,18,22,0,40
2024-02-25T20:14:04,18,22,0,40
2024-02-25T20:29:24,18,22,0,40
2024-02-25T20:44:43,18,22,0,40
2024-02-25T21:00:02,18,22,0,40
2024-02-25T21:15:21,18,22,0,40
2024-02-25T21:30:42,18,22,0,40
2024-02-25T21:46:11,18,22,0,40
2024-02-25T22:01:30,18,22,0,40
2024-02-25T22:16:50,18,22,0,40
2024-02-25T22:32:09,18,22,0,40
2024-02-25T22:47:28,18,22,0,40
2024-02-25T23:02:47,18,22,0,40
2024-02-25T23:18:17,18,22,0,40
2024-02-25T23:33:37,18,22,0,40
2024-02-25T23:48:56,18,22,0,40
2024-02-26T00:05:19,18,22,0,40
2024-02-26T00:20:53,18,22,0,40
2024-02-26T00:36:27,18,22,0,40
2024-02-26T00:51:52,18,22,0,40
2024-02-26T01:07:13,18,22,0,40
2024-02-26T01:22:43,18,22,0,40
2024-02-26T01:38:09,18,22,0,40
2024-02-26T01:53:32,18,22,0,40
2024-02-26T02:09:09,18,22,0,40
2024-02-26T02:24:36,18,22,0,40
2024-02-26T02:39:59,18,22,0,40
2024-02-26T02:55:20,18,22,0,40
2024-02-26T03:10:43,18,22,0,40
2024-02-26T03:26:14,18,22,0,40
2024-02-26T03:41:37,18,22,0,40
2024-02-26T03:56:59,18,22,0,40
2024-02-26T04:32:19,18,22,0,40
2024-02-26T04:47:45,18,22,0,40
2024-02-26T05:03:21,18,22,0,40
2024-02-26T05:18:46,18,22,0,40
2024-02-26T05:34:10,18,22,0,40
2024-02-26T05:49:34,18,22,0,40
2024-02-26T06:05:00,18,22,0,40
2024-02-26T06:20:24,18,22,0,40
2024-02-26T06:35:46,18,22,0,40
2024-02-26T06:51:07,18,22,0,40
2024-02-26T07:06:27,18,22,0,40
2024-02-26T07:21:47,18,22,0,40
2024-02-26T07:37:07,18,22,0,40
2024-02-26T07:52:26,18,22,0,40
2024-02-26T08:07:45,18,22,0,40
2024-02-26T08:23:04,18,22,0,40
2024-02-26T08:38:22,18,22,0,40
2024-02-26T08:53:51,18,22,0,40
2024-02-26T09:09:11,18,22,0,40
2024-02-26T09:24:30,18,22,0,40
2024-02-26T09:39:50,18,22,0,40
2024-02-26T09:55:09,18,22,0,40
2024-02-26T10:10:30,18,22,0,40
2024-02-26T10:26:03,18,22,0,40
2024-02-26T10:41:24,18,22,0,40
2024-02-26T10:56:46,18,22,0,40
2024-02-26T11:12:20,18,22,0,40
2024-02-26T11:27:43,18,22,0,40
2024-02-26T11:43:04,18,22,0,40
2024-02-26T11:58:37,18,22,0,40
2024-02-26T12:14:01,18,22,0,40
2024-02-26T12:29:24,18,22,0,40
2024-02-26T12:44:55,18,22,0,40
2024-02-26T13:00:17,18,22,0,40
2024-02-26T13:15:40,18,22,0,40
2024-02-26T13:31:14,18,22,0,40
2024-02-26T13:46:38,18,22,0,40
2024-02-26T14:02:15,18,22,0,40
2024-02-26T14:17:39,18,22,0,40
2024-02-26T14:33:04,18,22,0,40
2024-02-26T14:48:39,18,22,0,40
2024-02-26T15:04:03,18,22,0,40
2024-02-26T15:19:29,18,22,0,40
2024-02-26T15:35:05,18,22,0,40
2024-02-26T15:50:31,18,22,0,40
2024-02-26T16:05:57,18,22,0,40
2024-02-26T16:21:22,18,22,0,40
2024-02-26T16:36:58,18,22,0,40
2024-02-26T16:52:23,18,22,0,40
2024-02-26T17:07:49,18,22,0,40
2024-02-26T17:23:25,18,22,0,40
2024-02-26T17:38:51,18,22,0,40
2024-02-26T17:54:17,18,22,0,40
2024-02-26T18:09:43,18,22,0,40
2024-02-26T18:25:20,18,22,0,40
2024-02-26T18:40:46,18,22,0,40
2024-02-26T18:56:11,18,22,0,40
2024-02-26T19:11:37,18,22,0,40
2024-02-26T19:27:03,18,22,0,40
2024-02-26T19:42:38,18,22,0,40
2024-02-26T19:58:04,18,22,0,40
2024-02-26T20:13:29,18,22,0,40
2024-02-26T20:28:55,18,22,0,40
2024-02-26T20:44:32,18,22,0,40
2024-02-26T20:59:57,18,22,0,40
2024-02-26T21:15:22,18,22,0,40
2024-02-26T21:30:47,18,22,0,40
2024-02-26T21:46:13,18,22,0,40
2024-02-26T22:01:49,18,22,0,40
2024-02-26T22:17:14,18,22,0,40
2024-02-26T22:32:40,18,22,0,40
2024-02-26T22:48:05,18,22,0,40
2024-02-26T23:03:31,18,22,0,40
2024-02-26T23:19:08,18,22,0,40
2024-02-26T23:34:34,18,22,0,40
2024-02-26T23:50:00,18,22,0,40
2024-02-27T00:05:28,18,22,0,40
2024-02-27T00:32:42,18,22,0,40
2024-02-27T00:48:12,18,22,0,40
2024-02-27T03:06:05,18,22,0,40
2024-02-27T03:21:31,18,22,0,40
2024-02-27T03:36:56,18,22,0,40
2024-02-27T03:52:28,18,22,0,40
2024-02-27T04:07:58,18,22,0,40
2024-02-27T04:38:27,18,22,0,40
2024-02-27T04:55:27,18,22,0,40
2024-02-27T05:10:58,18,22,0,40
2024-02-27T05:26:28,18,22,0,40
2024-02-27T05:42:00,18,22,0,40
2024-02-27T05:57:30,18,22,0,40
2024-02-27T06:13:05,18,22,0,40
2024-02-27T06:28:33,18,22,0,40
2024-02-27T06:44:01,18,22,0,40
2024-02-27T06:59:26,18,22,0,40
2024-02-27T07:14:51,18,22,0,40
2024-02-27T07:30:19,18,22,0,40
2024-02-27T07:45:46,18,22,0,40
2024-02-27T08:01:15,18,22,0,40
2024-02-27T08:16:43,18,22,0,40
2024-02-27T08:32:10,18,22,0,40
2024-02-27T08:47:48,18,22,0,40
2024-02-27T09:03:17,18,22,0,40
2024-02-27T09:18:44,18,22,0,40
2024-02-27T09:34:12,18,22,0,40
2024-02-27T09:49:41,18,22,0,40
2024-02-27T10:05:21,18,22,0,40
2024-02-27T10:20:49,18,22,0,40
2024-02-27T10:36:17,18,22,0,40
2024-02-27T10:51:44,18,22,0,40
2024-02-27T11:07:22,18,22,0,40
2024-02-27T11:22:51,18,22,0,40
2024-02-27T11:38:19,18,22,0,40
2024-02-27T11:53:58,18,22,0,40
2024-02-27T12:09:27,18,22,0,40
2024-02-27T12:24:55,18,22,0,40
2024-02-27T12:40:31,18,22,0,40
2024-02-27T12:55:57,18,22,0,40
2024-02-27T13:11:23,18,22,0,40
2024-02-27T13:26:59,18,22,0,40
2024-02-27T13:42:26,18,22,0,40
2024-02-27T13:57:53,18,22,0,40
2024-02-27T14:13:36,18,22,0,40
2024-02-27T14:29:03,18,22,0,40
2024-02-27T14:44:30,18,22,0,40
2024-02-27T15:00:09,18,22,0,40
2024-02-27T15:15:38,18,22,0,40
2024-02-27T15:31:15,18,22,0,40
2024-02-27T15:46:54,18,22,0,40
2024-02-27T16:02:22,18,22,0,40
2024-02-27T16:17:50,18,22,0,40
2024-02-27T16:33:29,18,22,0,40
2024-02-27T16:48:57,18,22,0,40
2024-02-27T17:04:26,18,22,0,40
2024-02-27T17:20:07,18,22,0,40
2024-02-27T17:35:36,18,22,0,40
2024-02-27T17:51:03,18,22,0,40
2024-02-27T18:06:32,18,22,0,40
2024-02-27T18:22:12,18,22,0,40
2024-02-27T18:37:40,18,22,0,40
2024-02-27T18:53:08,18,22,0,40
2024-02-27T19:08:37,18,22,0,40
2024-02-27T19:24:18,18,22,0,40
2024-02-27T19:39:46,18,22,0,40
2024-02-27T19:55:14,18,22,0,40
2024-02-27T20:10:44,18,22,0,40
2024-02-27T20:26:24,18,22,0,40
2024-02-27T20:41:52,18,22,0,40
2024-02-27T20:57:20,18,22,0,40
2024-02-27T21:12:47,18,22,0,40
2024-02-27T21:28:24,18,22,0,40
2024-02-27T21:43:51,18,22,0,40
2024-02-27T21:59:20,18,22,0,40
2024-02-27T22:14:49,18,22,0,40
2024-02-27T22:30:16,18,22,0,40
2024-02-27T22:45:57,18,22,0,40
2024-02-27T23:01:24,18,22,0,40
2024-02-27T23:16:55,18,22,0,40
2024-02-27T23:32:23,18,22,0,40
2024-02-27T23:47:51,18,22,0,40
2024-02-28T00:03:19,18,22,0,40
2024-02-28T00:19:01,18,22,0,40
2024-02-28T00:34:32,18,22,0,40
2024-02-28T00:50:03,18,22,0,40
2024-02-28T01:05:35,18,22,0,40
2024-02-28T01:21:06,18,22,0,40
2024-02-28T01:36:34,18,22,0,40
2024-02-28T01:52:05,18,22,0,40
2024-02-28T02:07:35,18,22,0,40
2024-02-28T02:23:04,18,22,0,40
2024-02-28T02:38:35,18,22,0,40
2024-02-28T02:54:06,18,22,0,40
2024-02-28T03:09:45,18,22,0,40
2024-02-28T03:25:14,18,22,0,40
2024-02-28T03:40:44,18,22,0,40
2024-02-28T03:56:15,18,22,0,40
2024-02-28T04:14:13,18,22,0,40
2024-02-28T04:37:37,18,22,0,40
2024-02-28T04:53:11,18,22,0,40
2024-02-28T05:09:02,18,22,0,40
2024-02-28T05:24:33,18,22,0,40
2024-02-28T05:40:05,18,22,0,40
2024-02-28T05:55:36,18,22,0,40
2024-02-28T06:11:11,18,22,0,40
2024-02-28T06:26:43,18,22,0,40
2024-02-28T06:42:13,18,22,0,40
2024-02-28T06:57:44,18,22,0,40
2024-02-28T07:13:15,18,22,0,40
2024-02-28T07:28:43,18,22,0,40
2024-02-28T07:44:13,18,22,0,40
2024-02-28T07:59:42,18,22,0,40
2024-02-28T08:15:13,18,22,0,40
2024-02-28T08:30:44,18,22,0,40
2024-02-28T08:47:22,18,22,0,40
2024-02-28T09:03:51,18,22,0,40
2024-02-28T09:19:24,18,22,0,40
2024-02-28T09:34:52,18,22,0,40
2024-02-28T09:50:20,18,22,0,40
2024-02-28T10:06:01,18,22,0,40
2024-02-28T10:21:29,18,22,0,40
2024-02-28T10:36:58,18,22,0,40
2024-02-28T10:52:27,18,22,0,40
2024-02-28T11:08:08,18,22,0,40
2024-02-28T11:23:37,18,22,0,40
2024-02-28T11:39:09,18,22,0,40
2024-02-28T11:54:48,18,22,0,40
2024-02-28T12:10:17,18,22,0,40
2024-02-28T12:25:54,18,22,0,40
2024-02-28T12:41:22,18,22,0,40
2024-02-28T12:56:49,18,22,0,40
2024-02-28T13:12:31,18,22,0,40
2024-02-28T13:27:59,18,22,0,40
2024-02-28T13:43:29,18,22,0,40
2024-02-28T13:59:08,18,22,0,40
2024-02-28T14:14:37,18,22,0,40
2024-02-28T14:30:19,18,22,0,40
2024-02-28T14:45:49,18,22,0,40
2024-02-28T15:01:19,18,22,0,40
2024-02-28T15:17:00,18,22,0,40
2024-02-28T15:32:33,18,22,0,40
2024-02-28T15:48:02,18,22,0,40
2024-02-28T16:03:46,18,22,0,40
2024-02-28T16:19:18,18,22,0,40
2024-02-28T16:35:01,18,22,0,40
2024-02-28T16:50:31,18,22,0,40
2024-02-28T17:06:02,18,22,0,40
2024-02-28T17:21:47,18,22,0,40
2024-02-28T17:37:17,18,22,0,40
2024-02-28T17:52:48,18,22,0,40
2024-02-28T18:08:19,18,22,0,40
2024-02-28T18:23:59,18,22,0,40
2024-02-28T18:39:30,18,22,0,40
2024-02-28T18:55:00,18,22,0,40
2024-02-28T19:10:42,18,22,0,40
2024-02-28T19:26:11,18,22,0,40
2024-02-28T19:41:40,18,22,0,40
2024-02-28T19:57:19,18,22,0,40
2024-02-28T20:12:48,18,22,0,40
2024-02-28T20:28:17,18,22,0,40
2024-02-28T20:43:46,18,22,0,40
2024-02-28T20:59:26,18,22,0,40
2024-02-28T21:14:55,18,22,0,40
2024-02-28T21:30:23,18,22,0,40
2024-02-28T21:45:53,18,22,0,40
2024-02-28T22:01:33,18,22,0,40
2024-02-28T22:17:02,18,22,0,40
2024-02-28T22:32:30,18,22,0,40
2024-02-28T22:47:58,18,22,0,40
2024-02-28T23:03:38,18,22,0,40
2024-02-28T23:19:07,18,22,0,40
2024-02-28T23:34:36,18,22,0,40
2024-02-28T23:50:04,18,22,0,40
2024-02-29T00:05:34,18,22,0,40
2024-02-29T00:21:06,18,22,0,40
2024-02-29T00:36:49,18,22,0,40
2024-02-29T00:52:22,18,22,0,40
2024-02-29T01:07:54,18,22,0,40
2024-02-29T01:23:24,18,22,0,40
2024-02-29T01:38:55,18,22,0,40
2024-02-29T01:54:25,18,22,0,40
2024-02-29T02:09:56,18,22,0,40
2024-02-29T02:25:26,18,22,0,40
2024-02-29T02:41:09,18,22,0,40
2024-02-29T02:56:38,18,22,0,40
2024-02-29T03:12:08,18,22,0,40
2024-02-29T03:27:37,18,22,0,40
2024-02-29T03:43:07,18,22,0,40
2024-02-29T03:58:39,18,22,0,40
2024-02-29T04:35:19,18,22,0,40
2024-02-29T04:51:14,18,22,0,40
2024-02-29T05:06:50,18,22,0,40
2024-02-29T05:22:22,18,22,0,40
2024-02-29T05:37:58,18,22,0,40
2024-02-29T05:53:30,18,22,0,40
2024-02-29T06:10:04,18,22,0,40
2024-02-29T06:27:32,18,22,0,40
2024-02-29T06:43:03,18,22,0,40
2024-02-29T06:58:44,18,22,0,40
2024-02-29T07:16:15,18,22,0,40
2024-02-29T07:32:46,18,22,0,40
2024-02-29T07:48:15,18,22,0,40
2024-02-29T08:03:45,18,22,0,40
2024-02-29T08:19:15,18,22,0,40
2024-02-29T08:34:47,18,22,0,40
2024-02-29T08:50:18,18,22,0,40
2024-02-29T09:05:47,18,22,0,40
2024-02-29T09:21:31,18,22,0,40
2024-02-29T09:37:00,18,22,0,40
2024-02-29T09:52:32,18,22,0,40
2024-02-29T10:08:03,18,22,0,40
2024-02-29T10:23:45,18,22,0,40
2024-02-29T10:39:18,18,22,0,40
2024-02-29T10:54:49,18,22,0,40
2024-02-29T11:10:32,18,22,0,40
2024-02-29T11:26:04,18,22,0,40
2024-02-29T11:41:35,18,22,0,40
2024-02-29T11:57:17,18,22,0,40
2024-02-29T12:12:58,18,22,0,40
2024-02-29T12:28:38,18,22,0,40
2024-02-29T12:44:11,18,22,0,40
2024-02-29T13:01:48,18,22,0,40
2024-02-29T13:20:39,18,22,0,40
2024-02-29T13:38:16,18,22,0,40
2024-02-29T13:53:50,18,22,0,40
2024-02-29T14:09:33,18,22,0,40
2024-02-29T14:25:06,18,22,0,40
2024-02-29T14:40:49,18,22,0,40
2024-02-29T14:56:28,18,22,0,40
2024-02-29T15:12:15,18,22,0,40
2024-02-29T15:27:47,18,22,0,40
2024-02-29T15:43:35,18,22,0,40
2024-02-29T15:59:07,18,22,0,40
2024-02-29T16:14:41,18,22,0,40
2024-02-29T16:30:25,18,22,0,40
2024-02-29T16:45:57,19,21,0,40
2024-02-29T17:01:30,19,21,0,40
2024-02-29T17:17:14,19,21,0,40
2024-02-29T17:32:46,19,21,0,40
2024-02-29T17:48:18,19,21,0,40
2024-02-29T18:04:04,19,21,0,40
2024-02-29T18:19:35,19,21,0,40
2024-02-29T18:35:09,19,21,0,40
2024-02-29T18:50:40,19,21,0,40
2024-02-29T19:06:25,19,21,0,40
2024-02-29T19:21:57,19,21,0,40
2024-02-29T19:37:29,19,21,0,40
2024-02-29T19:53:14,19,21,0,40
2024-02-29T20:08:46,19,21,0,40
2024-02-29T20:24:17,19,21,0,40
2024-02-29T20:39:48,19,21,0,40
2024-02-29T20:55:31,19,21,0,40
2024-02-29T21:11:01,19,21,0,40
2024-02-29T21:26:31,19,21,0,40
2024-02-29T21:42:01,19,21,0,40
2024-02-29T21:57:32,19,21,0,40
2024-02-29T22:13:20,19,21,0,40
2024-02-29T22:28:49,19,21,0,40
2024-02-29T22:44:20,19,21,0,40
2024-02-29T22:59:49,19,21,0,40
2024-02-29T23:15:32,19,21,0,40
2024-02-29T23:31:03,19,21,0,40
2024-02-29T23:46:33,19,21,0,40
2024-03-01T00:02:03,19,21,0,40
2024-03-01T00:17:37,19,21,0,40
2024-03-01T00:33:09,19,21,0,40
2024-03-01T00:48:55,19,21,0,40
2024-03-01T01:04:29,19,21,0,40
2024-03-01T01:20:02,19,21,0,40
2024-03-01T01:35:36,19,21,0,40
2024-03-01T01:51:07,19,21,0,40
2024-03-01T02:06:38,19,21,0,40
2024-03-01T02:22:10,19,21,0,40
2024-03-01T02:37:44,19,21,0,40
2024-03-01T02:53:15,19,21,0,40
2024-03-01T03:09:00,19,21,0,40
2024-03-01T03:24:35,19,21,0,40
2024-03-01T03:40:08,19,21,0,40
2024-03-01T03:55:42,19,21,0,40
2024-03-01T04:29:00,19,21,0,40
2024-03-01T04:45:52,19,21,0,40
2024-03-01T05:01:49,19,21,0,40
2024-03-01T05:17:23,19,21,0,40
2024-03-01T05:32:56,19,21,0,40
2024-03-01T05:48:31,19,21,0,40
2024-03-01T06:04:07,19,21,0,40
2024-03-01T06:19:40,19,21,0,40
2024-03-01T06:35:13,19,21,0,40
2024-03-01T06:50:45,19,21,0,40
2024-03-01T07:06:17,19,21,0,40
2024-03-01T07:24:46,19,21,0,40
2024-03-01T07:43:15,19,21,0,40
2024-03-01T07:59:46,19,21,0,40
2024-03-01T08:15:28,19,21,0,40
2024-03-01T08:30:59,19,21,0,40
2024-03-01T08:46:31,19,21,0,40
2024-03-01T09:02:03,19,21,0,40
2024-03-01T09:17:35,19,21,0,40
2024-03-01T09:33:19,19,21,0,40
2024-03-01T09:49:05,19,21,0,40
2024-03-01T10:04:38,19,21,0,40
2024-03-01T10:20:13,19,21,0,40
2024-03-01T10:36:02,19,21,0,40
2024-03-01T10:51:38,19,21,0,40
2024-03-01T11:07:26,19,21,0,40
2024-03-01T11:23:12,19,21,0,40
2024-03-01T11:38:46,19,21,0,40
2024-03-01T11:54:22,19,21,0,40
2024-03-01T12:10:16,19,21,0,40
2024-03-01T12:25:59,19,21,0,40
2024-03-01T12:42:54,19,21,0,40
2024-03-01T12:58:32,19,21,0,40
2024-03-01T13:14:19,19,21,0,40
2024-03-01T13:30:04,19,21,0,40
2024-03-01T13:45:40,19,21,0,40
2024-03-01T14:01:26,19,21,0,40
2024-03-01T14:16:59,19,21,0,40
2024-03-01T14:32:36,19,21,0,40
2024-03-01T14:48:22,19,21,0,40
2024-03-01T15:03:56,19,21,0,40
2024-03-01T15:19:41,19,21,0,40
2024-03-01T15:35:17,19,21,0,40
2024-03-01T15:50:52,19,21,0,40
2024-03-01T16:06:38,19,21,0,40
2024-03-01T16:22:13,19,21,0,40
2024-03-01T16:37:48,19,21,0,40
2024-03-01T16:53:34,19,21,0,40
2024-03-01T17:09:11,19,21,0,40
2024-03-01T17:25:00,19,21,0,40
2024-03-01T17:40:47,19,21,0,40
2024-03-01T17:56:19,19,21,0,40
2024-03-01T18:11:52,19,21,0,40
2024-03-01T18:27:35,19,21,0,40
2024-03-01T18:43:07,19,21,0,40
2024-03-01T18:58:38,19,21,0,40
2024-03-01T19:14:09,19,21,0,40
2024-03-01T19:29:40,19,21,0,40
2024-03-01T19:45:11,19,21,0,40
2024-03-01T20:00:53,19,21,0,40
2024-03-01T20:16:29,19,21,0,40
2024-03-01T20:32:01,19,21,0,40
2024-03-01T20:47:32,19,21,0,40
2024-03-01T21:03:03,19,21,0,40
2024-03-01T21:18:34,19,21,0,40
2024-03-01T21:34:16,19,21,0,40
2024-03-01T21:49:47,19,21,0,40
2024-03-01T22:05:18,19,21,0,40
2024-03-01T22:20:50,19,21,0,40
2024-03-01T22:36:21,19,21,0,40
2024-03-01T22:51:53,19,21,0,40
2024-03-01T23:07:35,19,21,0,40
2024-03-01T23:23:07,19,21,0,40
2024-03-01T23:38:39,19,21,0,40
2024-03-01T23:54:11,19,21,0,40
2024-03-02T00:09:44,19,21,0,40
2024-03-02T00:25:21,19,21,0,40
2024-03-02T00:40:55,19,21,0,40
2024-03-02T00:56:30,19,21,0,40
2024-03-02T01:12:14,19,21,0,40
2024-03-02T01:27:48,19,21,0,40
2024-03-02T01:43:22,19,21,0,40
2024-03-02T01:58:55,19,21,0,40
2024-03-02T02:14:29,19,21,0,40
2024-03-02T02:30:03,19,21,0,40
2024-03-02T02:45:37,19,21,0,40
2024-03-02T03:01:08,19,21,0,40
2024-03-02T03:16:43,19,21,0,40
2024-03-02T03:32:27,19,21,0,40
2024-03-02T03:47:58,19,21,0,40
2024-03-02T04:03:31,19,21,0,40
2024-03-02T04:19:05,19,21,0,40
2024-03-04T11:15:56,20,20,0,40
2024-03-04T11:31:39,20,20,0,40
2024-03-04T11:47:38,20,20,0,40
2024-03-04T12:03:20,20,20,0,40
2024-03-04T12:19:02,20,20,0,40
2024-03-04T12:34:44,20,20,0,40
2024-03-04T12:50:35,20,20,0,40
2024-03-04T13:06:17,20,20,0,40
2024-03-04T13:21:58,20,20,0,40
2024-03-04T13:37:40,20,20,0,40
2024-03-04T13:53:32,20,20,0,40
2024-03-04T14:09:14,20,20,0,40
2024-03-04T14:24:56,20,20,0,40
2024-03-04T14:40:58,20,20,0,40
2024-03-04T14:56:39,20,20,0,40
2024-03-04T15:12:21,20,20,0,40
2024-03-04T15:28:03,20,20,0,40
2024-03-04T15:43:55,20,20,0,40
2024-03-04T15:59:38,20,20,0,40
2024-03-04T16:15:20,20,20,0,40
2024-03-04T16:31:22,20,20,0,40
2024-03-04T16:47:04,20,20,0,40
2024-03-04T17:02:46,20,20,0,40
2024-03-04T17:18:29,20,20,0,40
2024-03-04T17:34:23,20,20,0,40
2024-03-04T17:50:05,20,20,0,40
2024-03-04T18:05:46,20,20,0,40
2024-03-04T18:21:28,20,20,0,40
2024-03-04T18:37:10,20,20,0,40
2024-03-04T18:53:02,20,20,0,40
2024-03-04T19:08:44,20,20,0,40
2024-03-04T19:24:26,20,20,0,40
2024-03-04T19:40:08,20,20,0,40
2024-03-04T19:55:50,20,20,0,40
2024-03-04T20:11:41,20,20,0,40
2024-03-04T20:27:23,20,20,0,40
2024-03-04T20:43:05,20,20,0,40
2024-03-04T20:58:47,20,20,0,40
2024-03-04T21:14:39,20,20,0,40
2024-03-04T21:30:21,20,20,0,40
2024-03-04T21:46:03,20,20,0,40
2024-03-04T22:01:45,20,20,0,40
2024-03-04T22:17:27,20,20,0,40
2024-03-04T22:33:29,20,20,0,40
2024-03-04T22:49:13,20,20,0,40
2024-03-04T23:04:56,20,20,0,40
2024-03-04T23:20:38,20,20,0,40
2024-03-04T23:36:20,20,20,0,40
2024-03-04T23:52:03,20,20,0,40
2024-03-05T00:07:57,20,20,0,40
2024-03-05T00:23:43,20,20,0,40
2024-03-05T00:39:29,20,20,0,40
2024-03-05T00:55:16,20,20,0,40
2024-03-05T01:11:02,20,20,0,40
2024-03-05T01:26:47,20,20,0,40
2024-03-05T01:42:32,20,20,0,40
2024-03-05T01:58:16,20,20,0,40
2024-03-05T02:14:00,20,20,0,40
2024-03-05T02:30:05,20,20,0,40
2024-03-05T02:45:51,20,20,0,40
2024-03-05T03:01:34,20,20,0,40
2024-03-05T03:17:18,20,20,0,40
2024-03-05T03:33:02,20,20,0,40
2024-03-05T03:48:47,20,20,0,40
2024-03-05T04:04:34,20,20,0,40
2024-03-05T04:38:44,20,20,0,40
2024-03-05T04:56:10,20,20,0,40
2024-03-05T05:11:57,20,20,0,40
2024-03-05T05:27:44,20,20,0,40
2024-03-05T05:43:31,20,20,0,40
2024-03-05T05:59:17,20,20,0,40
2024-03-05T06:15:15,20,20,0,40
2024-03-05T06:31:01,20,20,0,40
2024-03-05T06:46:46,20,20,0,40
2024-03-05T07:02:30,20,20,0,40
2024-03-05T07:18:16,20,20,0,40
2024-03-05T07:34:01,20,20,0,40
2024-03-05T07:49:48,20,20,0,40
2024-03-05T08:05:39,20,20,0,40
2024-03-05T08:21:48,20,20,0,40
2024-03-05T08:37:33,20,20,0,40
2024-03-05T08:53:19,20,20,0,40
2024-03-05T09:09:03,20,20,0,40
2024-03-05T09:24:47,20,20,0,40
2024-03-05T09:40:31,20,20,0,40
2024-03-05T09:56:25,20,20,0,40
2024-03-05T10:12:09,20,20,0,40
2024-03-05T10:27:54,20,20,0,40
2024-03-05T10:43:38,20,20,0,40
2024-03-05T10:59:41,20,20,0,40
2024-03-05T11:15:26,20,20,0,40
2024-03-05T11:31:19,20,20,0,40
2024-03-05T11:47:03,20,20,0,40
2024-03-05T12:02:48,20,20,0,40
2024-03-05T12:18:50,20,20,0,40
2024-03-05T12:34:33,20,20,0,40
2024-03-05T12:50:17,20,20,0,40
2024-03-05T13:06:13,20,20,0,40
2024-03-05T13:21:58,20,20,0,40
2024-03-05T13:37:42,20,20,0,40
2024-03-05T13:53:44,20,20,0,40
2024-03-05T14:09:29,20,20,0,40
2024-03-05T14:25:14,20,20,0,40
2024-03-05T14:40:58,20,20,0,40
2024-03-05T14:56:53,20,20,0,40
2024-03-05T15:12:37,21,19,0,40
2024-03-05T15:28:21,21,19,0,40
2024-03-05T15:44:23,21,19,0,40
2024-03-05T16:00:07,21,19,0,40
2024-03-05T16:15:51,21,19,0,40
2024-03-05T16:31:45,21,19,0,40
2024-03-05T16:47:29,21,19,0,40
2024-03-05T17:03:13,21,19,0,40
2024-03-05T17:19:08,21,19,0,40
2024-03-05T17:34:52,21,19,0,40
2024-03-05T17:50:35,21,19,0,40
2024-03-05T18:06:18,21,19,0,40
2024-03-05T18:22:02,21,19,0,40
2024-03-05T18:37:57,21,19,0,40
2024-03-05T18:53:40,21,19,0,40
2024-03-05T19:09:24,21,19,0,40
2024-03-05T19:25:26,21,19,0,40
2024-03-05T19:41:09,21,19,0,40
2024-03-05T19:56:52,21,19,0,40
2024-03-05T20:12:36,21,19,0,40
2024-03-05T20:28:19,21,19,0,40
2024-03-05T20:44:14,21,19,0,40
2024-03-05T20:59:57,21,19,0,40
2024-03-05T21:15:41,21,19,0,40
2024-03-05T21:31:27,21,19,0,40
2024-03-05T21:47:20,21,19,0,40
2024-03-05T22:03:03,21,19,0,40
2024-03-05T22:18:47,21,19,0,40
2024-03-05T22:34:30,21,19,0,40
2024-03-05T22:50:34,21,19,0,40
2024-03-05T23:06:18,21,19,0,40
2024-03-05T23:22:02,21,19,0,40
2024-03-05T23:37:46,21,19,0,40
2024-03-05T23:53:29,21,19,0,40
2024-03-06T00:09:24,21,19,0,40
2024-03-06T00:25:11,21,19,0,40
2024-03-06T00:40:58,21,19,0,40
2024-03-06T00:56:46,21,19,0,40
2024-03-06T01:12:32,21,19,0,40
2024-03-06T01:28:19,21,19,0,40
2024-03-06T01:44:16,21,19,0,40
2024-03-06T02:00:03,21,19,0,40
2024-03-06T02:15:50,21,19,0,40
2024-03-06T02:31:40,21,19,0,40
2024-03-06T02:47:28,21,19,0,40
2024-03-06T03:03:13,21,19,0,40
2024-03-06T03:19:11,21,19,0,40
2024-03-06T03:34:59,21,19,0,40
2024-03-06T03:50:46,21,19,0,40
2024-03-06T04:06:35,21,19,0,40
2024-03-06T04:38:02,21,19,0,40
2024-03-06T04:55:43,21,19,0,40
2024-03-06T05:11:35,21,19,0,40
2024-03-06T05:27:23,21,19,0,40
2024-03-06T05:43:10,21,19,0,40
2024-03-06T05:58:58,21,19,0,40
2024-03-06T06:14:45,21,19,0,40
2024-03-06T06:30:34,21,19,0,40
2024-03-06T06:49:26,21,19,0,40
2024-03-06T07:08:10,21,19,0,40
2024-03-06T07:24:54,21,19,0,40
2024-03-06T07:40:39,21,19,0,40
2024-03-06T07:57:23,21,19,0,40
2024-03-06T08:15:08,21,19,0,40
2024-03-06T08:33:51,21,19,0,40
2024-03-06T08:50:47,21,19,0,40
2024-03-06T09:06:32,21,19,0,40
2024-03-06T09:22:16,21,19,0,40
2024-03-06T09:38:01,21,19,0,40
2024-03-06T09:53:45,21,19,0,40
2024-03-06T10:09:28,21,19,0,40
2024-03-06T10:25:21,21,19,0,40
2024-03-06T10:41:04,21,19,0,40
2024-03-06T10:56:47,21,19,0,40
2024-03-06T11:12:40,21,19,0,40
2024-03-06T11:28:24,21,19,0,40
2024-03-06T11:44:09,21,19,0,40
2024-03-06T11:59:53,21,19,0,40
2024-03-06T12:15:48,21,19,0,40
2024-03-06T12:31:31,21,19,0,40
2024-03-06T12:47:14,21,19,0,40
2024-03-06T13:03:10,21,19,0,40
2024-03-06T13:18:53,21,19,0,40
2024-03-06T13:34:37,21,19,0,40
2024-03-06T13:50:20,21,19,0,40
2024-03-06T14:06:15,21,19,0,40
2024-03-06T14:21:58,21,19,0,40
2024-03-06T14:37:44,21,19,0,40
2024-03-06T14:53:28,21,19,0,40
2024-03-06T15:09:25,21,19,0,40
2024-03-06T15:25:10,21,19,0,40
2024-03-06T15:40:54,21,19,0,40
2024-03-06T15:56:47,21,19,0,40
2024-03-06T16:12:32,21,19,0,40
2024-03-06T16:28:16,21,19,0,40
2024-03-06T16:44:10,21,19,0,40
2024-03-06T16:59:53,21,19,0,40
2024-03-06T17:15:37,21,19,0,40
2024-03-06T17:31:20,21,19,0,40
2024-03-06T17:47:04,21,19,0,40
2024-03-06T18:02:58,21,19,0,40
2024-03-06T18:18:42,21,19,0,40
2024-03-06T18:34:26,21,19,0,40
2024-03-06T18:50:09,21,19,0,40
2024-03-06T19:05:53,21,19,0,40
2024-03-06T19:21:47,21,19,0,40
2024-03-06T19:37:30,21,19,0,40
2024-03-06T19:53:13,21,19,0,40
2024-03-06T20:08:57,21,19,0,40
2024-03-06T20:24:50,21,19,0,40
2024-03-06T20:40:33,21,19,0,40
2024-03-06T20:56:16,21,19,0,40
2024-03-06T21:12:00,21,19,0,40
2024-03-06T21:27:54,21,19,0,40
2024-03-06T21:43:39,21,19,0,40
2024-03-06T21:59:22,21,19,0,40
2024-03-06T22:15:05,21,19,0,40
2024-03-06T22:30:48,21,19,0,40
2024-03-06T22:46:42,21,19,0,40
2024-03-06T23:02:27,21,19,0,40
2024-03-06T23:18:12,21,19,0,40
2024-03-06T23:33:55,21,19,0,40
2024-03-06T23:49:39,21,19,0,40
2024-03-07T00:05:34,21,19,0,40
2024-03-07T00:21:25,21,19,0,40
2024-03-07T00:37:13,21,19,0,40
2024-03-07T00:53:02,21,19,0,40
2024-03-07T01:08:48,21,19,0,40
2024-03-07T01:24:32,21,19,0,40
2024-03-07T01:40:15,21,19,0,40
2024-03-07T01:56:08,21,19,0,40
2024-03-07T02:11:52,21,19,0,40
2024-03-07T02:27:37,21,19,0,40
2024-03-07T02:43:25,21,19,0,40
2024-03-07T02:59:09,21,19,0,40
2024-03-07T03:14:54,21,19,0,40
2024-03-07T03:30:39,21,19,0,40
2024-03-07T03:46:35,21,19,0,40
2024-03-07T04:02:20,21,19,0,40
2024-03-07T04:35:39,21,19,0,40
2024-03-07T04:53:06,21,19,0,40
2024-03-07T05:08:58,21,19,0,40
2024-03-07T05:24:48,21,19,0,40
2024-03-07T05:40:35,21,19,0,40
2024-03-07T05:56:22,21,19,0,40
2024-03-07T06:12:26,21,19,0,40
2024-03-07T06:28:15,21,19,0,40
2024-03-07T06:44:01,21,19,0,40
2024-03-07T06:59:48,21,19,0,40
2024-03-07T07:15:34,21,19,0,40
2024-03-07T07:31:23,21,19,0,40
2024-03-07T07:47:08,21,19,0,40
2024-03-07T08:04:52,21,19,0,40
2024-03-07T08:23:36,21,19,0,40
2024-03-07T08:41:27,21,19,0,40
2024-03-07T08:57:13,21,19,0,40
2024-03-07T09:12:58,21,19,0,40
2024-03-07T09:28:43,21,19,0,40
2024-03-07T09:44:29,21,19,0,40
2024-03-07T10:00:31,21,19,0,40
2024-03-07T10:16:16,21,19,0,40
2024-03-07T10:31:59,21,19,0,40
2024-03-07T10:47:43,21,19,0,40
2024-03-07T11:03:27,21,19,0,40
2024-03-07T11:19:21,21,19,0,40
2024-03-07T11:35:04,21,19,0,40
2024-03-07T11:50:47,21,19,0,40
2024-03-07T12:06:59,21,19,0,40
2024-03-07T12:22:45,21,19,0,40
2024-03-07T12:38:28,21,19,0,40
2024-03-07T12:54:11,21,19,0,40
2024-03-07T13:10:13,21,19,0,40
2024-03-07T13:25:57,21,19,0,40
2024-03-07T13:41:40,21,19,0,40
2024-03-07T13:57:23,21,19,0,40
2024-03-07T14:13:19,21,19,0,40
2024-03-07T14:29:02,21,19,0,40
2024-03-07T14:44:47,21,19,0,40
2024-03-07T15:00:54,21,19,0,40
2024-03-07T15:16:42,21,19,0,40
2024-03-07T15:32:28,21,19,0,40
2024-03-07T15:48:26,21,19,0,40
2024-03-07T16:04:12,21,19,0,40
2024-03-07T16:19:57,21,19,0,40
2024-03-07T16:36:00,21,19,0,40
2024-03-07T16:51:45,21,19,0,40
2024-03-07T17:07:31,21,19,0,40
2024-03-07T17:23:17,21,19,0,40
2024-03-07T17:39:02,21,19,0,40
2024-03-07T17:54:58,21,19,0,40
2024-03-07T18:10:44,21,19,0,40
2024-03-07T18:26:29,21,19,0,40
2024-03-07T18:42:32,21,19,0,40
2024-03-07T18:58:17,21,19,0,40
2024-03-07T19:14:03,21,19,0,40
2024-03-07T19:29:48,21,19,0,40
2024-03-07T19:45:34,21,19,0,40
2024-03-07T20:01:38,21,19,0,40
2024-03-07T20:17:28,21,19,0,40
2024-03-07T20:33:39,21,19,0,40
2024-03-07T20:49:24,21,19,0,40
2024-03-07T21:05:28,21,19,0,40
2024-03-07T21:21:13,21,19,0,40
2024-03-07T21:37:10,21,19,0,40
2024-03-07T21:52:55,21,19,0,40
2024-03-07T22:08:40,21,19,0,40
2024-03-07T22:24:26,21,19,0,40
2024-03-07T22:40:22,21,19,0,40
2024-03-07T22:56:09,21,19,0,40
2024-03-07T23:11:54,21,19,0,40
2024-03-07T23:27:40,21,19,0,40
2024-03-07T23:43:25,21,19,0,40
2024-03-07T23:59:31,21,19,0,40
2024-03-08T00:15:18,21,19,0,40
2024-03-08T00:31:07,21,19,0,40
2024-03-08T00:46:57,21,19,0,40
2024-03-08T01:02:49,21,19,0,40
2024-03-08T01:18:49,21,19,0,40
2024-03-08T01:34:39,21,19,0,40
2024-03-08T01:50:29,21,19,0,40
2024-03-08T02:06:21,21,19,0,40
2024-03-08T02:22:10,21,19,0,40
2024-03-08T02:38:01,21,19,0,40
2024-03-08T02:54:07,21,19,0,40
2024-03-08T03:09:55,21,19,0,40
2024-03-08T03:26:35,21,19,0,40
2024-03-08T03:42:26,21,19,0,40
2024-03-08T03:58:15,21,19,0,40
2024-03-08T04:31:24,21,19,0,40
2024-03-08T04:48:27,21,19,0,40
2024-03-08T05:04:37,21,19,0,40
2024-03-08T05:20:33,21,19,0,40
2024-03-08T05:36:25,21,19,0,40
2024-03-08T05:52:18,21,19,0,40
2024-03-08T06:08:09,21,19,0,40
2024-03-08T06:23:59,21,19,0,40
2024-03-08T06:40:02,21,19,0,40
2024-03-08T06:55:51,21,19,0,40
2024-03-08T07:11:41,21,19,0,40
2024-03-08T07:27:29,21,19,0,40
2024-03-08T07:43:16,21,19,0,40
2024-03-08T07:59:03,21,19,0,40
2024-03-08T08:14:51,21,19,0,40
2024-03-08T08:30:38,21,19,0,40
2024-03-08T08:46:34,21,19,0,40
2024-03-08T09:02:20,21,19,0,40
2024-03-08T09:18:07,21,19,0,40
2024-03-08T09:33:53,21,19,0,40
2024-03-08T09:49:41,21,19,0,40
2024-03-08T10:05:39,21,19,0,40
2024-03-08T10:21:25,21,19,0,40
2024-03-08T10:37:12,21,19,0,40
2024-03-08T10:52:58,21,19,0,40
2024-03-08T11:09:02,21,19,0,40
2024-03-08T11:24:51,21,19,0,40
2024-03-08T11:40:38,21,19,0,40
2024-03-08T11:56:24,21,19,0,40
2024-03-08T12:12:23,21,19,0,40
2024-03-08T12:28:10,21,19,0,40
2024-03-08T12:44:07,21,19,0,40
2024-03-08T12:59:54,21,19,0,40
2024-03-08T13:15:41,21,19,0,40
2024-03-08T13:31:29,21,19,0,40
2024-03-08T13:47:26,21,19,0,40
2024-03-08T14:03:13,21,19,0,40
2024-03-08T14:19:00,21,19,0,40
2024-03-08T14:34:46,21,19,0,40
2024-03-08T14:50:45,21,19,0,40
2024-03-08T15:06:33,21,19,0,40
2024-03-08T15:22:20,21,19,0,40
2024-03-08T15:38:18,21,19,0,40
2024-03-08T15:54:06,21,19,0,40
2024-03-08T16:09:53,21,19,0,40
2024-03-08T16:25:39,21,19,0,40
2024-03-08T16:41:38,21,19,0,40
2024-03-08T16:57:25,21,19,0,40
2024-03-08T17:13:13,21,19,0,40
2024-03-08T17:29:01,21,19,0,40
2024-03-08T17:44:59,21,19,0,40
2024-03-08T18:00:46,21,19,0,40
2024-03-08T18:16:33,21,19,0,40
2024-03-08T18:32:21,21,19,0,40
2024-03-08T18:48:09,21,19,0,40
2024-03-08T19:04:16,21,19,0,40
2024-03-08T19:20:03,21,19,0,40
2024-03-08T19:35:52,21,19,0,40
2024-03-08T19:51:39,21,19,0,40
2024-03-08T20:07:29,21,19,0,40
2024-03-08T20:23:16,21,19,0,40
2024-03-08T20:39:15,21,19,0,40
2024-03-08T20:55:02,21,19,0,40
2024-03-08T21:10:50,21,19,0,40
2024-03-08T21:26:38,21,19,0,40
2024-03-08T21:42:26,21,19,0,40
2024-03-08T21:58:32,21,19,0,40
2024-03-08T22:14:20,21,19,0,40
2024-03-08T22:30:08,21,19,0,40
2024-03-08T22:45:57,21,19,0,40
2024-03-08T23:01:45,21,19,0,40
2024-03-08T23:17:34,21,19,0,40
2024-03-08T23:33:42,21,19,0,40
2024-03-08T23:49:31,21,19,0,40
2024-03-09T00:05:19,21,19,0,40
2024-03-09T00:21:09,21,19,0,40
2024-03-09T00:37:02,21,19,0,40
2024-03-09T00:52:58,21,19,0,40
2024-03-09T01:08:50,21,19,0,40
2024-03-09T01:24:50,21,19,0,40
2024-03-09T01:40:42,21,19,0,40
2024-03-09T01:56:33,21,19,0,40
2024-03-09T02:12:22,21,19,0,40
2024-03-09T02:28:10,21,19,0,40
2024-03-09T02:43:57,21,19,0,40
2024-03-09T02:59:46,21,19,0,40
2024-03-09T03:15:59,21,19,0,40
2024-03-09T03:31:49,21,19,0,40
2024-03-09T03:47:39,21,19,0,40
2024-03-09T04:03:29,21,19,0,40
2024-03-09T04:34:10,21,19,0,40
2024-03-09T04:50:04,21,19,0,40
2024-03-09T05:05:56,21,19,0,40
2024-03-09T05:21:45,21,19,0,40
2024-03-09T05:37:34,21,19,0,40
2024-03-09T05:53:21,21,19,0,40
2024-03-09T06:09:11,21,19,0,40
2024-03-09T06:25:14,21,19,0,40
2024-03-09T06:41:01,21,19,0,40
2024-03-09T06:56:48,21,19,0,40
2024-03-09T07:12:38,21,19,0,40
2024-03-09T07:28:28,21,19,0,40
2024-03-09T07:44:16,21,19,0,40
2024-03-09T08:01:27,21,19,0,40
2024-03-09T08:17:17,21,19,0,40
2024-03-09T08:33:05,21,19,0,40
2024-03-09T08:48:54,21,19,0,40
2024-03-09T09:04:42,21,19,0,40
2024-03-09T09:20:32,21,19,0,40
2024-03-09T09:36:42,21,19,0,40
2024-03-09T09:52:30,21,19,0,40
2024-03-09T10:08:19,21,19,0,40
2024-03-09T10:24:07,21,19,0,40
2024-03-09T10:39:55,21,19,0,40
2024-03-09T10:55:44,21,19,0,40
2024-03-09T11:11:34,21,19,0,40
2024-03-09T11:27:35,21,19,0,40
2024-03-09T11:43:25,21,19,0,40
2024-03-09T11:59:14,21,19,0,40
2024-03-09T12:15:05,21,19,0,40
2024-03-09T12:30:54,21,19,0,40
2024-03-09T12:46:53,21,19,0,40
2024-03-09T13:02:40,21,19,0,40
2024-03-09T13:18:28,21,19,0,40
2024-03-09T13:34:16,21,19,0,40
2024-03-09T13:50:06,21,19,0,40
2024-03-09T14:05:55,21,19,0,40
2024-03-09T14:22:06,21,19,0,40
2024-03-09T14:37:54,21,19,0,40
2024-03-09T14:53:41,21,19,0,40
2024-03-09T15:09:30,21,19,0,40
2024-03-09T15:25:18,21,19,0,40
2024-03-09T15:41:14,21,19,0,40
2024-03-09T15:57:03,21,19,0,40
2024-03-09T16:12:50,21,19,0,40
2024-03-09T16:28:59,21,19,0,40
2024-03-09T16:44:46,21,19,0,40
2024-03-09T17:00:33,21,19,0,40
2024-03-09T17:16:21,21,19,0,40
2024-03-09T17:32:08,21,19,0,40
2024-03-09T17:47:55,21,19,0,40
2024-03-09T18:03:51,21,19,0,40
2024-03-09T18:19:39,21,19,0,40
2024-03-09T18:35:26,21,19,0,40
2024-03-09T18:51:14,21,19,0,40
2024-03-09T19:07:01,21,19,0,40
2024-03-09T19:22:58,21,19,0,40
2024-03-09T19:38:45,21,19,0,40
2024-03-09T19:54:33,21,19,0,40
2024-03-09T20:10:20,21,19,0,40
2024-03-09T20:26:06,21,19,0,40
2024-03-09T20:41:54,21,19,0,40
2024-03-09T20:57:42,21,19,0,40
2024-03-09T21:13:38,21,19,0,40
2024-03-09T21:29:25,21,19,0,40
2024-03-09T21:45:16,21,19,0,40
2024-03-09T22:01:03,21,19,0,40
2024-03-09T22:16:51,21,19,0,40
2024-03-09T22:32:48,21,19,0,40
2024-03-09T22:48:35,21,19,0,40
2024-03-09T23:04:24,21,19,0,40
2024-03-09T23:20:11,21,19,0,40
2024-03-09T23:35:58,21,19,0,40
2024-03-09T23:52:06,21,19,0,40
2024-03-10T00:07:54,21,19,0,40
2024-03-10T00:23:44,21,19,0,40
2024-03-10T00:39:33,21,19,0,40
2024-03-10T00:55:21,21,19,0,40
2024-03-10T01:11:08,21,19,0,40
2024-03-10T01:27:04,21,19,0,40
2024-03-10T01:42:52,21,19,0,40
2024-03-10T01:58:39,21,19,0,40
2024-03-10T03:14:26,21,19,0,40
2024-03-10T03:30:13,21,19,0,40
2024-03-10T03:46:11,21,19,0,40
2024-03-10T04:02:01,21,19,0,40
2024-03-10T04:34:17,21,19,0,40
2024-03-10T04:50:07,21,19,0,40
2024-03-10T05:05:56,21,19,0,40
2024-03-10T05:21:47,21,19,0,40
2024-03-10T05:37:39,21,19,0,40
2024-03-10T05:54:46,21,19,0,40
2024-03-10T06:10:40,21,19,0,40
2024-03-10T06:26:31,21,19,0,40
2024-03-10T06:42:32,21,19,0,40
2024-03-10T06:58:23,21,19,0,40
2024-03-10T07:14:15,21,19,0,40
2024-03-10T07:30:07,21,19,0,40
2024-03-10T07:46:00,21,19,0,40
2024-03-10T08:02:09,21,19,0,40
2024-03-10T08:18:03,21,19,0,40
2024-03-10T08:33:56,21,19,0,40
2024-03-10T08:49:58,21,19,0,40
2024-03-10T09:05:49,21,19,0,40
2024-03-10T09:21:39,21,19,0,40
2024-03-10T09:37:30,21,19,0,40
2024-03-10T09:53:22,21,19,0,40
2024-03-10T10:09:10,21,19,0,40
2024-03-10T10:24:58,21,19,0,40
2024-03-10T10:40:56,21,19,0,40
2024-03-10T10:56:43,21,19,0,40
2024-03-10T11:12:32,21,19,0,40
2024-03-10T11:28:19,21,19,0,40
2024-03-10T11:44:10,21,19,0,40
2024-03-10T11:59:56,21,19,0,40
2024-03-10T12:15:56,21,19,0,40
2024-03-10T12:31:43,21,19,0,40
2024-03-10T12:47:30,21,19,0,40
2024-03-10T13:03:17,21,19,0,40
2024-03-10T13:19:05,21,19,0,40
2024-03-10T13:34:52,21,19,0,40
2024-03-10T13:50:49,21,19,0,40
2024-03-10T14:06:36,21,19,0,40
2024-03-10T14:22:24,21,19,0,40
2024-03-10T14:38:11,21,19,0,40
2024-03-10T14:53:58,21,19,0,40
2024-03-10T15:09:54,21,19,0,40
2024-03-10T15:25:41,21,19,0,40
2024-03-10T15:41:28,21,19,0,40
2024-03-10T15:57:15,21,19,0,40
2024-03-10T16:13:03,21,19,0,40
2024-03-10T16:29:01,21,19,0,40
2024-03-10T16:44:49,21,19,0,40
2024-03-10T17:00:39,21,19,0,40
2024-03-10T17:16:28,21,19,0,40
2024-03-10T17:32:18,21,19,0,40
2024-03-10T17:48:08,21,19,0,40
2024-03-10T18:04:07,21,19,0,40
2024-03-10T18:19:58,21,19,0,40
2024-03-10T18:35:49,21,19,0,40
2024-03-10T18:51:41,21,19,0,40
2024-03-10T19:07:44,21,19,0,40
2024-03-10T19:23:35,21,19,0,40
2024-03-10T19:39:28,21,19,0,40
2024-03-10T19:55:21,21,19,0,40
2024-03-10T20:11:12,21,19,0,40
2024-03-10T20:27:03,21,19,0,40
2024-03-10T20:43:04,21,19,0,40
2024-03-10T20:58:54,21,19,0,40
2024-03-10T21:14:47,21,19,0,40
2024-03-10T21:30:44,21,19,0,40
2024-03-10T21:46:46,21,19,0,40
2024-03-10T22:02:37,21,19,0,40
2024-03-10T22:18:28,21,19,0,40
2024-03-10T22:34:20,21,19,0,40
2024-03-10T22:50:11,21,19,0,40
2024-03-10T23:06:02,21,19,0,40
2024-03-10T23:22:03,21,19,0,40
2024-03-10T23:37:56,21,19,0,40
2024-03-10T23:53:46,21,19,0,40
2024-03-11T00:09:41,21,19,0,40
2024-03-11T00:25:41,21,19,0,40
2024-03-11T00:41:51,21,19,0,40
2024-03-11T00:57:45,21,19,0,40
2024-03-11T01:13:39,21,19,0,40
2024-03-11T01:29:49,21,19,0,40
2024-03-11T01:45:47,21,19,0,40
2024-03-11T02:01:40,21,19,0,40
2024-03-11T02:17:44,21,19,0,40
2024-03-11T02:33:37,21,19,0,40
2024-03-11T02:49:30,21,19,0,40
2024-03-11T03:05:22,21,19,0,40
2024-03-11T03:21:14,21,19,0,40
2024-03-11T03:37:06,21,19,0,40
2024-03-11T03:52:59,21,19,0,40
2024-03-11T04:28:41,21,19,0,40
2024-03-11T04:44:56,21,19,0,40
2024-03-11T05:00:52,21,19,0,40
2024-03-11T05:16:48,21,19,0,40
2024-03-11T05:32:39,21,19,0,40
2024-03-11T05:48:32,21,19,0,40
2024-03-11T06:04:33,21,19,0,40
2024-03-11T06:20:34,21,19,0,40
2024-03-11T06:36:26,21,19,0,40
2024-03-11T06:52:19,21,19,0,40
2024-03-11T07:08:11,21,19,0,40
2024-03-11T07:24:02,21,19,0,40
2024-03-11T07:39:52,21,19,0,40
2024-03-11T07:55:52,21,19,0,40
2024-03-11T08:11:44,21,19,0,40
2024-03-11T08:27:35,21,19,0,40
2024-03-11T08:43:25,21,19,0,40
2024-03-11T08:59:16,21,19,0,40
2024-03-11T09:15:07,21,19,0,40
2024-03-11T09:31:34,21,19,0,40
2024-03-11T09:47:35,21,19,0,40
2024-03-11T10:03:24,21,19,0,40
2024-03-11T10:19:14,21,19,0,40
2024-03-11T11:14:18,21,19,0,40
2024-03-11T11:30:14,21,19,0,40
2024-03-11T11:46:05,21,19,0,40
2024-03-11T12:01:58,21,19,0,40
2024-03-11T12:17:59,21,19,0,40
2024-03-11T12:33:50,21,19,0,40
2024-03-11T12:49:41,21,19,0,40
2024-03-11T13:05:43,21,19,0,40
2024-03-11T13:21:33,21,19,0,40
2024-03-11T13:37:25,21,19,0,40
2024-03-11T13:53:17,21,19,0,40
2024-03-11T14:09:20,21,19,0,40
2024-03-11T14:25:13,21,19,0,40
2024-03-11T14:41:05,21,19,0,40
2024-03-11T14:56:58,21,19,0,40
2024-03-11T15:13:05,21,19,0,40
2024-03-11T15:28:57,21,19,0,40
2024-03-11T15:44:50,21,19,0,40
2024-03-11T16:00:53,21,19,0,40
2024-03-11T16:16:45,21,19,0,40
2024-03-11T16:32:36,21,19,0,40
2024-03-11T16:48:38,21,19,0,40
2024-03-11T17:04:30,21,19,0,40
2024-03-11T17:20:25,21,19,0,40
2024-03-11T17:36:17,21,19,0,40
2024-03-11T17:52:19,21,19,0,40
2024-03-11T18:08:12,21,19,0,40
2024-03-11T18:24:05,21,19,0,40
2024-03-11T18:39:57,21,19,0,40
2024-03-11T18:56:00,21,19,0,40
2024-03-11T19:11:53,21,19,0,40
2024-03-11T19:27:45,21,19,0,40
2024-03-11T19:43:37,21,19,0,40
2024-03-11T19:59:39,21,19,0,40
2024-03-11T20:15:31,21,19,0,40
2024-03-11T20:31:23,21,19,0,40
2024-03-11T20:47:15,21,19,0,40
2024-03-11T21:03:17,21,19,0,40
2024-03-11T21:19:09,21,19,0,40
2024-03-11T21:35:02,21,19,0,40
2024-03-11T21:50:54,21,19,0,40
2024-03-11T22:06:46,21,19,0,40
2024-03-11T22:22:48,21,19,0,40
2024-03-11T22:38:39,21,19,0,40
2024-03-11T22:54:33,21,19,0,40
2024-03-11T23:10:25,21,19,0,40
2024-03-11T23:26:27,21,19,0,40
2024-03-11T23:42:19,21,19,0,40
2024-03-11T23:58:12,21,19,0,40
2024-03-12T00:14:09,21,19,0,40
2024-03-12T00:30:07,21,19,0,40
2024-03-12T00:46:04,21,19,0,40
2024-03-12T01:02:10,21,19,0,40
2024-03-12T01:18:05,21,19,0,40
2024-03-12T01:33:59,21,19,0,40
2024-03-12T01:49:52,21,19,0,40
2024-03-12T02:05:55,21,19,0,40
2024-03-12T02:21:48,21,19,0,40
2024-03-12T02:37:42,21,19,0,40
2024-03-12T02:53:46,21,19,0,40
2024-03-12T03:09:42,21,19,0,40
2024-03-12T03:25:38,21,19,0,40
2024-03-12T03:41:34,21,19,0,40
2024-03-12T03:57:29,21,19,0,40
2024-03-13T22:26:10,22,18,0,40
2024-03-13T22:42:05,22,18,0,40
2024-03-13T22:58:00,22,18,0,40
2024-03-13T23:13:56,22,18,0,40
2024-03-13T23:30:02,22,18,0,40
2024-03-13T23:45:58,22,18,0,40
2024-03-14T00:01:54,22,18,0,40
2024-03-14T00:17:54,22,18,0,40
2024-03-14T00:33:53,22,18,0,40
2024-03-14T00:49:54,22,18,0,40
2024-03-14T01:05:52,22,18,0,40
2024-03-14T01:21:50,22,18,0,40
2024-03-14T01:37:47,22,18,0,40
2024-03-14T01:54:01,22,18,0,40
2024-03-14T02:09:59,22,18,0,40
2024-03-14T02:25:57,22,18,0,40
2024-03-14T02:41:56,22,18,0,40
2024-03-14T02:57:53,22,18,0,40
2024-03-14T03:13:52,22,18,0,40
2024-03-14T03:29:51,22,18,0,40
2024-03-14T03:45:49,22,18,0,40
2024-03-14T04:01:50,22,18,0,40
2024-03-14T04:38:01,22,18,0,40
2024-03-14T04:54:20,22,18,0,40
2024-03-14T05:10:21,22,18,0,40
2024-03-14T05:26:18,22,18,0,40
2024-03-14T05:42:14,22,18,0,40
2024-03-14T05:58:11,22,18,0,40
2024-03-14T06:14:19,22,18,0,40
2024-03-14T06:30:15,22,18,0,40
2024-03-14T06:46:12,22,18,0,40
2024-03-14T07:02:11,22,18,0,40
2024-03-14T07:18:09,22,18,0,40
2024-03-14T07:34:04,22,18,0,40
2024-03-14T07:49:58,22,18,0,40
2024-03-14T08:05:53,22,18,0,40
2024-03-14T08:21:57,22,18,0,40
2024-03-14T08:37:54,22,18,0,40
2024-03-14T08:53:49,22,18,0,40
2024-03-14T09:09:44,22,18,0,40
2024-03-14T09:25:39,22,18,0,40
2024-03-14T09:41:41,22,18,0,40
2024-03-14T09:57:32,22,18,0,40
2024-03-14T10:13:23,22,18,0,40
2024-03-14T10:29:14,22,18,0,40
2024-03-14T10:45:14,22,18,0,40
2024-03-14T11:01:08,22,18,0,40
2024-03-14T11:17:01,22,18,0,40
2024-03-14T11:33:04,22,18,0,40
2024-03-14T11:48:59,22,18,0,40
2024-03-14T12:05:04,22,18,0,40
2024-03-14T12:20:59,22,18,0,40
2024-03-14T12:36:56,22,18,0,40
2024-03-14T12:52:51,22,18,0,40
2024-03-14T13:08:57,22,18,0,40
2024-03-14T13:24:52,22,18,0,40
2024-03-14T13:40:46,22,18,0,40
2024-03-14T13:56:52,22,18,0,40
2024-03-14T14:12:48,22,18,0,40
2024-03-14T14:28:43,22,18,0,40
2024-03-14T14:44:47,22,18,0,40
2024-03-14T15:00:42,22,18,0,40
2024-03-14T15:16:49,22,18,0,40
2024-03-14T15:32:43,22,18,0,40
2024-03-14T15:48:38,22,18,0,40
2024-03-14T16:04:42,22,18,0,40
2024-03-14T16:20:36,22,18,0,40
2024-03-14T16:36:30,22,18,0,40
2024-03-14T16:52:35,22,18,0,40
2024-03-14T17:08:30,22,18,0,40
2024-03-14T17:24:24,22,18,0,40
2024-03-14T17:40:27,22,18,0,40
2024-03-14T17:56:21,22,18,0,40
2024-03-14T18:12:16,22,18,0,40
2024-03-14T18:28:20,22,18,0,40
2024-03-14T18:44:14,22,18,0,40
2024-03-14T19:00:08,22,18,0,40
2024-03-14T19:16:04,22,18,0,40
2024-03-14T19:32:08,22,18,0,40
2024-03-14T19:48:02,22,18,0,40
2024-03-14T20:03:57,22,18,0,40
2024-03-14T20:20:02,22,18,0,40
2024-03-14T20:35:57,22,18,0,40
2024-03-14T20:51:52,22,18,0,40
2024-03-14T21:07:47,22,18,0,40
2024-03-14T21:23:52,22,18,0,40
2024-03-14T21:39:48,22,18,0,40
2024-03-14T21:55:43,22,18,0,40
2024-03-14T22:11:50,22,18,0,40
2024-03-14T22:27:45,22,18,0,40
2024-03-14T22:43:40,22,18,0,40
2024-03-14T22:59:46,22,18,0,40
2024-03-14T23:15:41,22,18,0,40
2024-03-14T23:31:37,22,18,0,40
2024-03-14T23:47:32,22,18,0,40
2024-03-15T00:03:44,22,18,0,40
2024-03-15T00:31:29,22,18,0,40
2024-03-15T00:47:29,22,18,0,40
2024-03-15T01:03:37,22,18,0,40
2024-03-15T01:19:34,22,18,0,40
2024-03-15T01:35:31,22,18,0,40
2024-03-15T01:51:28,22,18,0,40
2024-03-15T02:07:48,22,18,0,40
2024-03-15T02:23:47,22,18,0,40
2024-03-15T02:39:45,22,18,0,40
2024-03-15T02:55:41,22,18,0,40
2024-03-15T03:11:39,22,18,0,40
2024-03-15T03:27:50,22,18,0,40
2024-03-15T03:43:49,22,18,0,40
2024-03-15T03:59:48,22,18,0,40
2024-03-15T04:15:47,22,18,0,40
2024-03-15T04:40:06,22,18,0,40
2024-03-15T04:57:38,22,18,0,40
2024-03-15T05:13:45,22,18,0,40
2024-03-15T05:29:43,22,18,0,40
2024-03-15T05:45:41,22,18,0,40
2024-03-15T06:01:43,22,18,0,40
2024-03-15T06:17:39,22,18,0,40
2024-03-15T06:33:35,22,18,0,40
2024-03-15T06:49:32,22,18,0,40
2024-03-15T07:05:28,22,18,0,40
2024-03-15T07:21:33,22,18,0,40
2024-03-15T07:37:29,22,18,0,40
2024-03-15T07:55:20,22,18,0,40
2024-03-15T08:11:17,22,18,0,40
2024-03-15T08:27:12,22,18,0,40
2024-03-15T08:43:19,22,18,0,40
2024-03-15T08:59:23,22,18,0,40
2024-03-15T09:15:19,22,18,0,40
2024-03-15T09:31:24,22,18,0,40
2024-03-15T09:47:21,22,18,0,40
2024-03-15T10:03:26,22,18,0,40
2024-03-15T10:19:25,22,18,0,40
2024-03-15T10:35:21,22,18,0,40
2024-03-15T10:51:26,22,18,0,40
2024-03-15T11:07:23,22,18,0,40
2024-03-15T11:23:20,22,18,0,40
2024-03-15T11:39:23,22,18,0,40
2024-03-15T11:55:31,22,18,0,40
2024-03-15T12:11:28,22,18,0,40
2024-03-15T12:27:23,22,18,0,40
2024-03-15T12:43:28,22,18,0,40
2024-03-15T12:59:24,22,18,0,40
2024-03-15T13:15:19,22,18,0,40
2024-03-15T13:31:24,22,18,0,40
2024-03-15T13:47:19,22,18,0,40
2024-03-15T14:03:12,22,18,0,40
2024-03-15T14:19:15,22,18,0,40
2024-03-15T14:35:08,22,18,0,40
2024-03-15T14:51:01,22,18,0,40
2024-03-15T15:07:08,22,18,0,40
2024-03-15T15:23:00,22,18,0,40
2024-03-15T15:39:05,22,18,0,40
2024-03-15T15:54:57,22,18,0,40
2024-03-15T16:10:52,22,18,0,40
2024-03-15T16:26:47,22,18,0,40
2024-03-15T16:42:51,22,18,0,40
2024-03-15T16:58:46,22,18,0,40
2024-03-15T17:14:42,22,18,0,40
2024-03-15T17:30:47,22,18,0,40
2024-03-15T17:46:42,22,18,0,40
2024-03-15T18:02:36,22,18,0,40
2024-03-15T18:18:42,22,18,0,40
2024-03-15T18:34:37,22,18,0,40
2024-03-15T18:50:33,22,18,0,40
2024-03-15T19:06:28,22,18,0,40
2024-03-15T19:22:36,22,18,0,40
2024-03-15T19:38:31,22,18,0,40
2024-03-15T19:54:27,22,18,0,40
2024-03-15T20:10:36,22,18,0,40
2024-03-15T20:26:32,22,18,0,40
2024-03-15T20:42:27,22,18,0,40
2024-03-15T20:58:22,22,18,0,40
2024-03-15T21:14:28,22,18,0,40
2024-03-15T21:30:24,22,18,0,40
2024-03-15T21:46:19,22,18,0,40
2024-03-15T22:02:14,22,18,0,40
2024-03-15T22:18:20,22,18,0,40
2024-03-15T22:34:16,22,18,0,40
2024-03-15T22:50:11,22,18,0,40
2024-03-15T23:06:08,22,18,0,40
2024-03-15T23:22:17,22,18,0,40
2024-03-15T23:38:14,22,18,0,40
2024-03-15T23:54:11,22,18,0,40
2024-03-16T00:10:09,22,18,0,40
2024-03-16T00:26:23,22,18,0,40
2024-03-16T00:42:23,22,18,0,40
2024-03-16T00:58:22,22,18,0,40
2024-03-16T01:14:21,22,18,0,40
2024-03-16T01:30:19,22,18,0,40
2024-03-16T01:46:19,22,18,0,40
2024-03-16T02:02:26,22,18,0,40
2024-03-16T02:18:22,22,18,0,40
2024-03-16T02:34:19,22,18,0,40
2024-03-16T02:50:16,22,18,0,40
2024-03-16T03:06:13,22,18,0,40
2024-03-16T03:22:09,22,18,0,40
2024-03-16T03:38:06,22,18,0,40
2024-03-16T03:54:04,22,18,0,40
2024-03-16T04:29:31,22,18,0,40
2024-03-16T04:48:18,22,18,0,40
2024-03-16T05:04:22,22,18,0,40
2024-03-16T05:20:21,22,18,0,40
2024-03-16T05:36:19,22,18,0,40
2024-03-16T05:52:18,22,18,0,40
2024-03-16T06:08:15,22,18,0,40
2024-03-16T06:24:12,22,18,0,40
2024-03-16T06:40:09,22,18,0,40
2024-03-16T06:56:16,22,18,0,40
2024-03-16T07:12:14,22,18,0,40
2024-03-16T07:28:12,22,18,0,40
2024-03-16T07:44:09,22,18,0,40
2024-03-16T08:00:05,22,18,0,40
2024-03-16T08:16:12,22,18,0,40
2024-03-16T08:32:09,22,18,0,40
2024-03-16T08:48:07,22,18,0,40
2024-03-16T09:04:04,22,18,0,40
2024-03-16T09:20:10,22,18,0,40
2024-03-16T09:36:08,22,18,0,40
2024-03-16T09:52:06,22,18,0,40
2024-03-16T10:08:02,22,18,0,40
2024-03-16T10:23:59,22,18,0,40
2024-03-16T10:39:55,22,18,0,40
2024-03-16T10:56:00,22,18,0,40
2024-03-16T11:11:56,22,18,0,40
2024-03-16T11:27:53,22,18,0,40
2024-03-16T11:43:50,22,18,0,40
2024-03-16T11:59:46,22,18,0,40
2024-03-16T12:15:54,22,18,0,40
2024-03-16T12:31:50,22,18,0,40
2024-03-16T12:47:48,22,18,0,40
2024-03-16T13:03:46,22,18,0,40
2024-03-16T13:19:51,22,18,0,40
2024-03-16T13:35:48,22,18,0,40
2024-03-16T13:51:44,22,18,0,40
2024-03-16T14:07:40,22,18,0,40
2024-03-16T14:23:44,22,18,0,40
2024-03-16T14:39:39,22,18,0,40
2024-03-16T14:55:34,22,18,0,40
2024-03-16T15:11:30,22,18,0,40
2024-03-16T15:27:34,22,18,0,40
2024-03-16T15:43:29,22,18,0,40
2024-03-16T15:59:24,22,18,0,40
2024-03-16T16:15:19,22,18,0,40
2024-03-16T16:31:23,22,18,0,40
2024-03-16T16:47:18,22,18,0,40
2024-03-16T17:03:13,22,18,0,40
2024-03-16T17:19:11,22,18,0,40
2024-03-16T17:35:15,22,18,0,40
2024-03-16T17:51:10,22,18,0,40
2024-03-16T18:07:05,22,18,0,40
2024-03-16T18:23:01,22,18,0,40
2024-03-16T18:39:04,22,18,0,40
2024-03-16T18:54:59,22,18,0,40
2024-03-16T19:10:55,22,18,0,40
2024-03-16T19:26:51,22,18,0,40
2024-03-16T19:42:46,22,18,0,40
2024-03-16T19:58:42,22,18,0,40
2024-03-16T20:14:47,22,18,0,40
2024-03-16T20:30:43,22,18,0,40
2024-03-16T20:46:38,22,18,0,40
2024-03-16T21:02:34,22,18,0,40
2024-03-16T21:18:32,22,18,0,40
2024-03-16T21:34:36,22,18,0,40
2024-03-16T21:50:32,22,18,0,40
2024-03-16T22:06:28,22,18,0,40
2024-03-16T22:22:23,22,18,0,40
2024-03-16T22:38:19,22,18,0,40
2024-03-16T22:54:26,22,18,0,40
2024-03-16T23:10:24,22,18,0,40
2024-03-16T23:26:20,22,18,0,40
2024-03-16T23:42:16,22,18,0,40
2024-03-16T23:58:12,22,18,0,40
2024-03-17T00:14:22,22,18,0,40
2024-03-17T00:30:18,22,18,0,40
2024-03-17T00:46:16,22,18,0,40
2024-03-17T01:22:59,22,18,0,40
2024-03-17T01:39:04,22,18,0,40
2024-03-17T01:55:00,22,18,0,40
2024-03-17T02:11:22,22,18,0,40
2024-03-17T02:28:54,22,18,0,40
2024-03-17T02:45:16,22,18,0,40
2024-03-17T03:01:10,22,18,0,40
2024-03-17T03:17:14,22,18,0,40
2024-03-17T03:33:11,22,18,0,40
2024-03-17T03:49:06,22,18,0,40
2024-03-17T04:05:02,22,18,0,40
2024-03-17T04:37:51,22,18,0,40
2024-03-17T04:53:50,22,18,0,40
2024-03-17T05:09:49,22,18,0,40
2024-03-17T05:25:47,22,18,0,40
2024-03-17T05:41:42,22,18,0,40
2024-03-17T05:57:36,22,18,0,40
2024-03-17T06:13:43,22,18,0,40
2024-03-17T06:29:38,22,18,0,40
2024-03-17T06:45:32,22,18,0,40
2024-03-17T07:01:24,22,18,0,40
2024-03-17T07:17:18,22,18,0,40
2024-03-17T07:33:13,22,18,0,40
2024-03-17T07:49:24,22,18,0,40
2024-03-17T08:05:18,22,18,0,40
2024-03-17T08:21:11,22,18,0,40
2024-03-17T08:37:07,22,18,0,40
2024-03-17T08:53:04,22,18,0,40
2024-03-17T09:08:59,22,18,0,40
2024-03-17T09:25:02,22,18,0,40
2024-03-17T09:40:59,22,18,0,40
2024-03-17T09:56:54,22,18,0,40
2024-03-17T10:12:49,22,18,0,40
2024-03-17T10:28:47,22,18,0,40
2024-03-17T10:44:42,22,18,0,40
2024-03-17T11:00:47,22,18,0,40
2024-03-17T11:16:40,22,18,0,40
2024-03-17T11:32:34,22,18,0,40
2024-03-17T11:48:26,22,18,0,40
2024-03-17T12:04:21,22,18,0,40
2024-03-17T12:20:23,22,18,0,40
2024-03-17T12:36:16,22,18,0,40
2024-03-17T12:52:09,22,18,0,40
2024-03-17T13:08:01,22,18,0,40
2024-03-17T13:24:10,22,18,0,40
2024-03-17T13:40:02,22,18,0,40
2024-03-17T13:55:54,22,18,0,40
2024-03-17T14:11:47,22,18,0,40
2024-03-17T14:27:39,22,18,0,40
2024-03-17T14:43:41,22,18,0,40
2024-03-17T14:59:34,22,18,0,40
2024-03-17T15:15:27,22,18,0,40
2024-03-17T15:31:29,22,18,0,40
2024-03-17T15:47:22,22,18,0,40
2024-03-17T16:03:14,22,18,0,40
2024-03-17T16:19:07,22,18,0,40
2024-03-17T16:35:16,22,18,0,40
2024-03-17T16:51:09,22,18,0,40
2024-03-17T17:07:02,22,18,0,40
2024-03-17T17:22:55,22,18,0,40
2024-03-17T17:38:58,22,18,0,40
2024-03-17T17:54:50,22,18,0,40
2024-03-17T18:10:44,22,18,0,40
2024-03-17T18:26:37,22,18,0,40
2024-03-17T18:42:51,22,18,0,40
2024-03-17T18:58:44,22,18,0,40
2024-03-17T19:14:39,22,18,0,40
2024-03-17T19:30:32,22,18,0,40
2024-03-17T19:46:24,22,18,0,40
2024-03-17T20:02:27,22,18,0,40
2024-03-17T20:18:20,22,18,0,40
2024-03-17T20:34:13,22,18,0,40
2024-03-17T20:50:18,22,18,0,40
2024-03-17T21:06:11,22,18,0,40
2024-03-17T21:22:04,22,18,0,40
2024-03-17T21:37:58,22,18,0,40
2024-03-17T21:54:04,22,18,0,40
2024-03-17T22:09:58,22,18,0,40
2024-03-17T22:25:52,22,18,0,40
2024-03-17T22:41:56,22,18,0,40
2024-03-17T22:57:49,22,18,0,40
2024-03-17T23:13:43,22,18,0,40
2024-03-17T23:29:36,22,18,0,40
2024-03-17T23:45:41,22,18,0,40
2024-03-18T00:01:36,22,18,0,40
2024-03-18T00:17:33,22,18,0,40
2024-03-18T00:33:51,22,18,0,40
2024-03-18T00:49:51,22,18,0,40
2024-03-18T01:05:50,22,18,0,40
2024-03-18T01:21:53,22,18,0,40
2024-03-18T01:37:49,22,18,0,40
2024-03-18T01:53:54,22,18,0,40
2024-03-18T02:09:51,22,18,0,40
2024-03-18T02:25:47,22,18,0,40
2024-03-18T02:41:43,22,18,0,40
2024-03-18T02:57:37,22,18,0,40
2024-03-18T03:13:44,22,18,0,40
2024-03-18T03:29:40,22,18,0,40
2024-03-18T03:45:35,22,18,0,40
2024-03-18T04:01:31,22,18,0,40
2024-03-18T04:17:38,22,18,0,40
2024-03-18T04:40:45,22,18,0,40
2024-03-18T04:56:41,22,18,0,40
2024-03-18T05:12:41,22,18,0,40
2024-03-18T05:28:36,22,18,0,40
2024-03-18T05:44:41,22,18,0,40
2024-03-18T06:00:36,22,18,0,40
2024-03-18T06:16:33,22,18,0,40
2024-03-18T06:32:30,22,18,0,40
2024-03-18T06:48:27,22,18,0,40
2024-03-18T07:04:29,22,18,0,40
2024-03-18T07:20:24,22,18,0,40
2024-03-18T07:36:17,22,18,0,40
2024-03-18T07:52:10,22,18,0,40
2024-03-18T08:08:14,22,18,0,40
2024-03-18T08:24:08,22,18,0,40
2024-03-18T08:40:02,22,0,0,0
2024-03-18T08:55:56,0,40,0,40
2024-03-18T09:11:49,0,40,0,40
2024-03-18T09:27:52,0,40,0,40
2024-03-18T09:43:45,0,40,0,40
2024-03-18T09:59:38,1,39,0,40
2024-03-18T10:15:31,2,38,0,40
2024-03-18T10:31:33,2,38,0,40
2024-03-18T10:47:26,2,38,0,40
2024-03-18T11:03:19,2,38,0,40
2024-03-18T11:19:22,2,38,0,40
2024-03-18T11:35:15,2,38,0,40
2024-03-18T11:51:09,2,38,0,40
2024-03-18T12:07:02,3,37,0,40
2024-03-18T12:23:08,3,37,0,40
2024-03-18T12:39:01,3,37,0,40
2024-03-18T12:54:54,3,37,0,40
2024-03-18T13:10:59,3,37,0,40
2024-03-18T13:26:53,3,37,0,40
2024-03-18T13:42:46,3,37,0,40
2024-03-18T13:58:50,3,37,0,40
2024-03-18T14:14:44,3,37,0,40
2024-03-18T14:30:38,3,37,0,40
2024-03-18T14:46:41,3,37,0,40
2024-03-18T15:02:41,3,37,0,40
2024-03-18T15:18:35,3,37,0,40
2024-03-18T15:34:38,3,37,0,40
2024-03-18T15:50:32,3,37,0,40
2024-03-18T16:06:27,3,37,0,40
2024-03-18T16:22:31,4,36,0,40
2024-03-18T16:38:25,4,36,0,40
2024-03-18T16:54:19,4,36,0,40
2024-03-18T17:10:14,5,35,0,40
2024-03-18T17:26:19,6,34,0,40
2024-03-18T17:42:12,6,34,0,40
2024-03-18T17:58:06,6,34,0,40
2024-03-18T18:14:10,6,34,0,40
2024-03-18T18:30:04,6,34,0,40
2024-03-18T18:45:59,6,34,0,40
2024-03-18T19:01:52,6,34,0,40
2024-03-18T19:17:47,6,34,0,40
2024-03-18T19:33:51,6,34,0,40
2024-03-18T19:49:46,6,34,0,40
2024-03-18T20:05:39,6,34,0,40
2024-03-18T20:21:33,6,34,0,40
2024-03-18T20:37:27,6,34,0,40
2024-03-18T20:53:32,6,34,0,40
2024-03-18T21:09:26,6,34,0,40
2024-03-18T21:25:20,6,34,0,40
2024-03-18T21:41:15,6,34,0,40
2024-03-18T21:57:09,6,34,0,40
2024-03-18T22:13:03,6,34,0,40
2024-03-18T22:29:07,6,34,0,40
2024-03-18T22:45:02,6,34,0,40
2024-03-18T23:00:56,6,34,0,40
2024-03-18T23:16:51,6,34,0,40
2024-03-18T23:32:45,6,34,0,40
2024-03-18T23:48:39,6,34,0,40
2024-03-19T00:04:35,6,34,0,40
2024-03-19T00:20:44,6,34,0,40
2024-03-19T00:36:48,6,34,0,40
2024-03-19T00:52:48,6,34,0,40
2024-03-19T01:08:47,6,34,0,40
2024-03-19T01:24:44,6,34,0,40
2024-03-19T01:40:40,6,34,0,40
2024-03-19T01:56:37,6,34,0,40
2024-03-19T02:12:34,6,34,0,40
2024-03-19T02:28:33,6,34,0,40
2024-03-19T02:44:40,6,34,0,40
2024-03-19T03:00:35,6,34,0,40
2024-03-19T03:16:34,6,34,0,40
2024-03-19T03:32:33,6,34,0,40
2024-03-19T03:48:32,6,34,0,40
2024-03-19T04:04:31,6,34,0,40
2024-03-19T04:29:33,6,34,0,40
2024-03-19T04:47:06,6,34,0,40
2024-03-19T05:03:10,6,34,0,40
2024-03-19T05:19:10,6,34,0,40
2024-03-19T05:35:09,6,34,0,40
2024-03-19T05:51:05,6,34,0,40
2024-03-19T06:07:05,6,34,0,40
2024-03-19T06:23:01,6,34,0,40
2024-03-19T06:38:57,6,34,0,40
2024-03-19T06:55:03,6,34,0,40
2024-03-19T07:11:01,6,34,0,40
2024-03-19T07:26:56,6,34,0,40
2024-03-19T07:42:52,6,34,0,40
2024-03-19T07:58:46,6,34,0,40
2024-03-19T08:14:42,6,34,0,40
2024-03-19T08:30:40,7,33,0,40
2024-03-19T08:46:35,7,33,0,40
2024-03-19T09:02:30,7,33,0,40
2024-03-19T09:18:25,7,33,0,40
2024-03-19T09:34:33,7,33,0,40
2024-03-19T09:50:27,7,33,0,40
2024-03-19T10:06:23,7,33,0,40
2024-03-19T10:22:17,7,33,0,40
2024-03-19T10:38:11,7,33,0,40
2024-03-19T10:54:06,7,33,0,40
2024-03-19T11:10:02,7,33,0,40
2024-03-19T11:26:07,7,33,0,40
2024-03-19T11:42:02,7,33,0,40
2024-03-19T11:57:56,7,33,0,40
2024-03-19T12:13:52,7,33,0,40
2024-03-19T12:29:59,7,33,0,40
2024-03-19T12:45:53,7,33,0,40
2024-03-19T13:01:48,7,33,0,40
2024-03-19T13:17:43,7,33,0,40
2024-03-19T13:33:39,7,33,0,40
2024-03-19T13:49:35,7,33,0,40
2024-03-19T14:05:30,7,33,0,40
2024-03-19T14:21:36,7,33,0,40
2024-03-19T14:37:31,7,33,0,40
2024-03-19T14:53:26,7,33,0,40
2024-03-19T15:09:24,7,33,0,40
2024-03-19T15:25:30,7,33,0,40
2024-03-19T15:41:25,7,33,0,40
2024-03-19T15:57:20,8,32,0,40
2024-03-19T16:13:15,8,32,0,40
2024-03-19T16:29:11,8,32,0,40
2024-03-19T16:45:17,8,32,0,40
2024-03-19T17:01:12,8,32,0,40
2024-03-19T17:17:08,8,32,0,40
2024-03-19T17:33:02,8,32,0,40
2024-03-19T17:48:57,8,32,0,40
2024-03-19T18:04:53,8,32,0,40
2024-03-19T18:20:59,8,32,0,40
2024-03-19T18:36:55,8,32,0,40
2024-03-19T18:52:50,8,32,0,40
2024-03-19T19:08:45,8,32,0,40
2024-03-19T19:24:51,8,32,0,40
2024-03-19T19:40:46,8,32,0,40
2024-03-19T19:56:41,8,32,0,40
2024-03-19T20:12:36,8,32,0,40
2024-03-19T20:28:31,8,32,0,40
2024-03-19T20:44:27,8,32,0,40
2024-03-19T21:00:23,8,32,0,40
2024-03-19T21:16:28,8,32,0,40
2024-03-19T21:32:23,8,32,0,40
2024-03-19T21:48:20,8,32,0,40
2024-03-19T22:04:15,8,32,0,40
2024-03-19T22:20:11,8,32,0,40
2024-03-19T22:36:07,8,32,0,40
2024-03-19T22:52:13,8,32,0,40
2024-03-19T23:08:09,8,32,0,40
2024-03-19T23:24:05,8,32,0,40
2024-03-19T23:40:02,8,32,0,40
2024-03-19T23:55:59,8,32,0,40
2024-03-20T00:11:57,8,32,0,40
2024-03-20T00:27:58,8,32,0,40
2024-03-20T00:44:08,8,32,0,40
2024-03-20T01:00:06,8,32,0,40
2024-03-20T01:16:05,8,32,0,40
2024-03-20T01:32:04,8,32,0,40
2024-03-20T01:48:01,8,32,0,40
2024-03-20T02:04:01,8,32,0,40
2024-03-20T02:19:58,8,32,0,40
2024-03-20T02:35:56,8,32,0,40
2024-03-20T02:51:53,8,32,0,40
2024-03-20T03:07:51,8,32,0,40
2024-03-20T03:23:50,8,32,0,40
2024-03-20T03:39:57,8,32,0,40
2024-03-20T03:55:55,8,32,0,40
2024-03-20T04:39:55,8,32,0,40
2024-03-20T04:55:54,8,32,0,40
2024-03-20T05:11:54,8,32,0,40
2024-03-20T05:27:52,8,32,0,40
2024-03-20T05:43:54,8,32,0,40
2024-03-20T05:59:52,8,32,0,40
2024-03-20T06:15:54,8,32,0,40
2024-03-20T06:31:53,8,32,0,40
2024-03-20T06:47:51,8,32,0,40
2024-03-20T07:03:49,8,32,0,40
2024-03-20T07:19:48,8,32,0,40
2024-03-20T07:35:45,8,32,0,40
2024-03-20T07:51:42,8,32,0,40
2024-03-20T08:07:48,8,32,0,40
2024-03-20T08:23:45,8,32,0,40
2024-03-20T08:39:42,8,32,0,40
2024-03-20T08:55:38,8,32,0,40
2024-03-20T09:11:34,8,32,0,40
2024-03-20T09:27:30,8,32,0,40
2024-03-20T09:43:25,8,32,0,40
2024-03-20T09:59:21,8,32,0,40
2024-03-20T10:15:17,8,32,0,40
2024-03-20T10:31:13,8,32,0,40
2024-03-20T10:47:21,8,32,0,40
2024-03-20T11:03:17,8,32,0,40
2024-03-20T11:19:13,8,32,0,40
2024-03-20T11:35:09,8,32,0,40
2024-03-20T11:51:05,8,32,0,40
2024-03-20T12:07:14,8,32,0,40
2024-03-20T12:23:11,8,32,0,40
2024-03-20T12:39:09,8,32,0,40
2024-03-20T12:55:07,8,32,0,40
2024-03-20T13:11:03,8,32,0,40
2024-03-20T13:27:09,8,32,0,40
2024-03-20T13:43:05,8,32,0,40
2024-03-20T13:59:01,8,32,0,40
2024-03-20T14:14:59,8,32,0,40
2024-03-20T14:30:55,8,32,0,40
2024-03-20T14:46:51,8,32,0,40
2024-03-20T15:02:59,8,32,0,40
2024-03-20T15:18:56,8,32,0,40
2024-03-20T15:34:53,8,32,0,40
2024-03-20T15:50:49,8,32,0,40
2024-03-20T16:06:46,8,32,0,40
2024-03-20T16:22:58,8,32,0,40
2024-03-20T16:38:55,8,32,0,40
2024-03-20T16:54:50,8,32,0,40
2024-03-20T17:10:47,8,32,0,40
2024-03-20T17:26:43,8,32,0,40
2024-03-20T17:42:39,8,32,0,40
2024-03-20T17:58:35,8,32,0,40
2024-03-20T18:14:42,8,32,0,40
2024-03-20T18:30:38,8,32,0,40
2024-03-20T18:46:35,8,32,0,40
2024-03-20T19:02:32,8,32,0,40
2024-03-20T19:18:29,8,32,0,40
2024-03-20T19:34:25,8,32,0,40
2024-03-20T19:50:22,8,32,0,40
2024-03-20T20:06:28,8,32,0,40
2024-03-20T20:22:24,8,32,0,40
2024-03-20T20:38:20,8,32,0,40
2024-03-20T20:54:18,8,32,0,40
2024-03-20T21:10:14,8,32,0,40
2024-03-20T21:26:11,8,32,0,40
2024-03-20T21:42:17,8,32,0,40
2024-03-20T21:58:13,8,32,0,40
2024-03-20T22:14:10,8,32,0,40
2024-03-20T22:30:05,8,32,0,40
2024-03-20T22:46:01,8,32,0,40
2024-03-20T23:01:57,8,32,0,40
2024-03-20T23:18:03,8,32,0,40
2024-03-20T23:34:00,8,32,0,40
2024-03-20T23:49:57,8,32,0,40
2024-03-21T00:05:54,8,32,0,40
2024-03-21T00:21:59,8,32,0,40
2024-03-21T00:38:01,8,32,0,40
2024-03-21T00:54:03,8,32,0,40
2024-03-21T01:10:03,8,32,0,40
2024-03-21T01:26:12,8,32,0,40
2024-03-21T01:42:11,8,32,0,40
2024-03-21T01:58:09,8,32,0,40
2024-03-21T02:14:05,8,32,0,40
2024-03-21T02:30:03,8,32,0,40
2024-03-21T02:46:03,8,32,0,40
2024-03-21T03:02:00,8,32,0,40
2024-03-21T03:18:13,8,32,0,40
2024-03-21T03:34:11,8,32,0,40
2024-03-21T03:50:20,8,32,0,40
2024-03-21T04:06:21,8,32,0,40
2024-03-21T04:29:37,8,32,0,40
2024-03-21T04:45:37,8,32,0,40
2024-03-21T05:03:18,8,32,0,40
2024-03-21T05:19:18,8,32,0,40
2024-03-21T05:35:18,8,32,0,40
2024-03-21T05:51:18,8,32,0,40
2024-03-21T06:07:21,8,32,0,40
2024-03-21T06:23:20,8,32,0,40
2024-03-21T06:39:19,8,32,0,40
2024-03-21T06:55:18,8,32,0,40
2024-03-21T07:11:32,8,32,0,40
2024-03-21T07:27:30,8,32,0,40
2024-03-21T07:43:28,8,32,0,40
2024-03-21T07:59:25,8,32,0,40
2024-03-21T08:15:24,8,32,0,40
2024-03-21T08:31:22,8,32,0,40
2024-03-21T08:47:19,8,32,0,40
2024-03-21T09:03:18,8,32,0,40
2024-03-21T09:19:16,8,32,0,40
2024-03-21T09:35:23,8,32,0,40
2024-03-21T09:51:21,8,32,0,40
2024-03-21T10:07:19,8,32,0,40
2024-03-21T10:23:16,8,32,0,40
2024-03-21T10:39:12,8,32,0,40
2024-03-21T10:55:22,8,32,0,40
2024-03-21T11:11:19,8,32,0,40
2024-03-21T11:27:15,8,32,0,40
2024-03-21T11:43:12,8,32,0,40
2024-03-21T11:59:20,8,32,0,40
2024-03-21T12:15:17,8,32,0,40
2024-03-21T12:31:14,8,32,0,40
2024-03-21T12:47:21,8,32,0,40
2024-03-21T13:03:18,8,32,0,40
2024-03-21T13:19:15,8,32,0,40
2024-03-21T13:35:12,8,32,0,40
2024-03-21T13:51:09,8,32,0,40
2024-03-21T14:07:18,8,32,0,40
2024-03-21T14:23:16,8,32,0,40
2024-03-21T14:39:17,8,32,0,40
2024-03-21T14:55:43,8,32,0,40
2024-03-21T15:11:50,8,32,0,40
2024-03-21T15:27:59,8,32,0,40
2024-03-21T15:43:57,8,32,0,40
2024-03-21T15:59:54,8,32,0,40
2024-03-21T16:16:03,8,32,0,40
2024-03-21T16:32:01,8,32,0,40
2024-03-21T16:47:59,8,32,0,40
2024-03-21T17:04:08,8,32,0,40
2024-03-21T17:20:09,8,32,0,40
2024-03-21T17:36:06,8,32,0,40
2024-03-21T17:52:14,8,32,0,40
2024-03-21T18:08:12,8,32,0,40
2024-03-21T18:24:11,8,32,0,40
2024-03-21T18:40:08,8,32,0,40
2024-03-21T18:56:16,8,32,0,40
2024-03-21T19:12:15,8,32,0,40
2024-03-21T19:28:12,8,32,0,40
2024-03-21T19:44:09,8,32,0,40
2024-03-21T20:00:07,8,32,0,40
2024-03-21T20:16:19,8,32,0,40
2024-03-21T20:32:17,8,32,0,40
2024-03-21T20:48:14,8,32,0,40
2024-03-21T21:04:12,8,32,0,40
2024-03-21T21:20:25,8,32,0,40
2024-03-21T21:36:23,8,32,0,40
2024-03-21T21:52:20,8,32,0,40
2024-03-21T22:08:18,8,32,0,40
2024-03-21T22:24:27,8,32,0,40
2024-03-21T22:40:25,8,32,0,40
2024-03-21T22:56:22,8,32,0,40
2024-03-21T23:12:20,8,32,0,40
2024-03-21T23:28:28,8,32,0,40
2024-03-21T23:44:27,8,32,0,40
2024-03-22T00:00:25,8,32,0,40
2024-03-22T00:16:27,8,32,0,40
2024-03-22T00:32:30,8,32,0,40
2024-03-22T00:48:42,8,32,0,40
2024-03-22T01:04:44,8,32,0,40
2024-03-22T01:20:45,8,32,0,40
2024-03-22T01:36:45,8,32,0,40
2024-03-22T01:52:47,8,32,0,40
2024-03-22T02:08:47,8,32,0,40
2024-03-22T02:24:48,8,32,0,40
2024-03-22T02:41:02,8,32,0,40
2024-03-22T02:57:01,8,32,0,40
2024-03-22T03:13:01,8,32,0,40
2024-03-22T03:29:02,8,32,0,40
2024-03-22T03:45:22,8,32,0,40
2024-03-22T04:01:31,8,32,0,40
2024-03-22T04:36:50,8,32,0,40
2024-03-22T04:54:23,8,32,0,40
2024-03-22T05:10:27,8,32,0,40
2024-03-22T05:26:28,8,32,0,40
2024-03-22T05:42:28,8,32,0,40
2024-03-22T05:58:29,8,32,0,40
2024-03-22T06:14:30,8,32,0,40
2024-03-22T06:30:38,8,32,0,40
2024-03-22T06:46:38,8,32,0,40
2024-03-22T07:02:41,8,32,0,40
2024-03-22T07:18:42,8,32,0,40
2024-03-22T07:34:41,8,32,0,40
2024-03-22T07:50:40,8,32,0,40
2024-03-22T08:06:39,8,32,0,40
2024-03-22T08:22:38,8,32,0,40
2024-03-22T08:38:50,8,32,0,40
2024-03-22T08:54:50,8,32,0,40
2024-03-22T09:10:49,8,32,0,40
2024-03-22T09:26:49,8,32,0,40
2024-03-22T09:42:47,8,32,0,40
2024-03-22T09:58:45,8,32,0,40
2024-03-22T10:14:52,8,32,0,40
2024-03-22T10:30:50,8,32,0,40
2024-03-22T10:46:47,8,32,0,40
2024-03-22T11:02:45,8,32,0,40
2024-03-22T11:18:54,8,32,0,40
2024-03-22T11:34:52,8,32,0,40
2024-03-22T11:50:50,8,32,0,40
2024-03-22T12:06:56,8,32,0,40
2024-03-22T12:23:05,8,32,0,40
2024-03-22T12:39:03,8,32,0,40
2024-03-22T12:55:00,8,32,0,40
2024-03-22T13:10:59,8,32,0,40
2024-03-22T13:26:56,8,32,0,40
2024-03-22T13:43:03,8,32,0,40
2024-03-22T13:59:01,8,32,0,40
2024-03-22T14:14:59,8,32,0,40
2024-03-22T14:30:57,8,32,0,40
2024-03-22T14:47:04,8,32,0,40
2024-03-22T15:03:02,8,32,0,40
2024-03-22T15:19:04,8,32,0,40
2024-03-22T15:36:08,8,32,0,40
2024-03-22T15:52:07,8,32,0,40
2024-03-22T16:08:06,8,32,0,40
2024-03-22T16:24:04,8,32,0,40
2024-03-22T16:40:02,8,32,0,40
2024-03-22T16:56:11,8,32,0,40
2024-03-22T17:12:09,8,32,0,40
2024-03-22T17:28:12,8,32,0,40
2024-03-22T17:44:11,8,32,0,40
2024-03-22T18:00:22,8,32,0,40
2024-03-22T18:16:20,8,32,0,40
2024-03-22T18:32:18,8,32,0,40
2024-03-22T18:48:17,8,32,0,40
2024-03-22T19:04:15,8,32,0,40
2024-03-22T19:20:23,8,32,0,40
2024-03-22T19:36:21,8,32,0,40
2024-03-22T19:52:18,8,32,0,40
2024-03-22T20:08:16,8,32,0,40
2024-03-22T20:24:13,8,32,0,40
2024-03-22T20:40:22,8,32,0,40
2024-03-22T20:56:20,8,32,0,40
2024-03-22T21:12:18,8,32,0,40
2024-03-22T21:28:17,8,32,0,40
2024-03-22T21:44:16,8,32,0,40
2024-03-22T22:00:14,8,32,0,40
2024-03-22T22:16:23,8,32,0,40
2024-03-22T22:32:22,8,32,0,40
2024-03-22T22:48:20,8,32,0,40
2024-03-22T23:04:19,8,32,0,40
2024-03-22T23:20:18,8,32,0,40
2024-03-22T23:36:28,8,32,0,40
2024-03-22T23:52:27,8,32,0,40
2024-03-23T00:08:27,8,32,0,40
2024-03-23T00:24:47,8,32,0,40
2024-03-23T00:40:49,8,32,0,40
2024-03-23T00:57:01,8,32,0,40
2024-03-23T01:13:02,8,32,0,40
2024-03-23T01:29:03,8,32,0,40
2024-03-23T01:45:14,8,32,0,40
2024-03-23T02:01:14,8,32,0,40
2024-03-23T02:17:13,8,32,0,40
2024-03-23T02:33:14,8,32,0,40
2024-03-23T02:49:13,8,32,0,40
2024-03-23T03:05:24,8,32,0,40
2024-03-23T03:21:24,8,32,0,40
2024-03-23T03:37:24,8,32,0,40
2024-03-23T03:53:24,8,32,0,40
2024-03-23T04:31:24,8,32,0,40
2024-03-23T04:47:44,8,32,0,40
2024-03-23T05:03:44,8,32,0,40
2024-03-23T05:19:41,8,32,0,40
2024-03-23T05:35:39,8,32,0,40
2024-03-23T05:51:38,8,32,0,40
2024-03-23T06:07:39,8,32,0,40
2024-03-23T06:23:38,8,32,0,40
2024-03-23T06:39:47,8,32,0,40
2024-03-23T06:55:47,8,32,0,40
2024-03-23T07:14:01,8,32,0,40
2024-03-23T07:30:01,8,32,0,40
2024-03-23T07:46:01,8,32,0,40
2024-03-23T08:02:01,8,32,0,40
2024-03-23T08:18:13,8,32,0,40
2024-03-23T08:34:12,8,32,0,40
2024-03-23T08:50:12,8,32,0,40
2024-03-23T09:06:13,8,32,0,40
2024-03-23T09:22:13,8,32,0,40
2024-03-23T09:38:15,8,32,0,40
2024-03-23T09:54:16,8,32,0,40
2024-03-23T10:10:25,8,32,0,40
2024-03-23T10:26:26,8,32,0,40
2024-03-23T10:42:26,8,32,0,40
2024-03-23T10:58:26,8,32,0,40
2024-03-23T11:14:26,8,32,0,40
2024-03-23T11:30:35,8,32,0,40
2024-03-23T11:46:35,8,32,0,40
2024-03-23T12:02:36,8,32,0,40
2024-03-23T12:18:35,8,32,0,40
2024-03-23T12:34:45,8,32,0,40
2024-03-23T12:50:45,8,32,0,40
2024-03-23T13:06:44,8,32,0,40
2024-03-23T13:22:43,8,32,0,40
2024-03-23T13:38:42,8,32,0,40
2024-03-23T13:54:52,8,32,0,40
2024-03-23T14:10:51,8,32,0,40
2024-03-23T14:26:51,8,32,0,40
2024-03-23T14:42:50,8,32,0,40
2024-03-23T14:58:48,8,32,0,40
2024-03-23T15:14:56,8,32,0,40
2024-03-23T15:30:53,8,32,0,40
2024-03-23T15:46:53,8,32,0,40
2024-03-23T16:02:51,8,32,0,40
2024-03-23T16:19:02,8,32,0,40
2024-03-23T16:35:00,8,32,0,40
2024-03-23T16:50:57,8,32,0,40
2024-03-23T17:06:55,8,32,0,40
2024-03-23T17:23:04,8,32,0,40
2024-03-23T17:39:02,8,32,0,40
2024-03-23T17:55:00,8,32,0,40
2024-03-23T18:10:58,8,32,0,40
2024-03-23T18:26:56,8,32,0,40
2024-03-23T18:42:54,8,32,0,40
2024-03-23T18:59:03,8,32,0,40
2024-03-23T19:15:02,8,32,0,40
2024-03-23T19:30:59,8,32,0,40
2024-03-23T19:46:57,8,32,0,40
2024-03-23T20:02:55,8,32,0,40
2024-03-23T20:18:54,8,32,0,40
2024-03-23T20:35:03,8,32,0,40
2024-03-23T20:51:00,8,32,0,40
2024-03-23T21:06:59,8,32,0,40
2024-03-23T21:22:57,8,32,0,40
2024-03-23T21:38:56,8,32,0,40
2024-03-23T21:55:04,8,32,0,40
2024-03-23T22:11:03,8,32,0,40
2024-03-23T22:27:02,8,32,0,40
2024-03-23T22:43:00,8,32,0,40
2024-03-23T22:58:59,8,32,0,40
2024-03-23T23:15:09,8,32,0,40
2024-03-23T23:31:09,8,32,0,40
2024-03-23T23:47:09,8,32,0,40
2024-03-24T00:03:09,8,32,0,40
2024-03-24T00:19:13,8,32,0,40
2024-03-24T00:35:14,8,32,0,40
2024-03-24T00:51:25,8,32,0,40
2024-03-24T01:07:25,8,32,0,40
2024-03-24T01:23:25,8,32,0,40
2024-03-24T01:39:28,8,32,0,40
2024-03-24T01:55:28,8,32,0,40
2024-03-24T02:11:27,8,32,0,40
2024-03-24T02:27:39,8,32,0,40
2024-03-24T02:43:40,8,32,0,40
2024-03-24T02:59:40,8,32,0,40
2024-03-24T03:15:42,8,32,0,40
2024-03-24T03:31:42,8,32,0,40
2024-03-24T03:47:46,8,32,0,40
2024-03-24T04:03:53,8,32,0,40
2024-03-24T04:35:42,8,32,0,40
2024-03-24T04:53:00,8,32,0,40
2024-03-24T05:09:24,8,32,0,40
2024-03-24T05:25:28,8,32,0,40
2024-03-24T05:41:29,8,32,0,40
2024-03-24T05:57:31,8,32,0,40
2024-03-24T06:13:35,8,32,0,40
2024-03-24T06:29:35,8,32,0,40
2024-03-24T06:45:45,8,32,0,40
2024-03-24T07:02:10,8,32,0,40
2024-03-24T07:18:12,8,32,0,40
2024-03-24T07:34:15,8,32,0,40
2024-03-24T07:50:19,8,32,0,40
2024-03-24T08:06:20,8,32,0,40
2024-03-24T08:22:22,8,32,0,40
2024-03-24T08:38:21,8,32,0,40
2024-03-24T08:54:26,8,32,0,40
2024-03-24T09:10:38,8,32,0,40
2024-03-24T09:26:43,8,32,0,40
2024-03-24T09:42:46,8,32,0,40
2024-03-24T09:58:49,8,32,0,40
2024-03-24T10:14:55,8,32,0,40
2024-03-24T10:30:56,8,32,0,40
2024-03-24T10:47:05,8,32,0,40
2024-03-24T11:03:06,8,32,0,40
2024-03-24T11:19:04,8,32,0,40
2024-03-24T11:35:02,8,32,0,40
2024-03-24T11:51:00,8,32,0,40
2024-03-24T12:07:06,8,32,0,40
2024-03-24T12:23:05,8,32,0,40
2024-03-24T12:39:03,8,32,0,40
2024-03-24T12:55:01,8,32,0,40
2024-03-24T13:11:07,8,32,0,40
2024-03-24T13:27:06,8,32,0,40
2024-03-24T13:43:03,8,32,0,40
2024-03-24T13:59:05,8,32,0,40
2024-03-24T14:15:02,8,32,0,40
2024-03-24T14:31:10,8,32,0,40
2024-03-24T14:47:07,8,32,0,40
2024-03-24T15:03:05,8,32,0,40
2024-03-24T15:19:03,8,32,0,40
2024-03-24T15:35:10,8,32,0,40
2024-03-24T15:51:08,8,32,0,40
2024-03-24T16:07:06,8,32,0,40
2024-03-24T16:23:05,8,32,0,40
2024-03-24T16:39:14,8,32,0,40
2024-03-24T16:55:12,8,32,0,40
2024-03-24T17:11:10,8,32,0,40
2024-03-24T17:27:08,8,32,0,40
2024-03-24T17:43:05,8,32,0,40
2024-03-24T17:59:15,8,32,0,40
2024-03-24T18:15:14,8,32,0,40
2024-03-24T18:31:13,8,32,0,40
2024-03-24T18:47:11,8,32,0,40
2024-03-24T19:03:10,8,32,0,40
2024-03-24T19:19:18,8,32,0,40
2024-03-24T19:35:17,8,32,0,40
2024-03-24T19:51:14,8,32,0,40
2024-03-24T20:07:12,8,32,0,40
2024-03-24T20:23:10,8,32,0,40
2024-03-24T20:39:21,8,32,0,40
2024-03-24T20:55:19,8,32,0,40
2024-03-24T21:11:16,8,32,0,40
2024-03-24T21:27:16,8,32,0,40
2024-03-24T21:43:16,8,32,0,40
2024-03-24T21:59:26,8,32,0,40
2024-03-24T22:15:23,8,32,0,40
2024-03-24T22:31:22,8,32,0,40
2024-03-24T22:47:22,8,32,0,40
2024-03-24T23:03:22,8,32,0,40
2024-03-24T23:19:32,8,32,0,40
2024-03-24T23:35:32,8,32,0,40
2024-03-24T23:51:31,8,32,0,40
2024-03-25T00:07:34,8,32,0,40
2024-03-25T00:23:41,8,32,0,40
2024-03-25T00:39:56,8,32,0,40
2024-03-25T00:55:56,8,32,0,40
2024-03-25T01:12:11,8,32,0,40
2024-03-25T01:28:13,8,32,0,40
2024-03-25T01:44:14,8,32,0,40
2024-03-25T02:00:15,8,32,0,40
2024-03-25T02:16:18,8,32,0,40
2024-03-25T02:32:32,8,32,0,40
2024-03-25T02:48:45,8,32,0,40
2024-03-25T03:04:45,8,32,0,40
2024-03-25T03:20:46,8,32,0,40
2024-03-25T03:36:48,8,32,0,40
2024-03-25T03:52:49,8,32,0,40
2024-03-25T04:09:01,8,32,0,40
2024-03-25T04:37:04,8,32,0,40
2024-03-25T04:53:32,8,32,0,40
2024-03-25T05:09:38,8,32,0,40
2024-03-25T05:25:40,8,32,0,40
2024-03-25T05:41:42,8,32,0,40
2024-03-25T05:57:43,8,32,0,40
2024-03-25T06:13:45,8,32,0,40
2024-03-25T06:29:53,8,32,0,40
2024-03-25T06:45:55,8,32,0,40
2024-03-25T07:01:57,8,32,0,40
2024-03-25T07:18:01,8,32,0,40
2024-03-25T07:34:00,8,32,0,40
2024-03-25T07:49:58,8,32,0,40
2024-03-25T08:05:56,8,32,0,40
2024-03-25T08:21:56,8,32,0,40
2024-03-25T08:38:06,8,32,0,40
2024-03-25T08:54:04,8,32,0,40
2024-03-25T09:10:02,8,32,0,40
2024-03-25T09:26:01,8,32,0,40
2024-03-25T09:41:58,8,32,0,40
2024-03-25T09:58:06,8,32,0,40
2024-03-25T10:14:05,8,32,0,40
2024-03-25T10:30:03,8,32,0,40
2024-03-25T10:46:01,8,32,0,40
2024-03-25T11:02:09,8,32,0,40
2024-03-25T11:18:09,8,32,0,40
2024-03-25T11:34:18,8,32,0,40
2024-03-25T11:50:29,8,32,0,40
2024-03-25T12:06:31,8,32,0,40
2024-03-25T12:22:40,8,32,0,40
2024-03-25T12:38:39,8,32,0,40
2024-03-25T12:54:38,8,32,0,40
2024-03-25T13:10:48,8,32,0,40
2024-03-25T13:26:46,8,32,0,40
2024-03-25T13:42:46,8,32,0,40
2024-03-25T13:58:55,8,32,0,40
2024-03-25T14:14:53,8,32,0,40
2024-03-25T14:31:04,8,32,0,40
2024-03-25T14:47:02,8,32,0,40
2024-03-25T15:03:13,8,32,0,40
2024-03-25T15:19:11,8,32,0,40
2024-03-25T15:35:19,8,32,0,40
2024-03-25T15:51:18,8,32,0,40
2024-03-25T16:07:18,8,32,0,40
2024-03-25T16:23:28,8,32,0,40
2024-03-25T16:39:29,8,32,0,40
2024-03-25T16:55:28,8,32,0,40
2024-03-25T17:11:40,8,32,0,40
2024-03-25T17:27:39,8,32,0,40
2024-03-25T17:43:40,8,32,0,40
2024-03-25T17:59:52,8,32,0,40
2024-03-25T18:15:51,8,32,0,40
2024-03-25T18:31:51,8,32,0,40
2024-03-25T18:48:00,8,32,0,40
2024-03-25T19:04:00,8,32,0,40
2024-03-25T19:19:59,8,32,0,40
2024-03-25T19:36:08,8,32,0,40
2024-03-25T19:52:06,8,32,0,40
2024-03-25T20:08:06,8,32,0,40
2024-03-25T20:24:05,8,32,0,40
2024-03-25T20:40:14,8,32,0,40
2024-03-25T20:56:13,8,32,0,40
2024-03-25T21:12:14,8,32,0,40
2024-03-25T21:28:25,8,32,0,40
2024-03-25T21:44:24,8,32,0,40
2024-03-25T22:00:24,8,32,0,40
2024-03-25T22:16:35,8,32,0,40
2024-03-25T22:32:34,8,32,0,40
2024-03-25T22:48:35,8,32,0,40
2024-03-25T23:04:34,8,32,0,40
2024-03-25T23:20:44,8,32,0,40
2024-03-25T23:36:43,8,32,0,40
2024-03-25T23:52:42,8,32,0,40
2024-03-26T00:08:44,8,32,0,40
2024-03-26T00:25:02,8,32,0,40
2024-03-26T00:41:05,8,32,0,40
2024-03-26T00:57:07,8,32,0,40
2024-03-26T01:13:09,8,32,0,40
2024-03-26T01:29:11,8,32,0,40
2024-03-26T01:45:24,8,32,0,40
2024-03-26T02:01:27,8,32,0,40
2024-03-26T02:17:26,8,32,0,40
2024-03-26T02:33:26,8,32,0,40
2024-03-26T02:49:25,8,32,0,40
2024-03-26T03:05:25,8,32,0,40
2024-03-26T03:21:36,8,32,0,40
2024-03-26T03:37:36,8,32,0,40
2024-03-26T03:53:35,8,32,0,40
2024-03-26T04:09:35,8,32,0,40
2024-03-26T04:33:45,8,32,0,40
2024-03-26T04:49:48,8,32,0,40
2024-03-26T05:05:52,8,32,0,40
2024-03-26T05:22:01,8,32,0,40
2024-03-26T05:38:30,8,32,0,40
2024-03-26T05:54:34,8,32,0,40
2024-03-26T06:10:44,8,32,0,40
2024-03-26T06:26:46,8,32,0,40
2024-03-26T06:42:49,8,32,0,40
2024-03-26T06:58:53,8,32,0,40
2024-03-26T07:14:59,8,32,0,40
2024-03-26T07:31:00,8,32,0,40
2024-03-26T07:47:03,8,32,0,40
2024-03-26T08:03:21,8,32,0,40
2024-03-26T08:19:23,8,32,0,40
2024-03-26T08:35:25,8,32,0,40
2024-03-26T08:51:26,8,32,0,40
2024-03-26T09:07:37,8,32,0,40
2024-03-26T09:23:39,8,32,0,40
2024-03-26T09:39:41,8,32,0,40
2024-03-26T09:55:43,8,32,0,40
2024-03-26T10:13:09,8,32,0,40
2024-03-26T10:29:59,8,32,0,40
2024-03-26T10:48:55,8,32,0,40
2024-03-26T11:06:45,8,32,0,40
2024-03-26T11:26:35,8,32,0,40
2024-03-26T11:46:15,8,32,0,40
2024-03-26T12:04:04,8,32,0,40
2024-03-26T12:20:14,8,32,0,40
2024-03-26T12:36:14,8,32,0,40
2024-03-26T12:52:15,8,32,0,40
2024-03-26T13:08:28,8,32,0,40
2024-03-26T13:24:29,8,32,0,40
2024-03-26T13:40:42,8,32,0,40
2024-03-26T13:56:42,8,32,0,40
2024-03-26T14:12:44,8,32,0,40
2024-03-26T14:28:55,8,32,0,40
2024-03-26T14:44:56,8,32,0,40
2024-03-26T15:01:07,8,32,0,40
2024-03-26T15:17:07,8,32,0,40
2024-03-26T15:33:19,8,32,0,40
2024-03-26T15:49:19,8,32,0,40
2024-03-26T16:05:19,8,32,0,40
2024-03-26T16:21:30,8,32,0,40
2024-03-26T16:37:31,8,32,0,40
2024-03-26T16:53:31,8,32,0,40
2024-03-26T17:09:43,8,32,0,40
2024-03-26T17:25:44,8,32,0,40
2024-03-26T17:41:43,8,32,0,40
2024-03-26T17:57:55,8,32,0,40
2024-03-26T18:13:55,8,32,0,40
2024-03-26T18:29:56,8,32,0,40
2024-03-26T18:46:08,8,32,0,40
2024-03-26T19:02:07,8,32,0,40
2024-03-26T19:18:07,8,32,0,40
2024-03-26T19:34:19,8,32,0,40
2024-03-26T19:50:19,8,32,0,40
2024-03-26T20:06:18,8,32,0,40
2024-03-26T21:17:03,9,31,0,40
2024-03-26T21:33:05,9,31,0,40
2024-03-26T21:49:18,9,31,0,40
2024-03-26T22:05:21,9,31,0,40
2024-03-26T22:21:36,9,31,0,40
2024-03-26T22:37:36,9,31,0,40
2024-03-26T22:53:50,9,31,0,40
2024-03-26T23:09:51,9,31,0,40
2024-03-26T23:25:52,9,31,0,40
2024-03-26T23:42:06,9,31,0,40
2024-03-26T23:58:07,9,31,0,40
2024-03-27T00:14:17,9,31,0,40
2024-03-27T00:30:44,9,31,0,40
2024-03-27T00:46:53,9,31,0,40
2024-03-27T01:03:01,9,31,0,40
2024-03-27T01:19:20,9,31,0,40
2024-03-27T01:35:25,9,31,0,40
2024-03-27T01:51:31,9,31,0,40
2024-03-27T02:07:38,9,31,0,40
2024-03-27T02:23:55,9,31,0,40
2024-03-27T02:40:05,9,31,0,40
2024-03-27T02:56:08,9,31,0,40
2024-03-27T03:12:12,9,31,0,40
2024-03-27T03:28:15,9,31,0,40
2024-03-27T03:44:34,9,31,0,40
2024-03-27T04:00:38,9,31,0,40
2024-03-27T04:37:11,9,31,0,40
2024-03-27T04:55:14,9,31,0,40
2024-03-27T05:11:18,9,31,0,40
2024-03-27T05:27:20,9,31,0,40
2024-03-27T05:43:23,9,31,0,40
2024-03-27T05:59:24,9,31,0,40
2024-03-27T06:15:37,9,31,0,40
2024-03-27T06:32:09,9,31,0,40
2024-03-27T06:48:12,9,31,0,40
2024-03-27T07:04:14,9,31,0,40
2024-03-27T07:20:21,9,31,0,40
2024-03-27T07:36:23,9,31,0,40
2024-03-27T07:52:35,9,31,0,40
2024-03-27T08:08:39,9,31,0,40
2024-03-27T08:24:42,9,31,0,40
2024-03-27T08:40:57,9,31,0,40
2024-03-27T08:56:59,9,31,0,40
2024-03-27T09:13:04,9,31,0,40
2024-03-27T09:29:19,9,31,0,40
2024-03-27T09:45:22,9,31,0,40
2024-03-27T10:01:24,10,30,0,40
2024-03-27T10:17:44,10,30,0,40
2024-03-27T10:33:46,10,30,0,40
2024-03-27T10:50:00,10,30,0,40
2024-03-27T11:06:03,10,30,0,40
2024-03-27T11:22:07,10,30,0,40
2024-03-27T11:38:22,10,30,0,40
2024-03-27T11:54:25,10,30,0,40
2024-03-27T12:10:41,10,30,0,40
2024-03-27T12:26:42,10,30,0,40
2024-03-27T12:42:54,10,30,0,40
2024-03-27T12:58:54,10,30,0,40
2024-03-27T13:14:55,10,30,0,40
2024-03-27T13:31:08,10,30,0,40
2024-03-27T13:47:09,10,30,0,40
2024-03-27T14:03:10,10,30,0,40
2024-03-27T14:19:22,10,30,0,40
2024-03-27T14:35:23,10,30,0,40
2024-03-27T14:51:37,10,30,0,40
2024-03-27T15:07:39,10,30,0,40
2024-03-27T15:23:51,10,30,0,40
2024-03-27T15:39:51,10,30,0,40
2024-03-27T15:55:52,10,30,0,40
2024-03-27T16:12:04,10,30,0,40
2024-03-27T16:28:05,10,30,0,40
2024-03-27T16:44:06,10,30,0,40
2024-03-27T17:00:19,10,30,0,40
2024-03-27T17:16:22,10,30,0,40
2024-03-27T17:32:23,10,30,0,40
2024-03-27T17:48:37,10,30,0,40
2024-03-27T18:04:38,10,30,0,40
2024-03-27T18:20:39,10,30,0,40
2024-03-27T18:36:40,10,30,0,40
2024-03-27T18:52:53,10,30,0,40
2024-03-27T19:08:54,10,30,0,40
2024-03-27T19:24:53,10,30,0,40
2024-03-27T19:40:54,10,30,0,40
2024-03-27T19:57:07,10,30,0,40
2024-03-27T20:13:07,10,30,0,40
2024-03-27T20:29:07,10,30,0,40
2024-03-27T20:45:20,10,30,0,40
2024-03-27T21:01:20,10,30,0,40
2024-03-27T21:17:23,10,30,0,40
2024-03-27T21:33:24,10,30,0,40
2024-03-27T21:49:38,10,30,0,40
2024-03-27T22:05:40,10,30,0,40
2024-03-27T22:21:41,10,30,0,40
2024-03-27T22:37:54,10,30,0,40
2024-03-27T22:53:57,10,30,0,40
2024-03-27T23:10:00,10,30,0,40
2024-03-27T23:26:01,10,30,0,40
2024-03-27T23:42:16,10,30,0,40
2024-03-27T23:58:18,10,30,0,40
2024-03-28T00:14:23,10,30,0,40
2024-03-28T00:30:31,10,30,0,40
2024-03-28T00:46:38,10,30,0,40
2024-03-28T01:02:55,10,30,0,40
2024-03-28T01:18:59,10,30,0,40
2024-03-28T01:35:02,10,30,0,40
2024-03-28T01:51:06,10,30,0,40
2024-03-28T02:07:10,10,30,0,40
2024-03-28T02:23:20,10,30,0,40
2024-03-28T02:39:33,10,30,0,40
2024-03-28T02:55:34,10,30,0,40
2024-03-28T03:11:35,10,30,0,40
2024-03-28T03:27:36,10,30,0,40
2024-03-28T03:43:37,10,30,0,40
2024-03-28T03:59:39,10,30,0,40
2024-03-28T04:28:49,10,30,0,40
2024-03-28T04:44:55,10,30,0,40
2024-03-28T05:00:58,10,30,0,40
2024-03-28T05:17:02,10,30,0,40
2024-03-28T05:33:05,10,30,0,40
2024-03-28T05:49:11,10,30,0,40
2024-03-28T06:05:16,10,30,0,40
2024-03-28T06:21:30,10,30,0,40
2024-03-28T06:37:34,10,30,0,40
2024-03-28T06:53:40,10,30,0,40
2024-03-28T07:09:46,10,30,0,40
2024-03-28T07:25:51,10,30,0,40
2024-03-28T07:41:54,10,30,0,40
2024-03-28T07:58:09,10,30,0,40
2024-03-28T08:14:14,10,30,0,40
2024-03-28T08:30:18,10,30,0,40
2024-03-28T08:46:21,10,30,0,40
2024-03-28T09:02:28,10,30,0,40
2024-03-28T09:18:45,10,30,0,40
2024-03-28T09:34:51,10,30,0,40
2024-03-28T09:50:54,10,30,0,40
2024-03-28T10:06:57,10,30,0,40
2024-03-28T10:23:00,10,30,0,40
2024-03-28T10:39:12,10,30,0,40
2024-03-28T10:55:18,10,30,0,40
2024-03-28T11:11:21,10,30,0,40
2024-03-28T11:27:36,10,30,0,40
2024-03-28T11:43:45,10,30,0,40
2024-03-28T11:59:48,10,30,0,40
2024-03-28T12:16:02,10,30,0,40
2024-03-28T12:32:05,10,30,0,40
2024-03-28T12:48:07,10,30,0,40
2024-03-28T13:04:21,10,30,0,40
2024-03-28T13:20:23,10,30,0,40
2024-03-28T13:36:25,10,30,0,40
2024-03-28T13:52:27,10,30,0,40
2024-03-28T14:08:43,10,30,0,40
2024-03-28T14:24:46,10,30,0,40
2024-03-28T14:40:47,10,30,0,40
2024-03-28T14:57:00,10,30,0,40
2024-03-28T15:13:02,10,30,0,40
2024-03-28T15:29:03,10,30,0,40
2024-03-28T15:45:17,10,30,0,40
2024-03-28T16:01:18,10,30,0,40
2024-03-28T16:17:19,10,30,0,40
2024-03-28T16:33:31,10,30,0,40
2024-03-28T16:49:31,10,30,0,40
2024-03-28T17:05:35,10,30,0,40
2024-03-28T17:21:36,10,30,0,40
2024-03-28T17:37:49,10,30,0,40
2024-03-28T17:53:50,10,30,0,40
2024-03-28T18:09:51,10,30,0,40
2024-03-28T18:25:51,10,30,0,40
2024-03-28T18:42:03,10,30,0,40
2024-03-28T18:58:05,10,30,0,40
2024-03-28T19:14:06,10,30,0,40
2024-03-28T19:30:07,10,30,0,40
2024-03-28T19:46:20,10,30,0,40
2024-03-28T20:02:20,10,30,0,40
2024-03-28T20:18:22,10,30,0,40
2024-03-28T20:34:23,10,30,0,40
2024-03-28T20:50:34,10,30,0,40
2024-03-28T21:06:35,10,30,0,40
2024-03-28T21:22:38,10,30,0,40
2024-03-28T21:38:39,12,28,0,40
2024-03-28T21:54:53,12,28,0,40
2024-03-28T22:10:54,12,28,0,40
2024-03-28T22:26:55,12,28,0,40
2024-03-28T22:42:56,12,28,0,40
2024-03-28T22:59:09,12,28,0,40
2024-03-28T23:15:10,12,28,0,40
2024-03-28T23:31:11,12,28,0,40
2024-03-28T23:47:13,12,28,0,40
2024-03-29T00:03:27,12,28,0,40
2024-03-29T00:19:33,12,28,0,40
2024-03-29T00:35:42,12,28,0,40
2024-03-29T00:51:49,12,28,0,40
2024-03-29T01:07:54,12,28,0,40
2024-03-29T01:24:10,12,28,0,40
2024-03-29T01:40:14,12,28,0,40
2024-03-29T01:56:18,12,28,0,40
2024-03-29T02:12:23,12,28,0,40
2024-03-29T02:28:25,12,28,0,40
2024-03-29T02:44:29,12,28,0,40
2024-03-29T03:00:31,12,28,0,40
2024-03-29T03:16:47,12,28,0,40
2024-03-29T03:32:50,12,28,0,40
2024-03-29T03:48:53,12,28,0,40
2024-03-29T04:04:56,12,28,0,40
2024-03-29T04:42:30,12,28,0,40
2024-03-29T04:58:53,12,28,0,40
2024-03-29T05:14:56,12,28,0,40
2024-03-29T05:31:02,12,28,0,40
2024-03-29T05:48:15,12,28,0,40
2024-03-29T06:04:22,12,28,0,40
2024-03-29T06:20:26,12,28,0,40
2024-03-29T06:36:30,12,28,0,40
2024-03-29T06:52:41,12,28,0,40
2024-03-29T07:08:46,12,28,0,40
2024-03-29T07:24:49,12,28,0,40
2024-03-29T07:40:52,12,28,0,40
2024-03-29T07:56:55,12,28,0,40
2024-03-29T08:12:58,12,28,0,40
2024-03-29T08:29:02,12,28,0,40
2024-03-29T08:45:16,12,28,0,40
2024-03-29T09:01:19,12,28,0,40
2024-03-29T09:17:22,12,28,0,40
2024-03-29T09:33:25,12,28,0,40
2024-03-29T09:49:28,12,28,0,40
2024-03-29T10:05:41,12,28,0,40
2024-03-29T10:21:44,12,28,0,40
2024-03-29T10:37:46,12,28,0,40
2024-03-29T10:53:49,12,28,0,40
2024-03-29T11:09:51,12,28,0,40
2024-03-29T11:26:03,13,27,0,40
2024-03-29T11:42:06,13,27,0,40
2024-03-29T11:58:08,13,27,0,40
2024-03-29T12:14:21,13,27,0,40
2024-03-29T12:30:23,13,27,0,40
2024-03-29T12:46:25,13,27,0,40
2024-03-29T13:02:27,13,27,0,40
2024-03-29T13:18:39,13,27,0,40
2024-03-29T13:34:40,13,27,0,40
2024-03-29T13:50:41,13,27,0,40
2024-03-29T14:06:41,13,27,0,40
2024-03-29T14:22:53,13,27,0,40
2024-03-29T14:38:53,13,27,0,40
2024-03-29T14:54:56,13,27,0,40
2024-03-29T15:11:09,13,27,0,40
2024-03-29T15:27:09,13,27,0,40
2024-03-29T15:43:10,13,27,0,40
2024-03-29T15:59:10,13,27,0,40
2024-03-29T16:15:12,13,27,0,40
2024-03-29T16:31:23,13,27,0,40
2024-03-29T16:47:24,13,27,0,40
2024-03-29T17:03:24,13,27,0,40
2024-03-29T17:19:25,13,27,0,40
2024-03-29T17:35:36,13,27,0,40
2024-03-29T17:51:37,13,27,0,40
2024-03-29T18:07:37,13,27,0,40
2024-03-29T18:23:37,13,27,0,40
2024-03-29T18:39:37,13,27,0,40
2024-03-29T18:55:48,13,27,0,40
2024-03-29T19:11:49,13,27,0,40
2024-03-29T19:27:49,13,27,0,40
2024-03-29T19:43:50,13,27,0,40
2024-03-29T19:59:50,13,27,0,40
2024-03-29T20:16:01,13,27,0,40
2024-03-29T20:32:02,13,27,0,40
2024-03-29T20:48:02,13,27,0,40
2024-03-29T21:04:03,13,27,0,40
2024-03-29T21:20:03,13,27,0,40
2024-03-29T21:36:13,13,27,0,40
2024-03-29T21:52:14,13,27,0,40
2024-03-29T22:08:14,13,27,0,40
2024-03-29T22:24:14,13,27,0,40
2024-03-29T22:40:15,13,27,0,40
2024-03-29T22:56:31,13,27,0,40
2024-03-29T23:12:32,13,27,0,40
2024-03-29T23:28:32,13,27,0,40
2024-03-29T23:44:33,13,27,0,40
2024-03-30T00:00:34,13,27,0,40
2024-03-30T00:16:39,13,27,0,40
2024-03-30T00:32:57,13,27,0,40
2024-03-30T00:49:01,13,27,0,40
2024-03-30T01:05:05,13,27,0,40
2024-03-30T01:21:08,13,27,0,40
2024-03-30T01:37:12,13,27,0,40
2024-03-30T01:53:15,13,27,0,40
2024-03-30T02:09:35,13,27,0,40
2024-03-30T02:25:37,13,27,0,40
2024-03-30T02:41:39,13,27,0,40
2024-03-30T02:57:50,13,27,0,40
2024-03-30T03:13:52,13,27,0,40
2024-03-30T03:29:55,13,27,0,40
2024-03-30T03:45:57,13,27,0,40
2024-03-30T04:02:01,13,27,0,40
2024-03-30T04:37:44,13,27,0,40
2024-03-30T04:54:07,13,27,0,40
2024-03-30T05:10:15,13,27,0,40
2024-03-30T05:26:18,13,27,0,40
2024-03-30T05:42:21,13,27,0,40
2024-03-30T05:58:25,13,27,0,40
2024-03-30T06:14:30,13,27,0,40
2024-03-30T06:30:33,13,27,0,40
2024-03-30T06:46:34,13,27,0,40
2024-03-30T07:02:42,13,27,0,40
2024-03-30T07:18:43,13,27,0,40
2024-03-30T07:34:43,13,27,0,40
2024-03-30T07:50:43,13,27,0,40
2024-03-30T08:06:42,13,27,0,40
2024-03-30T08:22:42,13,27,0,40
2024-03-30T08:38:44,13,27,0,40
2024-03-30T08:54:44,13,27,0,40
2024-03-30T09:10:43,13,27,0,40
2024-03-30T09:26:55,13,27,0,40
2024-03-30T09:42:56,13,27,0,40
2024-03-30T09:58:55,13,27,0,40
2024-03-30T10:14:56,13,27,0,40
2024-03-30T10:30:56,13,27,0,40
2024-03-30T10:47:07,13,27,0,40
2024-03-30T11:03:07,13,27,0,40
2024-03-30T11:19:07,13,27,0,40
2024-03-30T11:35:07,13,27,0,40
2024-03-30T11:51:06,13,27,0,40
2024-03-30T12:07:17,13,27,0,40
2024-03-30T12:23:17,13,27,0,40
2024-03-30T12:39:17,13,27,0,40
2024-03-30T12:55:17,13,27,0,40
2024-03-30T13:11:17,13,27,0,40
2024-03-30T13:27:28,13,27,0,40
2024-03-30T13:43:28,14,26,0,40
2024-03-30T13:59:28,14,26,0,40
2024-03-30T14:15:28,14,26,0,40
2024-03-30T14:31:28,14,26,0,40
2024-03-30T14:47:39,14,26,0,40
2024-03-30T15:03:41,14,26,0,40
2024-03-30T15:19:41,14,26,0,40
2024-03-30T15:35:41,14,26,0,40
2024-03-30T15:51:41,14,26,0,40
2024-03-30T16:07:50,14,26,0,40
2024-03-30T16:23:50,14,26,0,40
2024-03-30T16:39:49,14,26,0,40
2024-03-30T16:55:50,14,26,0,40
2024-03-30T17:11:51,14,26,0,40
2024-03-30T17:28:01,14,26,0,40
2024-03-30T17:44:01,14,26,0,40
2024-03-30T18:00:01,14,26,0,40
2024-03-30T18:16:01,14,26,0,40
2024-03-30T18:32:01,14,26,0,40
2024-03-30T18:48:12,14,26,0,40
2024-03-30T19:04:12,14,26,0,40
2024-03-30T19:20:12,14,26,0,40
2024-03-30T19:36:21,14,26,0,40
2024-03-30T19:52:21,14,26,0,40
2024-03-30T20:08:31,14,26,0,40
2024-03-30T20:24:31,14,26,0,40
2024-03-30T20:40:31,14,26,0,40
2024-03-30T20:56:31,14,26,0,40
2024-03-30T21:12:32,14,26,0,40
2024-03-30T21:28:32,14,26,0,40
2024-03-30T21:44:43,14,26,0,40
2024-03-30T22:00:44,14,26,0,40
2024-03-30T22:16:45,14,26,0,40
2024-03-30T22:32:45,14,26,0,40
2024-03-30T22:48:46,14,26,0,40
2024-03-30T23:04:57,14,26,0,40
2024-03-30T23:20:59,14,26,0,40
2024-03-30T23:36:59,14,26,0,40
2024-03-30T23:53:01,14,26,0,40
2024-03-31T00:09:04,14,26,0,40
2024-03-31T00:25:49,14,26,0,40
2024-03-31T00:41:58,14,26,0,40
2024-03-31T00:58:04,14,26,0,40
2024-03-31T01:14:07,14,26,0,40
2024-03-31T01:30:09,14,26,0,40
2024-03-31T01:46:14,14,26,0,40
2024-03-31T02:02:29,14,26,0,40
2024-03-31T02:18:47,15,25,0,40
2024-03-31T02:34:51,15,25,0,40
2024-03-31T02:50:54,15,25,0,40
2024-03-31T03:06:58,15,25,0,40
2024-03-31T03:23:02,15,25,0,40
2024-03-31T03:39:06,15,25,0,40
2024-03-31T03:55:10,15,25,0,40
2024-03-31T04:41:44,15,25,0,40
2024-03-31T04:57:52,16,24,0,40
2024-03-31T05:13:59,16,24,0,40
2024-03-31T05:30:02,16,24,0,40
2024-03-31T05:46:07,16,24,0,40
2024-03-31T06:02:15,16,24,0,40
2024-03-31T06:18:18,16,24,0,40
2024-03-31T06:34:21,16,24,0,40
2024-03-31T06:50:22,16,24,0,40
2024-03-31T07:06:24,16,24,0,40
2024-03-31T07:22:25,16,24,0,40
2024-03-31T07:38:34,16,24,0,40
2024-03-31T07:54:37,16,24,0,40
2024-03-31T08:10:37,16,24,0,40
2024-03-31T08:26:38,16,24,0,40
2024-03-31T08:42:38,16,24,0,40
2024-03-31T08:58:39,16,24,0,40
2024-03-31T09:14:39,16,24,0,40
2024-03-31T09:30:44,16,24,0,40
2024-03-31T09:46:46,16,24,0,40
2024-03-31T10:03:00,16,24,0,40
2024-03-31T10:19:03,16,24,0,40
2024-03-31T10:35:05,16,24,0,40
2024-03-31T10:51:07,16,24,0,40
2024-03-31T11:07:08,16,24,0,40
2024-03-31T11:23:15,16,24,0,40
2024-03-31T11:39:15,16,24,0,40
2024-03-31T11:55:15,16,24,0,40
2024-03-31T12:11:22,16,24,0,40
2024-03-31T12:27:21,16,24,0,40
2024-03-31T12:43:21,16,24,0,40
2024-03-31T12:59:20,16,24,0,40
2024-03-31T13:15:30,16,24,0,40
2024-03-31T13:31:29,16,24,0,40
2024-03-31T13:47:28,16,24,0,40
2024-03-31T14:03:27,16,24,0,40
2024-03-31T14:19:37,16,24,0,40
2024-03-31T14:35:36,16,24,0,40
2024-03-31T14:51:35,16,24,0,40
2024-03-31T15:07:45,16,24,0,40
2024-03-31T15:23:44,16,24,0,40
2024-03-31T15:39:44,16,24,0,40
2024-03-31T15:55:53,16,24,0,40
2024-03-31T16:11:54,16,24,0,40
2024-03-31T16:27:57,16,24,0,40
2024-03-31T16:44:09,16,24,0,40
2024-03-31T17:00:09,16,24,0,40
2024-03-31T17:16:10,16,24,0,40
2024-03-31T17:32:20,16,24,0,40
2024-03-31T17:48:20,16,24,0,40
2024-03-31T18:04:23,16,24,0,40
2024-03-31T18:20:33,16,24,0,40
2024-03-31T18:36:35,16,24,0,40
2024-03-31T18:52:35,16,24,0,40
2024-03-31T19:08:46,16,24,0,40
2024-03-31T19:24:48,16,24,0,40
2024-03-31T19:40:59,16,24,0,40
2024-03-31T19:57:01,17,23,0,40
2024-03-31T20:13:02,17,23,0,40
2024-03-31T20:29:12,17,23,0,40
2024-03-31T20:45:12,17,23,0,40
2024-03-31T21:01:23,17,23,0,40
2024-03-31T21:17:27,17,23,0,40
2024-03-31T21:33:40,17,23,0,40
2024-03-31T21:49:42,17,23,0,40
2024-03-31T22:05:52,17,23,0,40
2024-03-31T22:21:52,17,23,0,40
2024-03-31T22:38:03,17,23,0,40
2024-03-31T22:54:03,17,23,0,40
2024-03-31T23:10:15,17,23,0,40
2024-03-31T23:26:16,17,23,0,40
2024-03-31T23:42:29,17,23,0,40
2024-03-31T23:58:28,17,23,0,40
2024-04-01T00:15:11,17,23,0,40
2024-04-01T00:31:42,17,23,0,40
2024-04-01T00:47:52,17,23,0,40
2024-04-01T01:04:08,17,23,0,40
2024-04-01T01:20:16,17,23,0,40
2024-04-01T01:36:22,17,23,0,40
2024-04-01T01:52:40,17,23,0,40
2024-04-01T02:08:47,17,23,0,40
2024-04-01T02:24:51,17,23,0,40
2024-04-01T02:40:54,17,23,0,40
2024-04-01T02:57:08,17,23,0,40
2024-04-01T03:13:23,17,23,0,40
2024-04-01T03:29:27,17,23,0,40
2024-04-01T03:45:31,17,23,0,40
2024-04-01T04:01:34,17,23,0,40
2024-04-01T04:36:10,17,23,0,40
2024-04-01T04:52:36,17,23,0,40
2024-04-01T05:08:43,17,23,0,40
2024-04-01T05:24:47,17,23,0,40
2024-04-01T05:40:54,17,23,0,40
2024-04-01T05:57:01,17,23,0,40
2024-04-01T06:13:07,17,23,0,40
2024-04-01T06:29:10,17,23,0,40
2024-04-01T06:45:22,17,23,0,40
2024-04-01T07:01:28,17,23,0,40
2024-04-01T07:17:34,18,22,0,40
2024-04-01T07:33:35,18,22,0,40
2024-04-01T07:49:37,18,22,0,40
2024-04-01T08:08:22,18,22,0,40
2024-04-01T08:24:27,18,22,0,40
2024-04-01T08:40:41,18,22,0,40
2024-04-01T08:56:44,18,22,0,40
2024-04-01T09:13:01,18,22,0,40
2024-04-01T09:29:15,18,22,0,40
2024-04-01T09:45:19,18,22,0,40
2024-04-01T10:01:35,18,22,0,40
2024-04-01T10:17:54,18,22,0,40
2024-04-01T10:34:16,18,22,0,40
2024-04-01T10:50:31,18,22,0,40
2024-04-01T11:06:49,18,22,0,40
2024-04-01T11:23:09,18,22,0,40
2024-04-01T11:39:27,18,22,0,40
2024-04-01T11:55:46,18,22,0,40
2024-04-01T12:12:04,18,22,0,40
2024-04-01T12:28:19,18,22,0,40
2024-04-01T12:44:35,18,22,0,40
2024-04-01T13:00:39,18,22,0,40
2024-04-01T13:16:54,18,22,0,40
2024-04-01T13:33:10,18,22,0,40
2024-04-01T13:49:13,18,22,0,40
2024-04-01T14:05:30,18,22,0,40
2024-04-01T14:21:48,18,22,0,40
2024-04-01T14:37:53,18,22,0,40
2024-04-01T14:54:08,18,22,0,40
2024-04-01T15:10:26,18,22,0,40
2024-04-01T15:26:40,18,22,0,40
2024-04-01T15:42:45,18,22,0,40
2024-04-01T15:59:04,18,22,0,40
2024-04-01T16:15:23,18,22,0,40
2024-04-01T16:31:26,18,22,0,40
2024-04-01T16:47:42,18,22,0,40
2024-04-01T17:03:46,18,22,0,40
2024-04-01T17:20:03,18,22,0,40
2024-04-01T17:36:06,18,22,0,40
2024-04-01T17:52:22,18,22,0,40
2024-04-01T18:08:25,18,22,0,40
2024-04-01T18:24:38,18,22,0,40
2024-04-01T18:40:40,18,22,0,40
2024-04-01T18:56:55,18,22,0,40
2024-04-01T19:12:56,18,22,0,40
2024-04-01T19:28:57,18,22,0,40
2024-04-01T19:45:11,18,22,0,40
2024-04-01T20:01:14,18,22,0,40
2024-04-01T20:17:15,18,22,0,40
2024-04-01T20:33:28,18,22,0,40
2024-04-01T20:49:30,18,22,0,40
2024-04-01T21:05:44,18,22,0,40
2024-04-01T21:21:45,18,22,0,40
2024-04-01T21:37:47,18,22,0,40
2024-04-01T21:54:03,18,22,0,40
2024-04-01T22:10:04,18,22,0,40
2024-04-01T22:26:06,18,22,0,40
2024-04-01T22:42:21,18,22,0,40
2024-04-01T22:58:23,18,22,0,40
2024-04-01T23:14:26,18,22,0,40
2024-04-01T23:30:39,18,22,0,40
2024-04-01T23:46:43,18,22,0,40
2024-04-02T00:02:51,18,22,0,40
2024-04-02T00:19:12,18,22,0,40
2024-04-02T00:35:23,18,22,0,40
2024-04-02T00:51:35,18,22,0,40
2024-04-02T01:07:55,18,22,0,40
2024-04-02T01:24:02,18,22,0,40
2024-04-02T01:40:09,18,22,0,40
2024-04-02T01:56:15,18,22,0,40
2024-04-02T02:12:19,18,22,0,40
2024-04-02T02:28:24,18,22,0,40
2024-04-02T02:44:26,18,22,0,40
2024-04-02T03:00:43,18,22,0,40
2024-04-02T03:16:47,18,22,0,40
2024-04-02T03:32:51,18,22,0,40
2024-04-02T03:48:55,18,22,0,40
2024-04-02T04:04:57,18,22,0,40
2024-04-02T04:35:51,18,22,0,40
2024-04-02T04:53:34,18,22,0,40
2024-04-02T05:09:38,18,22,0,40
2024-04-02T05:25:45,18,22,0,40
2024-04-02T05:41:51,18,22,0,40
2024-04-02T05:57:57,18,22,0,40
2024-04-02T06:14:08,18,22,0,40
2024-04-02T06:30:20,18,22,0,40
2024-04-02T06:46:26,18,22,0,40
2024-04-02T07:03:19,18,22,0,40
2024-04-02T07:19:33,18,22,0,40
2024-04-02T07:35:37,18,22,0,40
2024-04-02T07:51:41,18,22,0,40
2024-04-02T08:07:47,18,22,0,40
2024-04-02T08:23:59,18,22,0,40
2024-04-02T08:40:03,18,22,0,40
2024-04-02T08:56:07,18,22,0,40
2024-04-02T09:12:20,18,22,0,40
2024-04-02T09:28:25,18,22,0,40
2024-04-02T09:44:44,18,22,0,40
2024-04-02T10:00:50,18,22,0,40
2024-04-02T10:17:05,18,22,0,40
2024-04-02T10:33:11,18,22,0,40
2024-04-02T10:49:28,18,22,0,40
2024-04-02T11:05:49,18,22,0,40
2024-04-02T11:21:57,18,22,0,40
2024-04-02T11:38:14,18,22,0,40
2024-04-02T11:54:32,18,22,0,40
2024-04-02T12:10:50,18,22,0,40
2024-04-02T12:26:55,18,22,0,40
2024-04-02T12:43:11,18,22,0,40
2024-04-02T12:59:26,18,22,0,40
2024-04-02T13:15:30,18,22,0,40
2024-04-02T13:31:47,18,22,0,40
2024-04-02T13:48:05,18,22,0,40
2024-04-02T14:04:11,18,22,0,40
2024-04-02T14:20:39,18,22,0,40
2024-04-02T14:36:56,18,22,0,40
2024-04-02T14:53:01,18,22,0,40
2024-04-02T15:09:18,18,22,0,40
2024-04-02T15:25:33,18,22,0,40
2024-04-02T15:41:41,18,22,0,40
2024-04-02T15:57:58,18,22,0,40
2024-04-02T16:14:03,18,22,0,40
2024-04-02T16:30:21,18,22,0,40
2024-04-02T16:46:36,18,22,0,40
2024-04-02T17:02:41,18,22,0,40
2024-04-02T17:19:00,18,22,0,40
2024-04-02T17:35:05,18,22,0,40
2024-04-02T17:51:20,18,22,0,40
2024-04-02T18:07:23,18,22,0,40
2024-04-02T18:23:27,18,22,0,40
2024-04-02T18:39:42,18,22,0,40
2024-04-02T18:55:44,18,22,0,40
2024-04-02T19:11:58,18,22,0,40
2024-04-02T19:28:02,18,22,0,40
2024-04-02T19:44:08,18,22,0,40
2024-04-02T20:00:13,18,22,0,40
2024-04-02T20:16:26,18,22,0,40
2024-04-02T20:32:30,18,22,0,40
2024-04-02T20:48:33,18,22,0,40
2024-04-02T21:04:47,18,22,0,40
2024-04-02T21:20:51,18,22,0,40
2024-04-02T21:36:55,18,22,0,40
2024-04-02T21:52:58,18,22,0,40
2024-04-02T22:09:12,18,22,0,40
2024-04-02T22:25:15,18,22,0,40
2024-04-02T22:41:18,18,22,0,40
2024-04-02T22:57:32,18,22,0,40
2024-04-02T23:13:35,18,22,0,40
2024-04-02T23:29:39,18,22,0,40
2024-04-02T23:45:42,18,22,0,40
2024-04-03T00:01:56,18,22,0,40
2024-04-03T00:18:03,18,22,0,40
2024-04-03T00:34:12,18,22,0,40
2024-04-03T00:50:19,18,22,0,40
2024-04-03T01:06:26,18,22,0,40
2024-04-03T01:22:45,18,22,0,40
2024-04-03T01:38:54,18,22,0,40
2024-04-03T01:55:01,18,22,0,40
2024-04-03T02:11:07,18,22,0,40
2024-04-03T02:27:13,18,22,0,40
2024-04-03T02:43:19,18,22,0,40
2024-04-03T02:59:23,18,22,0,40
2024-04-03T03:15:32,18,22,0,40
2024-04-03T03:31:38,18,22,0,40
2024-04-03T03:47:55,18,22,0,40
2024-04-03T04:04:01,18,22,0,40
2024-04-03T04:20:08,18,22,0,40
2024-04-03T04:43:46,18,22,0,40
2024-04-03T04:59:54,18,22,0,40
2024-04-03T05:16:02,18,22,0,40
2024-04-03T05:32:09,18,22,0,40
2024-04-03T05:49:43,18,22,0,40
2024-04-03T06:06:12,18,22,0,40
2024-04-03T06:22:17,18,22,0,40
2024-04-03T06:38:21,18,22,0,40
2024-04-03T06:54:25,18,22,0,40
2024-04-03T07:10:35,18,22,0,40
2024-04-03T07:26:47,18,22,0,40
2024-04-03T07:42:49,18,22,0,40
2024-04-03T07:58:51,18,22,0,40
2024-04-03T08:14:54,18,22,0,40
2024-04-03T08:30:57,18,22,0,40
2024-04-03T08:47:03,18,22,0,40
2024-04-03T09:03:31,18,22,0,40
2024-04-03T09:19:35,18,22,0,40
2024-04-03T09:35:44,18,22,0,40
2024-04-03T09:52:17,18,22,0,40
2024-04-03T10:36:48,18,22,0,40
2024-04-03T10:52:56,18,22,0,40
2024-04-03T11:09:17,18,22,0,40
2024-04-03T11:25:24,18,22,0,40
2024-04-03T11:41:43,18,22,0,40
2024-04-03T11:57:49,18,22,0,40
2024-04-03T12:14:07,18,22,0,40
2024-04-03T12:30:17,18,22,0,40
2024-04-03T12:46:25,18,22,0,40
2024-04-03T13:02:41,18,22,0,40
2024-04-03T13:18:48,18,22,0,40
2024-04-03T13:35:07,18,22,0,40
2024-04-03T13:51:13,18,22,0,40
2024-04-03T14:07:31,18,22,0,40
2024-04-03T14:23:39,18,22,0,40
2024-04-03T14:39:58,18,22,0,40
2024-04-03T14:56:04,18,22,0,40
2024-04-03T15:12:21,18,22,0,40
2024-04-03T15:28:27,18,22,0,40
2024-04-03T15:44:45,18,22,0,40
2024-04-03T16:00:50,18,22,0,40
2024-04-03T16:16:55,18,22,0,40
2024-04-03T16:33:10,18,22,0,40
2024-04-03T16:49:14,18,22,0,40
2024-04-03T17:05:29,18,22,0,40
2024-04-03T17:21:36,19,21,0,40
2024-04-03T17:37:39,19,21,0,40
2024-04-03T17:53:54,19,21,0,40
2024-04-03T18:09:57,19,21,0,40
2024-04-03T18:26:01,19,21,0,40
2024-04-03T18:42:15,19,21,0,40
2024-04-03T18:58:18,19,21,0,40
2024-04-03T19:14:21,19,21,0,40
2024-04-03T19:30:24,19,21,0,40
2024-04-03T19:46:39,19,21,0,40
2024-04-03T20:02:41,19,21,0,40
2024-04-03T20:18:43,19,21,0,40
2024-04-03T20:34:46,19,21,0,40
2024-04-03T20:51:00,19,21,0,40
2024-04-03T21:07:03,19,21,0,40
2024-04-03T21:23:07,19,21,0,40
2024-04-03T21:39:11,19,21,0,40
2024-04-03T21:55:25,19,21,0,40
2024-04-03T22:11:28,19,21,0,40
2024-04-03T22:27:33,19,21,0,40
2024-04-03T22:43:38,20,20,0,40
2024-04-03T22:59:51,20,20,0,40
2024-04-03T23:15:57,20,20,0,40
2024-04-03T23:32:02,20,20,0,40
2024-04-03T23:48:07,20,20,0,40
2024-04-04T00:04:22,20,20,0,40
2024-04-04T00:20:31,20,20,0,40
2024-04-04T00:36:40,20,20,0,40
2024-04-04T00:52:47,20,20,0,40
2024-04-04T01:08:54,20,20,0,40
2024-04-04T01:25:11,20,20,0,40
2024-04-04T01:41:17,20,20,0,40
2024-04-04T01:57:23,20,20,0,40
2024-04-04T02:13:32,20,20,0,40
2024-04-04T02:29:37,20,20,0,40
2024-04-04T02:45:40,20,20,0,40
2024-04-04T03:01:43,20,20,0,40
2024-04-04T03:17:50,20,20,0,40
2024-04-04T03:33:59,20,20,0,40
2024-04-04T03:50:05,20,20,0,40
2024-04-04T04:06:24,20,20,0,40
2024-04-04T04:30:09,20,20,0,40
2024-04-04T04:46:18,20,20,0,40
2024-04-04T05:02:34,20,20,0,40
2024-04-04T05:18:42,20,20,0,40
2024-04-04T05:34:49,20,20,0,40
2024-04-04T05:50:54,20,20,0,40
2024-04-04T06:07:02,20,20,0,40
2024-04-04T06:23:07,20,20,0,40
2024-04-04T06:39:11,20,20,0,40
2024-04-04T06:55:15,20,20,0,40
2024-04-04T07:11:24,20,20,0,40
2024-04-04T07:27:40,20,20,0,40
2024-04-04T07:43:47,20,20,0,40
2024-04-04T07:59:53,20,20,0,40
2024-04-04T08:15:59,20,20,0,40
2024-04-04T08:32:07,20,20,0,40
2024-04-04T08:48:22,20,20,0,40
2024-04-04T09:04:29,20,20,0,40
2024-04-04T09:20:49,20,20,0,40
2024-04-04T09:36:55,20,20,0,40
2024-04-04T09:53:02,20,20,0,40
2024-04-04T10:09:18,20,20,0,40
2024-04-04T10:25:23,20,20,0,40
2024-04-04T10:41:28,20,20,0,40
2024-04-04T10:57:42,20,20,0,40
2024-04-04T11:13:46,20,20,0,40
2024-04-04T11:29:52,20,20,0,40
2024-04-04T11:46:07,20,20,0,40
2024-04-04T12:02:12,20,20,0,40
2024-04-04T12:18:26,20,20,0,40
2024-04-04T12:34:31,20,20,0,40
2024-04-04T12:50:36,20,20,0,40
2024-04-04T13:06:51,20,20,0,40
2024-04-04T13:22:56,20,20,0,40
2024-04-04T13:39:12,20,20,0,40
2024-04-04T13:55:15,20,20,0,40
2024-04-04T14:11:19,20,20,0,40
2024-04-04T14:27:38,20,20,0,40
2024-04-04T14:43:43,20,20,0,40
2024-04-04T14:59:57,20,20,0,40
2024-04-04T15:16:01,20,20,0,40
2024-04-04T15:32:08,20,20,0,40
2024-04-04T15:48:24,20,20,0,40
2024-04-04T16:04:28,20,20,0,40
2024-04-04T16:20:44,20,20,0,40
2024-04-04T16:36:48,20,20,0,40
2024-04-04T16:52:52,20,20,0,40
2024-04-04T17:09:07,20,20,0,40
2024-04-04T17:25:13,20,20,0,40
2024-04-04T17:41:16,20,20,0,40
2024-04-04T17:57:30,20,20,0,40
2024-04-04T18:13:33,20,20,0,40
2024-04-04T18:29:37,20,20,0,40
2024-04-04T18:45:52,20,20,0,40
2024-04-04T19:01:55,20,20,0,40
2024-04-04T19:17:58,20,20,0,40
2024-04-04T19:34:02,20,20,0,40
2024-04-04T19:50:17,20,20,0,40
2024-04-04T20:06:20,20,20,0,40
2024-04-04T20:22:23,20,20,0,40
2024-04-04T20:38:28,20,20,0,40
2024-04-04T20:54:31,20,20,0,40
2024-04-04T21:10:45,20,20,0,40
2024-04-04T21:26:50,20,20,0,40
2024-04-04T21:42:54,20,20,0,40
2024-04-04T21:58:59,20,20,0,40
2024-04-04T22:15:02,20,20,0,40
2024-04-04T22:31:17,20,20,0,40
2024-04-04T22:47:22,20,20,0,40
2024-04-04T23:03:27,20,20,0,40
2024-04-04T23:19:32,20,20,0,40
2024-04-04T23:35:38,20,20,0,40
2024-04-04T23:51:53,20,20,0,40
2024-04-05T00:07:57,20,20,0,40
2024-04-05T00:24:08,20,20,0,40
2024-04-05T00:40:16,20,20,0,40
2024-04-05T00:56:23,20,20,0,40
2024-04-05T01:12:30,20,20,0,40
2024-04-05T01:28:51,20,20,0,40
2024-04-05T01:45:00,20,20,0,40
2024-04-05T02:01:08,20,20,0,40
2024-04-05T02:17:15,20,20,0,40
2024-04-05T02:33:22,20,20,0,40
2024-04-05T02:49:29,20,20,0,40
2024-04-05T03:05:35,20,20,0,40
2024-04-05T03:21:43,20,20,0,40
2024-04-05T03:37:58,20,20,0,40
2024-04-05T03:54:10,20,20,0,40
2024-04-05T04:10:32,20,20,0,40
2024-04-05T04:37:44,20,20,0,40
2024-04-05T04:53:54,20,20,0,40
2024-04-05T05:10:04,20,20,0,40
2024-04-05T05:26:14,20,20,0,40
2024-04-05T05:42:23,20,20,0,40
2024-04-05T05:58:29,20,20,0,40
2024-04-05T06:14:39,20,20,0,40
2024-04-05T06:30:47,20,20,0,40
2024-04-05T06:46:54,20,20,0,40
2024-04-05T07:03:03,20,20,0,40
2024-04-05T07:19:11,20,20,0,40
2024-04-05T07:35:17,20,20,0,40
2024-04-05T07:51:32,20,20,0,40
2024-04-05T08:07:38,20,20,0,40
2024-04-05T08:23:44,20,20,0,40
2024-04-05T08:39:51,20,20,0,40
2024-04-05T08:55:55,20,20,0,40
2024-04-05T09:11:58,20,20,0,40
2024-04-05T09:28:13,20,20,0,40
2024-04-05T09:44:17,20,20,0,40
2024-04-05T10:00:21,20,20,0,40
2024-04-05T10:16:25,20,20,0,40
2024-04-05T10:32:31,20,20,0,40
2024-04-05T10:48:46,20,20,0,40
2024-04-05T11:04:50,20,20,0,40
2024-04-05T11:20:55,20,20,0,40
2024-04-05T11:37:11,20,20,0,40
2024-04-05T11:53:14,20,20,0,40
2024-04-05T12:09:26,20,20,0,40
2024-04-05T12:25:41,20,20,0,40
2024-04-05T12:41:45,20,20,0,40
2024-04-05T12:57:48,20,20,0,40
2024-04-05T13:13:51,20,20,0,40
2024-04-05T13:30:06,20,20,0,40
2024-04-05T13:46:10,20,20,0,40
2024-04-05T14:02:14,20,20,0,40
2024-04-05T14:18:31,20,20,0,40
2024-04-05T14:34:36,20,20,0,40
2024-04-05T14:50:40,20,20,0,40
2024-04-05T15:06:45,20,20,0,40
2024-04-05T15:23:00,20,20,0,40
2024-04-05T15:39:04,20,20,0,40
2024-04-05T15:55:08,20,20,0,40
2024-04-05T16:11:13,20,20,0,40
2024-04-05T16:27:27,20,20,0,40
2024-04-05T16:43:31,20,20,0,40
2024-04-05T16:59:33,20,20,0,40
2024-04-05T17:15:39,20,20,0,40
2024-04-05T17:31:43,20,20,0,40
2024-04-05T17:47:58,20,20,0,40
2024-04-05T18:04:01,20,20,0,40
2024-04-05T18:20:04,20,20,0,40
2024-04-05T18:36:08,20,20,0,40
2024-04-05T18:52:21,20,20,0,40
2024-04-05T19:08:25,20,20,0,40
2024-04-05T19:24:29,20,20,0,40
2024-04-05T19:40:33,20,20,0,40
2024-04-05T19:56:36,20,20,0,40
2024-04-05T20:12:47,20,20,0,40
2024-04-05T20:28:50,20,20,0,40
2024-04-05T20:45:07,20,20,0,40
2024-04-05T21:01:11,20,20,0,40
2024-04-05T21:17:16,20,20,0,40
2024-04-05T21:33:20,20,20,0,40
2024-04-05T21:49:28,20,20,0,40
2024-04-05T22:05:34,20,20,0,40
2024-04-05T22:21:38,20,20,0,40
2024-04-05T22:37:53,20,20,0,40
2024-04-05T22:53:56,20,20,0,40
2024-04-05T23:09:59,20,20,0,40
2024-04-05T23:26:04,20,20,0,40
2024-04-05T23:42:10,20,20,0,40
2024-04-05T23:58:14,20,20,0,40
2024-04-06T00:14:23,20,20,0,40
2024-04-06T00:30:32,20,20,0,40
2024-04-06T00:46:54,20,20,0,40
2024-04-06T01:03:01,20,20,0,40
2024-04-06T01:19:09,20,20,0,40
2024-04-06T01:35:16,20,20,0,40
2024-04-06T01:51:24,20,20,0,40
2024-04-06T02:07:31,20,20,0,40
2024-04-06T02:23:38,20,20,0,40
2024-04-06T02:39:43,20,20,0,40
2024-04-06T02:55:49,20,20,0,40
2024-04-06T03:11:54,20,20,0,40
2024-04-06T03:28:01,20,20,0,40
2024-04-06T03:44:07,20,20,0,40
2024-04-06T04:00:25,20,20,0,40
2024-04-06T04:31:49,20,20,0,40
2024-04-06T04:49:36,20,20,0,40
2024-04-06T05:06:05,20,20,0,40
2024-04-06T05:23:14,20,20,0,40
2024-04-06T05:39:23,20,20,0,40
2024-04-06T05:55:30,20,20,0,40
2024-04-06T06:11:38,20,20,0,40
2024-04-06T06:27:45,20,20,0,40
2024-04-06T06:43:59,20,20,0,40
2024-04-06T07:00:05,20,20,0,40
2024-04-06T07:16:13,20,20,0,40
2024-04-06T07:32:22,20,20,0,40
2024-04-06T07:48:29,20,20,0,40
2024-04-06T08:04:34,20,20,0,40
2024-04-06T08:20:41,20,20,0,40
2024-04-06T08:36:50,20,20,0,40
2024-04-06T08:52:56,20,20,0,40
2024-04-06T09:09:03,20,20,0,40
2024-04-06T09:25:20,20,20,0,40
2024-04-06T09:41:27,20,20,0,40
2024-04-06T09:57:34,20,20,0,40
2024-04-06T10:13:41,20,20,0,40
2024-04-06T10:29:47,20,20,0,40
2024-04-06T10:45:54,20,20,0,40
2024-04-06T11:02:00,20,20,0,40
2024-04-06T11:18:15,20,20,0,40
2024-04-06T11:34:20,20,20,0,40
2024-04-06T11:50:26,20,20,0,40
2024-04-06T12:06:31,20,20,0,40
2024-04-06T12:22:37,20,20,0,40
2024-04-06T12:38:42,20,20,0,40
2024-04-06T12:54:48,20,20,0,40
2024-04-06T13:11:00,20,20,0,40
2024-04-06T13:27:04,20,20,0,40
2024-04-06T13:43:08,20,20,0,40
2024-04-06T13:59:11,20,20,0,40
2024-04-06T14:15:15,20,20,0,40
2024-04-06T14:31:19,20,20,0,40
2024-04-06T14:47:23,20,20,0,40
2024-04-06T15:03:27,20,20,0,40
2024-04-06T15:19:39,20,20,0,40
2024-04-06T15:35:43,20,20,0,40
2024-04-06T15:51:46,20,20,0,40
2024-04-06T16:07:50,20,20,0,40
2024-04-06T16:23:53,20,20,0,40
2024-04-06T16:39:57,20,20,0,40
2024-04-06T16:56:01,20,20,0,40
2024-04-06T17:12:14,20,20,0,40
2024-04-06T17:28:18,20,20,0,40
2024-04-06T17:44:21,20,20,0,40
2024-04-06T18:00:25,20,20,0,40
2024-04-06T18:16:28,20,20,0,40
2024-04-06T18:32:33,20,20,0,40
2024-04-06T18:48:36,20,20,0,40
2024-04-06T19:04:39,20,20,0,40
2024-04-06T19:20:54,20,20,0,40
2024-04-06T19:36:58,20,20,0,40
2024-04-06T19:53:01,20,20,0,40
2024-04-06T20:09:03,20,20,0,40
2024-04-06T20:25:07,20,20,0,40
2024-04-06T20:41:11,20,20,0,40
2024-04-06T20:57:26,20,20,0,40
2024-04-06T21:13:29,20,20,0,40
2024-04-06T21:29:33,20,20,0,40
2024-04-06T21:45:38,20,20,0,40
2024-04-06T22:01:40,20,20,0,40
2024-04-06T22:17:45,20,20,0,40
2024-04-06T22:33:49,20,20,0,40
2024-04-06T22:49:53,20,20,0,40
2024-04-06T23:06:06,20,20,0,40
2024-04-06T23:22:11,20,20,0,40
2024-04-06T23:38:15,20,20,0,40
2024-04-06T23:54:18,20,20,0,40
2024-04-07T00:10:24,20,20,0,40
2024-04-07T00:26:29,20,20,0,40
2024-04-07T00:42:34,20,20,0,40
2024-04-07T01:15:12,20,20,0,40
2024-04-07T01:31:26,20,20,0,40
2024-04-07T01:47:32,20,20,0,40
2024-04-07T02:03:39,20,20,0,40
2024-04-07T02:19:45,20,20,0,40
2024-04-07T02:35:51,20,20,0,40
2024-04-07T02:51:55,20,20,0,40
2024-04-07T03:08:00,20,20,0,40
2024-04-07T03:24:06,20,20,0,40
2024-04-07T03:40:10,20,20,0,40
2024-04-07T03:56:15,20,20,0,40
2024-04-07T04:12:22,20,20,0,40
2024-04-07T04:36:23,20,20,0,40
2024-04-07T04:52:49,20,20,0,40
2024-04-07T05:08:58,20,20,0,40
2024-04-07T05:25:05,20,20,0,40
2024-04-07T05:41:11,20,20,0,40
2024-04-07T05:57:18,20,20,0,40
2024-04-07T06:13:26,20,20,0,40
2024-04-07T06:29:32,20,20,0,40
2024-04-07T06:45:40,20,20,0,40
2024-04-07T07:01:46,20,20,0,40
2024-04-07T07:17:52,20,20,0,40
2024-04-07T07:33:58,20,20,0,40
2024-04-07T07:50:11,20,20,0,40
2024-04-07T08:06:14,20,20,0,40
2024-04-07T08:22:17,20,20,0,40
2024-04-07T08:38:21,20,20,0,40
2024-04-07T08:54:24,20,20,0,40
2024-04-07T09:10:28,20,20,0,40
2024-04-07T09:26:31,20,20,0,40
2024-04-07T09:42:34,20,20,0,40
2024-04-07T09:58:38,20,20,0,40
2024-04-07T10:14:44,20,20,0,40
2024-04-07T10:30:49,20,20,0,40
2024-04-07T10:47:02,20,20,0,40
2024-04-07T11:03:06,20,20,0,40
2024-04-07T11:19:09,20,20,0,40
2024-04-07T11:35:12,20,20,0,40
2024-04-07T11:51:15,20,20,0,40
2024-04-07T12:07:20,20,20,0,40
2024-04-07T12:23:25,20,20,0,40
2024-04-07T12:39:40,20,20,0,40
2024-04-07T12:55:43,20,20,0,40
2024-04-07T13:11:46,20,20,0,40
2024-04-07T13:27:51,20,20,0,40
2024-04-07T13:43:54,20,20,0,40
2024-04-07T13:59:57,20,20,0,40
2024-04-07T14:16:01,20,20,0,40
2024-04-07T14:32:14,20,20,0,40
2024-04-07T14:48:17,20,20,0,40
2024-04-07T15:04:20,20,20,0,40
2024-04-07T15:20:23,20,20,0,40
2024-04-07T15:36:25,20,20,0,40
2024-04-07T15:52:27,20,20,0,40
2024-04-07T16:08:41,20,20,0,40
2024-04-07T16:24:45,20,20,0,40
2024-04-07T16:40:48,20,20,0,40
2024-04-07T16:56:51,20,20,0,40
2024-04-07T17:12:54,20,20,0,40
2024-04-07T17:28:58,20,20,0,40
2024-04-07T17:45:02,20,20,0,40
2024-04-07T18:01:15,20,20,0,40
2024-04-07T18:17:17,20,20,0,40
2024-04-07T18:33:22,20,20,0,40
2024-04-07T18:49:27,20,20,0,40
2024-04-07T19:05:30,20,20,0,40
2024-04-07T19:21:35,20,20,0,40
2024-04-07T19:37:48,20,20,0,40
2024-04-07T19:53:51,20,20,0,40
2024-04-07T20:09:54,20,20,0,40
2024-04-07T20:25:57,20,20,0,40
2024-04-07T20:42:00,20,20,0,40
2024-04-07T20:58:03,20,20,0,40
2024-04-07T21:14:18,20,20,0,40
2024-04-07T21:30:22,20,20,0,40
2024-04-07T21:46:25,20,20,0,40
2024-04-07T22:02:30,20,20,0,40
2024-04-07T22:18:32,20,20,0,40
2024-04-07T22:34:36,20,20,0,40
2024-04-07T22:50:49,20,20,0,40
2024-04-07T23:06:52,20,20,0,40
2024-04-07T23:22:56,20,20,0,40
2024-04-07T23:39:00,20,20,0,40
2024-04-07T23:55:04,20,20,0,40
2024-04-08T00:11:19,20,20,0,40
2024-04-08T00:27:31,20,20,0,40
2024-04-08T00:43:38,20,20,0,40
2024-04-08T00:59:42,20,20,0,40
2024-04-08T01:16:06,20,20,0,40
2024-04-08T01:32:13,20,20,0,40
2024-04-08T01:48:21,20,20,0,40
2024-04-08T02:04:28,20,20,0,40
2024-04-08T02:20:58,20,20,0,40
2024-04-08T02:37:03,20,20,0,40
2024-04-08T02:53:08,20,20,0,40
2024-04-08T03:09:13,20,20,0,40
2024-04-08T03:25:20,20,20,0,40
2024-04-08T03:41:25,20,20,0,40
2024-04-08T03:57:33,20,20,0,40
2024-04-08T04:34:13,20,20,0,40
2024-04-08T04:51:36,20,20,0,40
2024-04-08T05:08:04,20,20,0,40
2024-04-08T05:24:13,20,20,0,40
2024-04-08T05:40:25,20,20,0,40
2024-04-08T05:56:34,20,20,0,40
2024-04-08T06:12:41,20,20,0,40
2024-04-08T06:28:49,20,20,0,40
2024-04-08T06:44:55,20,20,0,40
2024-04-08T07:00:59,20,20,0,40
2024-04-08T07:17:07,20,20,0,40
2024-04-08T07:33:10,20,20,0,40
2024-04-08T07:49:21,20,20,0,40
2024-04-08T08:05:25,20,20,0,40
2024-04-08T08:21:28,20,20,0,40
2024-04-08T08:37:33,20,20,0,40
2024-04-08T08:53:36,20,20,0,40
2024-04-08T09:09:40,20,20,0,40
2024-04-08T09:25:54,22,18,0,40
2024-04-08T09:41:57,22,18,0,40
2024-04-08T09:58:01,22,18,0,40
2024-04-08T10:14:04,22,18,0,40
2024-04-08T10:30:08,22,18,0,40
2024-04-08T10:46:21,22,18,0,40
2024-04-08T11:02:24,22,18,0,40
2024-04-08T11:18:28,22,18,0,40
2024-04-08T11:34:41,22,18,0,40
2024-04-08T11:50:44,22,18,0,40
2024-04-08T12:06:48,22,18,0,40
2024-04-08T12:23:04,22,18,0,40
2024-04-08T12:39:10,22,18,0,40
2024-04-08T12:55:14,22,18,0,40
2024-04-08T13:11:28,22,18,0,40
2024-04-08T13:27:32,22,18,0,40
2024-04-08T13:43:36,22,18,0,40
2024-04-08T13:59:54,22,18,0,40
2024-04-08T14:15:59,22,18,0,40
2024-04-08T14:32:06,22,18,0,40
2024-04-08T14:48:13,22,18,0,40
2024-04-08T15:04:29,22,18,0,40
2024-04-08T15:20:33,22,18,0,40
2024-04-08T15:36:49,22,18,0,40
2024-04-08T15:52:53,22,18,0,40
2024-04-08T16:08:58,22,18,0,40
2024-04-08T16:25:03,22,18,0,40
2024-04-08T16:41:19,22,18,0,40
2024-04-08T16:57:24,22,18,0,40
2024-04-08T17:13:30,22,18,0,40
2024-04-08T17:29:47,22,18,0,40
2024-04-08T17:45:50,22,18,0,40
2024-04-08T18:01:54,22,18,0,40
2024-04-08T18:17:58,22,18,0,40
2024-04-08T18:34:14,22,18,0,40
2024-04-08T18:50:19,22,18,0,40
2024-04-08T19:06:24,22,18,0,40
2024-04-08T19:22:27,22,18,0,40
2024-04-08T19:38:32,22,18,0,40
2024-04-08T19:54:46,22,18,0,40
2024-04-08T20:10:53,22,18,0,40
2024-04-08T20:26:57,22,18,0,40
2024-04-08T20:43:01,22,18,0,40
2024-04-08T20:59:04,22,18,0,40
2024-04-08T21:15:19,22,18,0,40
2024-04-08T21:31:23,22,18,0,40
2024-04-08T21:47:29,22,18,0,40
2024-04-08T22:03:34,22,18,0,40
2024-04-08T22:19:38,22,18,0,40
2024-04-08T22:35:53,22,18,0,40
2024-04-08T22:51:58,22,18,0,40
2024-04-08T23:08:01,22,18,0,40
2024-04-08T23:24:07,22,18,0,40
2024-04-08T23:40:12,22,18,0,40
2024-04-08T23:56:26,22,18,0,40
2024-04-09T00:12:32,22,18,0,40
2024-04-09T00:28:44,22,18,0,40
2024-04-09T00:44:56,22,18,0,40
2024-04-09T01:01:05,22,18,0,40
2024-04-09T01:17:12,22,18,0,40
2024-04-09T01:33:21,22,18,0,40
2024-04-09T01:49:41,22,18,0,40
2024-04-09T02:05:48,22,18,0,40
2024-04-09T02:21:55,22,18,0,40
2024-04-09T02:38:00,22,18,0,40
2024-04-09T02:54:06,22,18,0,40
2024-04-09T03:10:16,22,18,0,40
2024-04-09T03:26:34,22,18,0,40
2024-04-09T03:42:41,22,18,0,40
2024-04-09T03:58:48,22,18,0,40
2024-04-09T04:32:57,22,18,0,40
2024-04-09T04:51:08,22,18,0,40
2024-04-09T05:07:26,22,18,0,40
2024-04-09T05:23:36,22,18,0,40
2024-04-09T05:39:43,22,18,0,40
2024-04-09T05:55:49,22,18,0,40
2024-04-09T06:12:32,22,18,0,40
2024-04-09T06:28:38,22,18,0,40
2024-04-09T06:44:43,22,18,0,40
2024-04-09T07:00:49,22,18,0,40
2024-04-09T07:16:56,22,18,0,40
2024-04-09T07:33:06,22,18,0,40
2024-04-09T07:49:21,22,18,0,40
2024-04-09T08:05:26,22,18,0,40
2024-04-09T08:21:31,22,18,0,40
2024-04-09T08:37:37,22,18,0,40
2024-04-09T08:53:42,22,18,0,40
2024-04-09T09:09:47,22,18,0,40
2024-04-09T09:25:54,22,18,0,40
2024-04-09T09:42:10,22,18,0,40
2024-04-09T09:58:15,22,18,0,40
2024-04-09T10:14:19,22,18,0,40
2024-04-09T10:30:25,22,18,0,40
2024-04-09T10:46:40,22,18,0,40
2024-04-09T11:02:45,22,18,0,40
2024-04-09T11:18:50,22,18,0,40
2024-04-09T11:35:04,22,18,0,40
2024-04-09T11:51:08,22,18,0,40
2024-04-09T12:07:13,22,18,0,40
2024-04-09T12:23:27,22,18,0,40
2024-04-09T12:39:32,22,18,0,40
2024-04-09T12:55:36,22,18,0,40
2024-04-09T13:11:50,22,18,0,40
2024-04-09T13:27:55,22,18,0,40
2024-04-09T13:43:59,22,18,0,40
2024-04-09T14:00:11,22,18,0,40
2024-04-09T14:16:16,22,18,0,40
2024-04-09T14:32:21,22,18,0,40
2024-04-09T14:48:39,22,18,0,40
2024-04-09T15:04:45,22,18,0,40
2024-04-09T15:20:51,22,18,0,40
2024-04-09T15:37:09,22,18,0,40
2024-04-09T15:53:14,22,18,0,40
2024-04-09T16:09:19,22,18,0,40
2024-04-09T16:25:24,22,18,0,40
2024-04-09T16:41:40,22,18,0,40
2024-04-09T16:57:44,22,18,0,40
2024-04-09T17:13:50,22,18,0,40
2024-04-09T17:29:57,22,18,0,40
2024-04-09T17:46:13,22,18,0,40
2024-04-09T18:02:19,22,18,0,40
2024-04-09T18:18:25,22,18,0,40
2024-04-09T18:34:30,22,18,0,40
2024-04-09T18:50:45,22,18,0,40
2024-04-09T19:06:52,22,18,0,40
2024-04-09T19:22:57,22,18,0,40
2024-04-09T19:39:01,22,18,0,40
2024-04-09T19:55:09,22,18,0,40
2024-04-09T20:11:17,22,18,0,40
2024-04-09T20:27:35,22,18,0,40
2024-04-09T20:43:43,22,18,0,40
2024-04-09T20:59:51,22,18,0,40
2024-04-09T21:15:59,22,18,0,40
2024-04-09T21:32:08,22,18,0,40
2024-04-09T21:48:16,22,18,0,40
2024-04-09T22:04:34,22,18,0,40
2024-04-09T22:20:42,22,18,0,40
2024-04-09T22:36:49,22,18,0,40
2024-04-09T22:52:56,22,18,0,40
2024-04-09T23:09:03,22,18,0,40
2024-04-09T23:25:11,22,18,0,40
2024-04-09T23:41:33,22,18,0,40
2024-04-09T23:57:42,22,18,0,40
2024-04-10T00:13:57,22,18,0,40
2024-04-10T00:30:08,22,18,0,40
2024-04-10T00:46:21,22,18,0,40
2024-04-10T01:02:32,22,18,0,40
2024-04-10T01:18:42,22,18,0,40
2024-04-10T01:35:02,22,18,0,40
2024-04-10T01:51:12,22,18,0,40
2024-04-10T02:07:22,22,18,0,40
2024-04-10T02:23:32,22,18,0,40
2024-04-10T02:39:42,22,18,0,40
2024-04-10T02:55:53,22,18,0,40
2024-04-10T03:12:04,22,18,0,40
2024-04-10T03:28:15,22,18,0,40
2024-04-10T03:44:25,22,18,0,40
2024-04-10T04:00:34,22,18,0,40
2024-04-10T04:33:50,22,18,0,40
2024-04-10T04:50:19,22,18,0,40
2024-04-10T05:06:33,22,18,0,40
2024-04-10T05:23:14,22,18,0,40
2024-04-10T05:39:31,22,18,0,40
2024-04-10T05:55:42,22,18,0,40
2024-04-10T06:11:56,22,18,0,40
2024-04-10T06:28:07,22,18,0,40
2024-04-10T06:44:18,22,18,0,40
2024-04-10T07:00:28,22,18,0,40
2024-04-10T07:16:43,22,18,0,40
2024-04-10T07:32:52,22,18,0,40
2024-04-10T07:49:01,22,18,0,40
2024-04-10T08:05:11,22,18,0,40
2024-04-10T08:21:23,22,18,0,40
2024-04-10T08:37:51,22,18,0,40
2024-04-10T08:54:02,22,18,0,40
2024-04-10T09:10:14,22,18,0,40
2024-04-10T09:26:22,22,18,0,40
2024-04-10T09:42:34,22,18,0,40
2024-04-10T09:58:44,22,18,0,40
2024-04-10T10:14:53,22,18,0,40
2024-04-10T10:31:14,22,18,0,40
2024-04-10T10:47:23,22,18,0,40
2024-04-10T11:03:36,22,18,0,40
2024-04-10T11:20:01,22,18,0,40
2024-04-10T11:36:08,22,18,0,40
2024-04-10T11:52:16,22,18,0,40
2024-04-10T12:08:50,22,18,0,40
2024-04-10T12:24:59,22,18,0,40
2024-04-10T12:41:07,22,18,0,40
2024-04-10T12:57:15,22,18,0,40
2024-04-10T13:13:24,22,18,0,40
2024-04-10T13:29:43,22,18,0,40
2024-04-10T13:45:50,22,18,0,40
2024-04-10T14:01:59,22,18,0,40
2024-04-10T14:18:17,22,18,0,40
2024-04-10T14:34:25,22,18,0,40
2024-04-10T14:50:33,22,18,0,40
2024-04-10T15:06:43,22,18,0,40
2024-04-10T15:23:16,22,18,0,40
2024-04-10T15:39:26,22,18,0,40
2024-04-10T15:55:34,22,18,0,40
2024-04-10T16:11:42,22,18,0,40
2024-04-10T16:28:00,22,18,0,40
2024-04-13T00:13:42,21,19,0,40
2024-04-13T00:30:00,21,19,0,40
2024-04-13T00:46:16,21,19,0,40
2024-04-13T01:02:33,21,19,0,40
2024-04-13T01:18:48,21,19,0,40
2024-04-13T01:35:00,21,19,0,40
2024-04-13T01:51:13,21,19,0,40
2024-04-13T02:07:27,21,19,0,40
2024-04-13T02:23:49,21,19,0,40
2024-04-13T02:40:00,21,19,0,40
2024-04-13T02:56:11,21,19,0,40
2024-04-13T03:12:23,21,19,0,40
2024-04-13T03:28:35,21,19,0,40
2024-04-13T03:44:47,21,19,0,40
2024-04-13T04:00:58,21,19,0,40
2024-04-13T04:17:11,21,19,0,40
2024-04-13T10:07:04,21,19,0,40
2024-04-13T10:24:22,21,19,0,40
2024-04-13T10:40:32,21,19,0,40
2024-04-13T10:56:40,21,19,0,40
2024-04-13T11:12:51,21,19,0,40
2024-04-13T11:29:01,21,19,0,40
2024-04-13T11:45:11,21,19,0,40
2024-04-13T12:01:31,21,19,0,40
2024-04-13T12:17:44,21,19,0,40
2024-04-13T12:33:53,21,19,0,40
2024-04-13T12:50:03,21,19,0,40
2024-04-13T13:06:13,21,19,0,40
2024-04-13T13:22:23,21,19,0,40
2024-04-13T13:38:32,21,19,0,40
2024-04-13T13:54:51,21,19,0,40
2024-04-13T14:11:00,21,19,0,40
2024-04-13T14:27:08,21,19,0,40
2024-04-13T14:43:17,21,19,0,40
2024-04-13T14:59:25,21,19,0,40
2024-04-13T15:15:35,21,19,0,40
2024-04-13T15:31:44,21,19,0,40
2024-04-13T15:47:53,21,19,0,40
2024-04-13T16:04:02,21,19,0,40
2024-04-13T16:20:10,21,19,0,40
2024-04-13T16:36:29,21,19,0,40
2024-04-13T16:52:38,21,19,0,40
2024-04-13T17:08:47,21,19,0,40
2024-04-13T17:24:57,21,19,0,40
2024-04-13T17:41:06,21,19,0,40
2024-04-13T17:57:16,21,19,0,40
2024-04-13T18:13:26,21,19,0,40
2024-04-13T18:29:35,21,19,0,40
2024-04-13T18:45:44,21,19,0,40
2024-04-13T19:01:53,21,19,0,40
2024-04-13T19:18:02,21,19,0,40
2024-04-13T19:34:10,21,19,0,40
2024-04-13T19:50:19,21,19,0,40
2024-04-13T20:06:39,21,19,0,40
2024-04-13T20:22:48,21,19,0,40
2024-04-13T20:38:57,21,19,0,40
2024-04-13T20:55:06,21,19,0,40
2024-04-13T21:11:15,21,19,0,40
2024-04-13T21:27:24,21,19,0,40
2024-04-13T21:43:34,21,19,0,40
2024-04-13T21:59:43,21,19,0,40
2024-04-13T22:15:53,21,19,0,40
2024-04-13T22:32:02,21,19,0,40
2024-04-13T22:48:11,21,19,0,40
2024-04-13T23:04:20,21,19,0,40
2024-04-13T23:20:30,21,19,0,40
2024-04-13T23:36:40,21,19,0,40
2024-04-13T23:52:59,21,19,0,40
2024-04-14T00:09:12,21,19,0,40
2024-04-14T00:25:31,21,19,0,40
2024-04-14T00:41:46,21,19,0,40
2024-04-14T00:57:58,21,19,0,40
2024-04-14T01:14:10,21,19,0,40
2024-04-14T01:30:21,21,19,0,40
2024-04-14T01:46:33,21,19,0,40
2024-04-14T02:02:45,21,19,0,40
2024-04-14T02:19:00,21,19,0,40
2024-04-14T02:35:12,21,19,0,40
2024-04-14T02:51:24,21,19,0,40
2024-04-14T03:07:37,21,19,0,40
2024-04-14T03:23:52,21,19,0,40
2024-04-14T03:40:02,21,19,0,40
2024-04-14T03:56:14,21,19,0,40
2024-04-14T04:12:37,21,19,0,40
2024-04-14T12:46:57,21,19,0,40
2024-04-14T13:03:07,21,19,0,40
2024-04-14T13:19:16,21,19,0,40
2024-04-14T13:35:25,21,19,0,40
2024-04-14T13:51:34,21,19,0,40
2024-04-14T14:07:43,21,19,0,40
2024-04-14T14:23:52,21,19,0,40
2024-04-14T14:40:01,21,19,0,40
2024-04-14T14:56:11,21,19,0,40
2024-04-14T15:12:29,21,19,0,40
2024-04-14T15:28:38,21,19,0,40
2024-04-14T15:44:46,21,19,0,40
2024-04-14T16:00:57,21,19,0,40
2024-04-14T16:17:08,21,19,0,40
2024-04-14T16:33:18,21,19,0,40
2024-04-14T16:49:28,21,19,0,40
2024-04-14T17:05:38,21,19,0,40
2024-04-14T17:22:04,21,19,0,40
2024-04-14T17:38:13,21,19,0,40
2024-04-14T17:54:22,21,19,0,40
2024-04-14T18:10:31,21,19,0,40
2024-04-14T18:26:40,21,19,0,40
2024-04-14T18:42:51,21,19,0,40
2024-04-14T18:59:02,21,19,0,40
2024-04-14T19:15:17,21,19,0,40
2024-04-14T19:31:27,21,19,0,40
2024-04-14T19:47:54,21,19,0,40
2024-04-14T20:04:05,21,19,0,40
2024-04-14T20:20:15,21,19,0,40
2024-04-14T20:36:26,21,19,0,40
2024-04-14T20:52:35,21,19,0,40
2024-04-14T21:08:44,21,19,0,40
2024-04-14T21:24:57,21,19,0,40
2024-04-14T21:41:10,21,19,0,40
2024-04-14T21:57:21,21,19,0,40
2024-04-14T22:13:46,21,19,0,40
2024-04-14T22:29:56,21,19,0,40
2024-04-14T22:46:07,21,19,0,40
2024-04-14T23:02:18,21,19,0,40
2024-04-14T23:18:29,21,19,0,40
2024-04-14T23:34:39,21,19,0,40
2024-04-14T23:50:50,21,19,0,40
2024-04-15T00:07:02,21,19,0,40
2024-04-15T00:23:18,21,19,0,40
2024-04-15T00:39:36,21,19,0,40
2024-04-15T00:55:50,21,19,0,40
2024-04-15T01:12:19,21,19,0,40
2024-04-15T01:28:31,21,19,0,40
2024-04-15T01:44:44,21,19,0,40
2024-04-15T02:00:56,21,19,0,40
2024-04-15T02:17:08,21,19,0,40
2024-04-15T02:33:48,21,19,0,40
2024-04-15T02:49:59,21,19,0,40
2024-04-15T03:06:10,21,19,0,40
2024-04-15T03:22:22,21,19,0,40
2024-04-15T03:38:33,21,19,0,40
2024-04-15T03:54:45,21,19,0,40
2024-04-15T04:10:57,21,19,0,40
2024-04-15T04:38:20,21,19,0,40
2024-04-15T04:54:50,21,19,0,40
2024-04-15T05:11:08,21,19,0,40
2024-04-15T05:27:21,21,19,0,40
2024-04-15T05:43:35,21,19,0,40
2024-04-15T05:59:47,21,19,0,40
2024-04-15T06:16:00,21,19,0,40
2024-04-15T06:32:11,21,19,0,40
2024-04-15T06:48:25,21,19,0,40
2024-04-15T07:04:38,21,19,0,40
2024-04-15T07:20:52,21,19,0,40
2024-04-15T07:37:11,21,19,0,40
2024-04-15T07:53:21,21,19,0,40
2024-04-15T08:09:33,21,19,0,40
2024-04-15T08:25:42,21,19,0,40
2024-04-15T08:41:56,21,19,0,40
2024-04-15T08:58:05,21,19,0,40
2024-04-15T09:14:15,21,19,0,40
2024-04-15T09:30:26,21,19,0,40
2024-04-15T09:46:38,21,19,0,40
2024-04-15T10:02:57,21,19,0,40
2024-04-15T10:19:07,21,19,0,40
2024-04-15T10:35:15,21,19,0,40
2024-04-15T10:51:24,21,19,0,40
2024-04-15T11:07:33,21,19,0,40
2024-04-15T11:23:53,21,19,0,40
2024-04-15T11:40:03,21,19,0,40
2024-04-15T11:56:12,21,19,0,40
2024-04-15T12:12:33,22,18,0,40
2024-04-15T12:28:42,22,18,0,40
2024-04-15T12:44:51,22,18,0,40
2024-04-15T13:01:00,22,18,0,40
2024-04-15T13:17:09,22,18,0,40
2024-04-15T13:33:33,22,18,0,40
2024-04-15T13:49:51,22,18,0,40
2024-04-15T14:06:09,22,18,0,40
2024-04-15T14:22:19,22,18,0,40
2024-04-15T14:38:30,22,18,0,40
2024-04-15T14:54:49,22,18,0,40
2024-04-15T15:11:01,22,18,0,40
2024-04-15T15:27:10,22,18,0,40
2024-04-15T15:43:20,22,18,0,40
2024-04-15T15:59:38,22,18,0,40
2024-04-15T16:15:47,22,18,0,40
2024-04-15T16:31:58,22,18,0,40
2024-04-15T16:48:07,22,18,0,40
2024-04-15T17:04:16,22,18,0,40
2024-04-15T17:20:30,22,18,0,40
2024-04-15T17:36:51,22,18,0,40
2024-04-15T17:53:00,22,18,0,40
2024-04-15T18:09:09,22,18,0,40
2024-04-15T18:25:17,22,18,0,40
2024-04-15T18:41:26,22,18,0,40
2024-04-15T18:57:35,22,18,0,40
2024-04-15T19:13:55,22,18,0,40
2024-04-15T19:30:03,22,18,0,40
2024-04-15T19:46:12,22,18,0,40
2024-04-15T20:02:20,22,18,0,40
2024-04-15T20:18:30,22,18,0,40
2024-04-15T20:34:38,22,18,0,40
2024-04-15T20:50:47,22,18,0,40
2024-04-15T21:06:56,22,18,0,40
2024-04-15T21:23:17,22,18,0,40
2024-04-15T21:39:28,22,18,0,40
2024-04-15T21:55:38,22,18,0,40
2024-04-15T22:11:49,22,18,0,40
2024-04-15T22:27:57,22,18,0,40
2024-04-15T22:44:07,22,18,0,40
2024-04-15T23:00:15,22,18,0,40
2024-04-15T23:16:36,22,18,0,40
2024-04-15T23:32:47,22,18,0,40
2024-04-15T23:48:57,22,18,0,40
2024-04-16T00:05:11,22,18,0,40
2024-04-16T00:21:33,22,18,0,40
2024-04-16T00:37:48,22,18,0,40
2024-04-16T00:54:02,22,18,0,40
2024-04-16T01:10:14,22,18,0,40
2024-04-16T01:26:27,22,18,0,40
2024-04-16T01:42:47,22,18,0,40
2024-04-16T01:59:08,22,18,0,40
2024-04-16T02:15:20,22,18,0,40
2024-04-16T02:31:31,22,18,0,40
2024-04-16T02:47:42,22,18,0,40
2024-04-16T03:03:53,22,18,0,40
2024-04-16T03:20:08,22,18,0,40
2024-04-16T03:36:19,22,18,0,40
2024-04-16T03:52:29,22,18,0,40
2024-04-16T14:09:50,22,18,0,40
2024-04-16T14:26:11,22,18,0,40
2024-04-16T14:42:22,22,18,0,40
2024-04-16T14:58:32,22,18,0,40
2024-04-16T15:14:56,22,18,0,40
2024-04-16T15:31:09,22,18,0,40
2024-04-16T15:47:20,22,18,0,40
2024-04-16T16:03:30,22,18,0,40
2024-04-16T16:19:40,22,18,0,40
2024-04-16T16:36:00,22,18,0,40
2024-04-16T16:52:14,22,18,0,40
2024-04-16T17:08:23,22,18,0,40
2024-04-16T17:24:36,22,18,0,40
2024-04-16T17:40:46,22,18,0,40
2024-04-16T17:56:57,22,18,0,40
2024-04-16T18:13:17,22,18,0,40
2024-04-16T18:29:28,22,18,0,40
2024-04-16T18:45:39,22,18,0,40
2024-04-16T19:01:48,22,18,0,40
2024-04-16T19:17:57,22,18,0,40
2024-04-16T19:34:04,22,18,0,40
2024-04-16T19:50:10,22,18,0,40
2024-04-16T20:06:28,22,18,0,40
2024-04-16T20:22:35,22,18,0,40
2024-04-16T20:38:42,22,18,0,40
2024-04-16T20:54:48,22,18,0,40
2024-04-16T21:10:55,22,18,0,40
2024-04-16T21:27:04,22,18,0,40
2024-04-16T21:43:16,22,18,0,40
2024-04-16T21:59:38,22,18,0,40
2024-04-16T22:15:48,22,18,0,40
2024-04-16T22:31:57,22,18,0,40
2024-04-16T22:48:07,22,18,0,40
2024-04-16T23:04:17,22,18,0,40
2024-04-16T23:20:27,22,18,0,40
2024-04-16T23:36:38,22,18,0,40
2024-04-16T23:53:00,22,18,0,40
2024-04-17T00:09:15,22,18,0,40
2024-04-17T00:25:33,22,18,0,40
2024-04-17T00:41:49,22,18,0,40
2024-04-17T00:58:05,22,18,0,40
2024-04-17T01:14:17,22,18,0,40
2024-04-17T01:30:29,22,18,0,40
2024-04-17T01:46:41,22,18,0,40
2024-04-17T02:02:55,22,18,0,40
2024-04-17T02:19:07,22,18,0,40
2024-04-17T02:35:18,22,18,0,40
2024-04-17T02:51:30,22,18,0,40
2024-04-17T03:07:42,22,18,0,40
2024-04-17T03:23:56,22,18,0,40
2024-04-17T03:40:19,22,18,0,40
2024-04-17T03:56:31,22,18,0,40
2024-04-17T04:12:56,22,18,0,40
2024-04-17T12:09:29,22,18,0,40
2024-04-17T12:25:39,22,18,0,40
2024-04-17T12:42:01,22,18,0,40
2024-04-17T12:58:13,22,18,0,40
2024-04-17T13:14:24,22,18,0,40
2024-04-17T13:30:35,22,18,0,40
2024-04-17T13:46:46,22,18,0,40
2024-04-17T14:02:59,22,18,0,40
2024-04-17T14:19:21,22,18,0,40
2024-04-17T14:35:33,22,18,0,40
2024-04-17T14:51:44,22,18,0,40
2024-04-17T15:07:58,22,18,0,40
2024-04-17T15:24:21,22,18,0,40
2024-04-17T15:40:33,22,18,0,40
2024-04-17T15:56:44,22,18,0,40
2024-04-17T16:12:56,22,18,0,40
2024-04-17T16:29:06,22,18,0,40
2024-04-17T16:45:27,22,18,0,40
2024-04-17T17:01:40,22,18,0,40
2024-04-17T17:17:55,22,18,0,40
2024-04-17T17:34:08,22,18,0,40
2024-04-17T17:50:19,22,18,0,40
2024-04-17T18:06:30,22,18,0,40
2024-04-17T18:22:42,22,18,0,40
2024-04-17T18:39:06,22,18,0,40
2024-04-17T18:55:16,22,18,0,40
2024-04-17T19:11:27,22,18,0,40
2024-04-17T19:27:36,22,18,0,40
2024-04-17T19:43:47,22,18,0,40
2024-04-17T19:59:58,22,18,0,40
2024-04-17T20:16:08,22,18,0,40
2024-04-17T20:32:30,22,18,0,40
2024-04-17T20:48:42,22,18,0,40
2024-04-17T21:04:53,22,18,0,40
2024-04-17T21:21:06,22,18,0,40
2024-04-17T21:37:18,22,18,0,40
2024-04-17T21:53:30,22,18,0,40
2024-04-17T22:09:41,22,18,0,40
2024-04-17T22:26:01,22,18,0,40
2024-04-17T22:42:12,22,18,0,40
2024-04-17T22:58:23,22,18,0,40
2024-04-17T23:14:36,22,18,0,40
2024-04-17T23:30:49,22,18,0,40
2024-04-17T23:47:03,22,18,0,40
2024-04-18T00:03:17,22,18,0,40
2024-04-18T00:19:34,22,18,0,40
2024-04-18T00:35:53,22,18,0,40
2024-04-18T00:52:10,22,18,0,40
2024-04-18T01:08:39,22,18,0,40
2024-04-18T01:24:55,22,18,0,40
2024-04-18T01:41:10,22,18,0,40
2024-04-18T01:57:24,22,18,0,40
2024-04-18T02:13:38,22,18,0,40
2024-04-18T02:29:50,22,18,0,40
2024-04-18T02:46:04,22,18,0,40
2024-04-18T03:02:17,22,18,0,40
2024-04-18T03:18:31,22,18,0,40
2024-04-18T03:34:45,22,18,0,40
2024-04-18T03:50:57,22,18,0,40
2024-04-18T04:07:13,22,18,0,40
2024-04-18T04:37:32,22,18,0,40
2024-04-18T04:53:50,22,18,0,40
2024-04-18T05:10:06,22,18,0,40
2024-04-18T05:26:22,22,18,0,40
2024-04-18T05:42:40,22,18,0,40
2024-04-18T05:58:54,22,18,0,40
2024-04-18T06:15:08,22,18,0,40
2024-04-18T06:31:21,22,18,0,40
2024-04-18T06:47:34,22,18,0,40
2024-04-18T07:03:49,22,18,0,40
2024-04-18T07:20:06,22,18,0,40
2024-04-18T07:36:18,22,18,0,40
2024-04-18T07:52:35,22,18,0,40
2024-04-18T08:08:47,22,18,0,40
2024-04-18T08:25:21,22,18,0,40
2024-04-18T08:41:32,22,18,0,40
2024-04-18T08:57:44,22,18,0,40
2024-04-18T09:13:56,22,18,0,40
2024-04-18T09:30:10,22,18,0,40
2024-04-18T09:46:36,22,18,0,40
2024-04-18T10:02:49,22,18,0,40
2024-04-18T10:19:02,22,18,0,40
2024-04-18T10:35:13,22,18,0,40
2024-04-18T10:51:28,22,18,0,40
2024-04-18T11:07:50,22,18,0,40
2024-04-18T11:24:01,22,18,0,40
2024-04-18T11:40:12,22,18,0,40
2024-04-18T11:56:24,22,18,0,40
2024-04-18T12:12:48,22,18,0,40
2024-04-18T12:28:58,22,18,0,40
2024-04-18T12:45:09,22,18,0,40
2024-04-18T13:01:20,22,18,0,40
2024-04-18T13:17:50,22,18,0,40
2024-04-18T13:34:01,22,18,0,40
2024-04-18T13:50:11,22,18,0,40
2024-04-18T14:06:22,22,18,0,40
2024-04-18T14:22:33,22,18,0,40
2024-04-18T14:38:53,22,18,0,40
2024-04-18T14:55:05,22,18,0,40
2024-04-18T15:11:38,22,18,0,40
2024-04-18T15:27:47,22,18,0,40
2024-04-18T15:43:58,22,18,0,40
2024-04-18T16:00:10,22,18,0,40
2024-04-18T16:16:20,22,18,0,40
2024-04-18T16:32:30,22,18,0,40
2024-04-18T16:48:51,22,18,0,40
2024-04-18T17:05:02,22,18,0,40
2024-04-18T17:21:13,22,18,0,40
2024-04-18T17:37:23,22,18,0,40
2024-04-18T17:53:52,22,18,0,40
2024-04-18T18:10:04,22,18,0,40
2024-04-18T18:26:14,22,18,0,40
2024-04-18T18:42:26,22,18,0,40
2024-04-18T18:58:36,22,18,0,40
2024-04-18T19:14:47,22,18,0,40
2024-04-18T19:30:57,22,18,0,40
2024-04-18T19:47:21,22,18,0,40
2024-04-18T20:03:31,22,18,0,40
2024-04-18T20:19:42,22,18,0,40
2024-04-18T20:35:52,22,18,0,40
2024-04-18T20:52:02,22,18,0,40
2024-04-18T21:08:11,22,18,0,40
2024-04-18T21:24:21,22,18,0,40
2024-04-18T21:40:33,22,18,0,40
2024-04-18T21:57:02,22,18,0,40
2024-04-18T22:13:10,22,18,0,40
2024-04-18T22:29:18,22,18,0,40
2024-04-18T22:45:26,22,18,0,40
2024-04-18T23:01:35,22,18,0,40
2024-04-18T23:17:45,22,18,0,40
2024-04-18T23:33:55,22,18,0,40
2024-04-18T23:50:06,22,18,0,40
2024-04-19T00:06:20,22,18,0,40
2024-04-19T00:22:39,22,18,0,40
2024-04-19T00:39:04,22,18,0,40
2024-04-19T00:55:14,22,18,0,40
2024-04-19T01:11:26,22,18,0,40
2024-04-19T01:27:39,22,18,0,40
2024-04-19T01:43:51,22,18,0,40
2024-04-19T02:00:02,22,18,0,40
2024-04-19T02:16:13,22,18,0,40
2024-04-19T02:32:24,22,18,0,40
2024-04-19T02:48:35,22,18,0,40
2024-04-19T03:04:46,22,18,0,40
2024-04-19T03:21:01,22,18,0,40
2024-04-19T03:37:33,22,18,0,40
2024-04-19T03:53:47,22,18,0,40
2024-04-19T04:10:02,22,18,0,40
2024-04-19T04:34:31,22,18,0,40
2024-04-19T04:52:10,22,18,0,40
2024-04-19T05:08:39,22,18,0,40
2024-04-19T05:24:55,22,18,0,40
2024-04-19T05:41:10,22,18,0,40
2024-04-19T05:57:23,22,18,0,40
2024-04-19T06:13:38,22,18,0,40
2024-04-19T06:29:52,22,18,0,40
2024-04-19T06:46:05,22,18,0,40
2024-04-19T07:02:20,22,18,0,40
2024-04-19T07:18:38,22,18,0,40
2024-04-19T07:34:50,22,18,0,40
2024-04-19T07:51:01,22,18,0,40
2024-04-19T08:07:14,22,18,0,40
2024-04-19T08:23:29,22,18,0,40
2024-04-19T08:39:50,22,18,0,40
2024-04-19T08:56:03,22,18,0,40
2024-04-19T09:12:15,22,18,0,40
2024-04-19T09:28:29,22,18,0,40
2024-04-19T09:44:40,22,18,0,40
2024-04-19T10:00:52,22,18,0,40
2024-04-19T10:17:02,22,18,0,40
2024-04-19T10:33:12,22,18,0,40
2024-04-19T10:49:34,22,18,0,40
2024-04-19T11:05:46,22,18,0,40
2024-04-19T11:21:56,22,18,0,40
2024-04-19T11:38:07,22,18,0,40
2024-04-19T11:54:17,22,18,0,40
2024-04-19T12:10:28,22,18,0,40
2024-04-19T12:26:38,22,18,0,40
2024-04-19T12:43:00,22,18,0,40
2024-04-19T12:59:09,22,18,0,40
2024-04-19T13:15:21,22,18,0,40
2024-04-19T13:31:32,22,18,0,40
2024-04-19T13:47:42,22,18,0,40
2024-04-19T14:03:54,22,18,0,40
2024-04-19T14:20:06,22,18,0,40
2024-04-19T14:36:17,22,18,0,40
2024-04-19T14:52:37,22,18,0,40
2024-04-19T15:08:46,22,18,0,40
2024-04-19T15:24:56,22,18,0,40
2024-04-19T15:41:06,22,18,0,40
2024-04-19T15:57:15,22,18,0,40
2024-04-19T16:13:29,22,18,0,40
2024-04-19T16:29:39,22,18,0,40
2024-04-19T16:45:49,22,18,0,40
2024-04-19T17:02:10,22,18,0,40
2024-04-19T17:18:22,22,18,0,40
2024-04-19T17:34:32,22,18,0,40
2024-04-19T17:50:43,22,18,0,40
2024-04-19T18:06:53,22,18,0,40
2024-04-19T18:23:03,22,18,0,40
2024-04-19T18:39:13,22,18,0,40
2024-04-19T18:55:24,22,18,0,40
2024-04-19T19:11:35,22,18,0,40
2024-04-19T19:27:46,22,18,0,40
2024-04-19T19:43:56,22,18,0,40
2024-04-19T20:00:20,22,18,0,40
2024-04-19T20:16:34,22,18,0,40
2024-04-19T20:32:44,22,18,0,40
2024-04-19T20:48:54,22,18,0,40
2024-04-19T21:05:05,22,18,0,40
2024-04-19T21:21:16,22,18,0,40
2024-04-19T21:37:28,22,18,0,40
2024-04-19T21:53:38,22,18,0,40
2024-04-19T22:09:49,22,18,0,40
2024-04-19T22:26:00,22,18,0,40
2024-04-19T22:42:10,22,18,0,40
2024-04-19T22:58:22,22,18,0,40
2024-04-19T23:14:45,22,18,0,40
2024-04-19T23:30:56,22,18,0,40
2024-04-19T23:47:07,22,18,0,40
2024-04-20T00:03:20,22,18,0,40
2024-04-20T00:19:34,22,18,0,40
2024-04-20T00:35:49,22,18,0,40
2024-04-20T00:52:03,22,18,0,40
2024-04-20T01:08:14,22,18,0,40
2024-04-20T01:24:25,22,18,0,40
2024-04-20T01:40:36,22,18,0,40
2024-04-20T01:56:47,22,18,0,40
2024-04-20T02:12:57,22,18,0,40
2024-04-20T02:29:09,22,18,0,40
2024-04-20T02:45:22,22,18,0,40
2024-04-20T03:01:33,22,18,0,40
2024-04-20T03:17:53,22,18,0,40
2024-04-20T03:34:02,22,18,0,40
2024-04-20T03:50:11,22,18,0,40
2024-04-20T04:27:05,22,18,0,40
2024-04-20T04:44:41,22,18,0,40
2024-04-20T05:01:15,22,18,0,40
2024-04-20T05:18:46,22,18,0,40
2024-04-20T05:35:01,22,18,0,40
2024-04-20T05:51:15,22,18,0,40
2024-04-20T06:07:28,22,18,0,40
2024-04-20T06:23:41,22,18,0,40
2024-04-20T06:39:53,22,18,0,40
2024-04-20T06:56:05,22,18,0,40
2024-04-20T07:12:17,22,18,0,40
2024-04-20T07:28:31,22,18,0,40
2024-04-20T07:44:43,22,18,0,40
2024-04-20T08:00:55,22,18,0,40
2024-04-20T08:17:07,22,18,0,40
2024-04-20T08:33:28,22,18,0,40
2024-04-20T08:49:40,22,18,0,40
2024-04-20T09:05:52,22,18,0,40
2024-04-20T09:22:04,22,18,0,40
2024-04-20T09:38:15,22,18,0,40
2024-04-20T09:54:27,22,18,0,40
2024-04-20T10:10:39,22,18,0,40
2024-04-20T10:26:51,22,18,0,40
2024-04-20T10:43:03,22,18,0,40
2024-04-20T10:59:13,22,18,0,40
2024-04-20T11:15:24,22,18,0,40
2024-04-20T11:31:35,22,18,0,40
2024-04-20T11:47:45,22,18,0,40
2024-04-20T12:03:56,22,18,0,40
2024-04-20T12:20:07,22,18,0,40
2024-04-20T12:36:30,22,18,0,40
2024-04-20T12:52:41,22,18,0,40
2024-04-20T13:08:52,22,18,0,40
2024-04-20T13:25:03,22,18,0,40
2024-04-20T13:41:14,22,18,0,40
2024-04-20T13:57:24,22,18,0,40
2024-04-20T14:13:35,22,18,0,40
2024-04-20T14:29:45,22,18,0,40
2024-04-20T14:45:56,22,18,0,40
2024-04-20T15:02:06,22,18,0,40
2024-04-20T15:18:16,22,18,0,40
2024-04-20T15:34:26,22,18,0,40
2024-04-20T15:50:37,22,18,0,40
2024-04-20T16:06:50,22,18,0,40
2024-04-20T16:23:13,22,18,0,40
2024-04-20T16:39:24,22,18,0,40
2024-04-20T16:55:35,22,18,0,40
2024-04-20T17:11:47,22,18,0,40
2024-04-20T17:28:00,22,18,0,40
2024-04-20T17:44:12,22,18,0,40
2024-04-20T18:00:26,22,18,0,40
2024-04-20T18:16:38,22,18,0,40
2024-04-20T18:32:49,22,18,0,40
2024-04-20T18:49:01,22,18,0,40
2024-04-20T19:05:12,22,18,0,40
2024-04-20T19:21:23,22,18,0,40
2024-04-20T19:37:35,22,18,0,40
2024-04-20T19:53:46,22,18,0,40
2024-04-20T20:09:57,22,18,0,40
2024-04-20T20:26:18,22,18,0,40
2024-04-20T20:42:30,22,18,0,40
2024-04-20T20:58:42,22,18,0,40
2024-04-20T21:14:55,22,18,0,40
2024-04-20T21:31:07,22,18,0,40
2024-04-20T21:47:19,22,18,0,40
2024-04-20T22:03:32,22,18,0,40
2024-04-20T22:19:44,22,18,0,40
2024-04-20T22:35:55,22,18,0,40
2024-04-20T22:52:11,22,18,0,40
2024-04-20T23:08:23,22,18,0,40
2024-04-20T23:24:35,22,18,0,40
2024-04-20T23:40:46,22,18,0,40
2024-04-20T23:56:58,22,18,0,40
2024-04-21T00:13:12,22,18,0,40
2024-04-21T00:29:23,22,18,0,40
2024-04-21T01:18:51,22,18,0,40
2024-04-21T01:35:03,22,18,0,40
2024-04-21T01:51:19,22,18,0,40
2024-04-21T02:07:35,22,18,0,40
2024-04-21T02:23:52,22,18,0,40
2024-04-21T02:40:09,22,18,0,40
2024-04-21T02:56:42,22,18,0,40
2024-04-21T03:13:00,22,18,0,40
2024-04-21T03:29:18,22,18,0,40
2024-04-21T03:45:32,22,18,0,40
2024-04-21T04:01:52,22,18,0,40
2024-04-21T04:35:29,22,18,0,40
2024-04-21T04:53:10,22,18,0,40
2024-04-21T05:09:31,22,18,0,40
2024-04-21T05:25:45,22,18,0,40
2024-04-21T05:42:10,22,18,0,40
2024-04-21T05:58:27,22,18,0,40
2024-04-21T06:14:38,22,18,0,40
2024-04-21T06:30:49,22,18,0,40
2024-04-21T06:46:59,22,18,0,40
2024-04-21T07:03:16,22,18,0,40
2024-04-21T07:19:34,22,18,0,40
2024-04-21T07:35:48,22,18,0,40
2024-04-21T07:52:01,22,18,0,40
2024-04-21T08:08:15,22,18,0,40
2024-04-21T08:24:25,22,18,0,40
2024-04-21T08:40:37,22,18,0,40
2024-04-21T08:56:48,22,18,0,40
2024-04-21T09:13:03,22,18,0,40
2024-04-21T09:29:16,22,18,0,40
2024-04-21T09:45:29,22,18,0,40
2024-04-21T10:01:42,22,18,0,40
2024-04-21T10:17:56,22,18,0,40
2024-04-21T10:34:17,22,18,0,40
2024-04-21T10:50:28,22,18,0,40
2024-04-21T11:06:38,22,18,0,40
2024-04-21T11:22:48,22,18,0,40
2024-04-21T11:38:58,22,18,0,40
2024-04-21T11:55:08,22,18,0,40
2024-04-21T12:11:18,22,18,0,40
2024-04-21T12:27:28,22,18,0,40
2024-04-21T12:43:37,22,18,0,40
2024-04-21T12:59:46,22,18,0,40
2024-04-21T13:15:56,22,18,0,40
2024-04-21T13:32:05,22,18,0,40
2024-04-21T13:48:15,22,18,0,40
2024-04-21T14:04:25,22,18,0,40
2024-04-21T14:20:45,22,18,0,40
2024-04-21T14:36:54,22,18,0,40
2024-04-21T14:53:05,22,18,0,40
2024-04-21T15:09:18,22,18,0,40
2024-04-21T15:25:27,22,18,0,40
2024-04-21T15:41:36,22,18,0,40
2024-04-21T15:57:46,22,18,0,40
2024-04-21T16:13:58,22,18,0,40
2024-04-21T16:30:09,22,18,0,40
2024-04-21T16:46:31,22,18,0,40
2024-04-21T17:02:40,22,18,0,40
2024-04-21T17:18:50,22,18,0,40
2024-04-21T17:34:59,22,18,0,40
2024-04-21T17:51:09,22,18,0,40
2024-04-21T18:07:18,22,18,0,40
2024-04-21T18:23:26,22,18,0,40
2024-04-21T18:39:35,22,18,0,40
2024-04-21T18:55:45,22,18,0,40
2024-04-21T19:11:56,22,18,0,40
2024-04-21T19:28:06,22,18,0,40
2024-04-21T19:44:15,22,18,0,40
2024-04-21T20:00:34,22,18,0,40
2024-04-21T20:16:43,22,18,0,40
2024-04-21T20:32:52,22,18,0,40
2024-04-21T20:49:01,22,18,0,40
2024-04-21T21:05:10,22,18,0,40
2024-04-21T21:21:23,22,18,0,40
2024-04-21T21:37:35,22,18,0,40
2024-04-21T21:53:45,22,18,0,40
2024-04-21T22:09:55,22,18,0,40
2024-04-21T22:26:05,22,18,0,40
2024-04-21T22:42:14,22,18,0,40
2024-04-21T22:58:36,22,18,0,40
2024-04-21T23:14:45,22,18,0,40
2024-04-21T23:30:55,22,18,0,40
2024-04-21T23:47:05,22,18,0,40
2024-04-22T00:03:16,22,18,0,40
2024-04-22T00:19:36,22,18,0,40
2024-04-22T00:35:56,22,18,0,40
2024-04-22T00:52:12,22,18,0,40
2024-04-22T01:08:25,22,18,0,40
2024-04-22T01:24:40,22,18,0,40
2024-04-22T01:40:53,22,18,0,40
2024-04-22T01:57:03,22,18,0,40
2024-04-22T02:13:17,22,18,0,40
2024-04-22T02:29:46,22,18,0,40
2024-04-22T02:45:57,22,18,0,40
2024-04-22T03:02:06,22,18,0,40
2024-04-22T03:18:18,22,18,0,40
2024-04-22T03:34:31,22,18,0,40
2024-04-22T03:50:41,22,18,0,40
2024-04-22T04:06:52,22,18,0,40
2024-04-22T04:30:04,22,18,0,40
2024-04-22T04:47:12,22,18,0,40
2024-04-22T05:04:13,22,18,0,40
2024-04-22T05:20:33,22,18,0,40
2024-04-22T05:36:49,22,18,0,40
2024-04-22T05:53:02,22,18,0,40
2024-04-22T06:09:19,22,18,0,40
2024-04-22T06:25:31,22,18,0,40
2024-04-22T06:41:44,22,18,0,40
2024-04-22T06:57:57,22,18,0,40
2024-04-22T07:14:14,22,18,0,40
2024-04-22T07:30:26,22,18,0,40
2024-04-22T07:46:38,22,18,0,40
2024-04-22T08:02:59,22,18,0,40
2024-04-22T08:19:10,22,18,0,40
2024-04-22T08:35:21,22,18,0,40
2024-04-22T08:51:31,22,18,0,40
2024-04-22T09:07:41,22,18,0,40
2024-04-22T09:23:53,22,18,0,40
2024-04-22T09:40:04,22,18,0,40
2024-04-22T09:56:27,22,18,0,40
2024-04-22T10:12:38,22,18,0,40
2024-04-22T10:28:49,22,18,0,40
2024-04-22T10:45:00,22,18,0,40
2024-04-22T11:01:10,22,18,0,40
2024-04-22T11:17:20,22,18,0,40
2024-04-22T11:33:31,22,18,0,40
2024-04-22T11:49:41,22,18,0,40
2024-04-22T12:06:02,22,18,0,40
2024-04-22T12:22:14,22,18,0,40
2024-04-22T12:38:24,22,18,0,40
2024-04-22T12:54:35,22,18,0,40
2024-04-22T13:10:45,22,18,0,40
2024-04-22T13:27:06,22,18,0,40
2024-04-22T13:43:17,22,18,0,40
2024-04-22T13:59:28,22,18,0,40
2024-04-22T14:15:40,22,18,0,40
2024-04-22T14:31:50,22,18,0,40
2024-04-22T14:48:19,22,18,0,40
2024-04-22T15:04:29,22,18,0,40
2024-04-22T15:20:41,22,18,0,40
2024-04-22T15:36:53,22,18,0,40
2024-04-22T15:53:05,22,18,0,40
2024-04-22T16:09:28,22,18,0,40
2024-04-22T16:25:39,22,18,0,40
2024-04-22T16:41:50,22,18,0,40
2024-04-22T16:58:01,22,18,0,40
2024-04-22T17:14:16,22,18,0,40
2024-04-22T17:30:28,22,18,0,40
2024-04-22T17:46:40,22,18,0,40
2024-04-22T18:02:51,22,18,0,40
2024-04-22T18:19:12,22,18,0,40
2024-04-22T18:35:22,22,18,0,40
2024-04-22T18:51:32,22,18,0,40
2024-04-22T19:07:42,22,18,0,40
2024-04-22T19:23:51,22,18,0,40
2024-04-22T19:40:00,22,18,0,40
2024-04-22T19:56:11,22,18,0,40
2024-04-22T20:12:29,22,18,0,40
2024-04-22T20:28:52,22,18,0,40
2024-04-22T20:45:03,22,18,0,40
2024-04-22T21:01:13,22,18,0,40
2024-04-22T21:17:24,22,18,0,40
2024-04-22T21:33:35,22,18,0,40
2024-04-22T21:49:46,22,18,0,40
2024-04-22T22:06:03,22,18,0,40
2024-04-22T22:22:13,22,18,0,40
2024-04-22T22:38:25,22,18,0,40
2024-04-22T22:54:48,22,18,0,40
2024-04-22T23:11:00,22,18,0,40
2024-04-22T23:27:11,22,18,0,40
2024-04-22T23:43:24,22,18,0,40
2024-04-22T23:59:35,22,18,0,40
2024-04-23T00:15:52,22,18,0,40
2024-04-23T00:32:13,22,18,0,40
2024-04-23T00:48:33,22,18,0,40
2024-04-23T01:04:51,22,18,0,40
2024-04-23T01:21:06,22,18,0,40
2024-04-23T01:37:19,22,18,0,40
2024-04-23T01:53:32,22,18,0,40
2024-04-23T02:09:58,22,18,0,40
2024-04-23T02:26:10,22,18,0,40
2024-04-23T02:42:24,22,18,0,40
2024-04-23T02:58:36,22,18,0,40
2024-04-23T03:15:01,22,18,0,40
2024-04-23T03:31:19,22,18,0,40
2024-04-23T03:47:32,22,18,0,40
2024-04-23T04:03:45,22,18,0,40
2024-04-23T04:42:33,22,18,0,40
2024-04-23T04:59:19,22,18,0,40
2024-04-23T05:15:35,22,18,0,40
2024-04-23T05:31:48,22,18,0,40
2024-04-23T05:48:03,22,18,0,40
2024-04-23T06:04:19,22,18,0,40
2024-04-23T06:20:31,22,18,0,40
2024-04-23T06:36:47,22,18,0,40
2024-04-23T06:52:59,22,18,0,40
2024-04-23T07:09:15,22,18,0,40
2024-04-23T07:25:28,22,18,0,40
2024-04-23T07:41:41,22,18,0,40
2024-04-23T07:57:54,22,18,0,40
2024-04-23T08:14:30,22,18,0,40
2024-04-23T08:30:42,22,18,0,40
2024-04-23T08:46:55,22,18,0,40
2024-04-23T09:03:09,22,18,0,40
2024-04-23T09:19:20,22,18,0,40
2024-04-23T09:35:36,22,18,0,40
2024-04-23T09:51:50,22,18,0,40
2024-04-23T10:08:02,22,18,0,40
2024-04-23T10:24:14,22,18,0,40
2024-04-23T10:40:24,22,18,0,40
2024-04-23T10:56:34,22,18,0,40
2024-04-23T11:13:02,22,18,0,40
2024-04-23T11:29:14,22,18,0,40
2024-04-23T11:45:27,22,18,0,40
2024-04-23T12:01:44,22,18,0,40
2024-04-23T12:17:55,22,18,0,40
2024-04-23T12:34:06,22,18,0,40
2024-04-23T12:50:19,22,18,0,40
2024-04-23T13:06:49,22,18,0,40
2024-04-23T13:22:59,22,18,0,40
2024-04-23T13:39:10,22,18,0,40
2024-04-23T13:55:21,22,18,0,40
2024-04-23T14:11:32,22,18,0,40
2024-04-23T14:27:43,22,18,0,40
2024-04-23T14:43:54,22,18,0,40
2024-04-23T15:00:15,22,18,0,40
2024-04-23T15:16:27,22,18,0,40
2024-04-23T15:32:38,22,18,0,40
2024-04-23T15:48:47,22,18,0,40
2024-04-23T16:04:57,22,18,0,40
2024-04-23T16:21:10,22,18,0,40
2024-04-23T16:37:20,22,18,0,40
2024-04-23T16:53:50,22,18,0,40
2024-04-23T17:10:02,22,18,0,40
2024-04-23T17:26:15,22,18,0,40
2024-04-23T17:42:25,22,18,0,40
2024-04-23T17:58:36,22,18,0,40
2024-04-23T18:14:46,22,18,0,40
2024-04-23T18:30:57,22,18,0,40
2024-04-23T18:47:17,22,18,0,40
2024-04-23T19:03:28,22,18,0,40
2024-04-23T19:19:39,22,18,0,40
2024-04-23T19:35:49,22,18,0,40
2024-04-23T19:51:59,22,18,0,40
2024-04-23T20:08:20,22,18,0,40
2024-04-23T20:24:31,22,18,0,40
2024-04-23T20:40:41,22,18,0,40
2024-04-23T20:57:12,22,18,0,40
2024-04-23T21:13:23,22,18,0,40
2024-04-23T21:29:35,22,18,0,40
2024-04-23T21:45:46,22,18,0,40
2024-04-23T22:01:57,22,18,0,40
2024-04-23T22:18:10,22,18,0,40
2024-04-23T22:34:20,22,18,0,40
2024-04-23T22:50:31,22,18,0,40
2024-04-23T23:06:42,22,18,0,40
2024-04-23T23:22:54,22,18,0,40
2024-04-23T23:39:17,22,18,0,40
2024-04-23T23:55:29,22,18,0,40
2024-04-24T00:11:42,22,18,0,40
2024-04-24T00:28:01,22,18,0,40
2024-04-24T00:44:17,22,18,0,40
2024-04-24T01:00:32,22,18,0,40
2024-04-24T01:16:46,22,18,0,40
2024-04-24T01:32:58,22,18,0,40
2024-04-24T01:49:12,22,18,0,40
2024-04-24T02:05:24,22,18,0,40
2024-04-24T02:21:35,22,18,0,40
2024-04-24T02:37:46,22,18,0,40
2024-04-24T02:53:58,22,18,0,40
2024-04-24T03:10:11,22,18,0,40
2024-04-24T03:26:44,22,18,0,40
2024-04-24T03:43:52,22,18,0,40
2024-04-24T04:00:05,22,18,0,40
2024-04-24T04:37:48,22,18,0,40
2024-04-24T04:54:01,22,18,0,40
2024-04-24T05:10:17,22,18,0,40
2024-04-24T05:28:18,22,18,0,40
2024-04-24T05:44:32,22,18,0,40
2024-04-24T06:00:47,22,18,0,40
2024-04-24T06:17:02,22,18,0,40
2024-04-24T06:33:15,22,18,0,40
2024-04-24T06:49:26,22,18,0,40
2024-04-24T07:05:39,22,18,0,40
2024-04-24T07:21:59,22,18,0,40
2024-04-24T07:38:09,22,18,0,40
2024-04-24T07:54:19,22,18,0,40
2024-04-24T08:10:37,22,18,0,40
2024-04-24T08:26:47,22,18,0,40
2024-04-24T08:42:59,22,18,0,40
2024-04-24T08:59:21,22,18,0,40
2024-04-24T09:15:31,22,18,0,40
2024-04-24T09:31:42,22,18,0,40
2024-04-24T09:47:52,22,18,0,40
2024-04-24T10:04:02,22,18,0,40
2024-04-24T10:20:12,22,18,0,40
2024-04-24T10:36:33,22,18,0,40
2024-04-24T10:52:43,22,18,0,40
2024-04-24T11:08:53,22,18,0,40
2024-04-24T11:25:04,22,18,0,40
2024-04-24T11:41:13,22,18,0,40
2024-04-24T11:57:24,22,18,0,40
2024-04-24T12:13:45,22,18,0,40
2024-04-24T12:29:55,22,18,0,40
2024-04-24T12:46:05,22,18,0,40
2024-04-24T13:02:15,22,18,0,40
2024-04-24T13:18:26,22,18,0,40
2024-04-24T13:34:40,22,18,0,40
2024-04-24T13:51:01,22,18,0,40
2024-04-24T14:07:11,22,18,0,40
2024-04-24T14:23:21,22,18,0,40
2024-04-24T14:39:32,22,18,0,40
2024-04-24T14:55:41,22,18,0,40
2024-04-24T15:11:51,22,18,0,40
2024-04-24T15:28:13,22,18,0,40
2024-04-24T15:44:30,22,18,0,40
2024-04-24T16:00:40,22,18,0,40
2024-04-24T16:16:50,22,18,0,40
2024-04-24T16:32:59,22,18,0,40
2024-04-24T16:49:10,22,18,0,40
2024-04-24T17:05:24,22,18,0,40
2024-04-24T17:21:49,22,18,0,40
2024-04-24T17:38:00,22,18,0,40
2024-04-24T17:54:12,22,18,0,40
2024-04-24T18:10:26,22,18,0,40
2024-04-24T18:26:41,22,18,0,40
2024-04-24T18:42:55,22,18,0,40
2024-04-24T18:59:06,22,18,0,40
2024-04-24T19:15:18,22,18,0,40
2024-04-24T19:31:39,22,18,0,40
2024-04-24T19:47:50,22,18,0,40
2024-04-24T20:04:01,22,18,0,40
2024-04-24T20:20:12,22,18,0,40
2024-04-24T20:36:23,22,18,0,40
2024-04-24T20:52:34,22,18,0,40
2024-04-24T21:08:44,22,18,0,40
2024-04-24T21:24:55,22,18,0,40
2024-04-24T21:41:06,22,18,0,40
2024-04-24T21:57:17,22,18,0,40
2024-04-24T22:13:37,22,18,0,40
2024-04-24T22:29:47,22,18,0,40
2024-04-24T22:45:58,22,18,0,40
2024-04-24T23:02:09,22,18,0,40
2024-04-24T23:18:21,22,18,0,40
2024-04-24T23:34:32,22,18,0,40
2024-04-24T23:50:44,22,18,0,40
2024-04-25T00:06:56,22,18,0,40
2024-04-25T00:23:17,22,18,0,40
2024-04-25T00:39:34,22,18,0,40
2024-04-25T00:55:50,22,18,0,40
2024-04-25T01:12:03,22,18,0,40
2024-04-25T01:28:25,22,18,0,40
2024-04-25T01:44:39,22,18,0,40
2024-04-25T02:00:50,22,18,0,40
2024-04-25T02:17:01,22,18,0,40
2024-04-25T02:33:12,22,18,0,40
2024-04-25T02:49:23,22,18,0,40
2024-04-25T03:05:38,22,18,0,40
2024-04-25T03:21:52,22,18,0,40
2024-04-25T03:38:03,22,18,0,40
2024-04-25T03:54:15,22,18,0,40
2024-04-25T04:12:32,22,18,0,40
2024-04-25T04:37:13,22,18,0,40
2024-04-25T04:53:27,22,18,0,40
2024-04-25T05:09:46,22,18,0,40
2024-04-25T05:26:01,22,18,0,40
2024-04-25T05:42:17,22,18,0,40
2024-04-25T05:58:30,22,18,0,40
2024-04-25T06:14:46,22,18,0,40
2024-04-25T06:31:01,22,18,0,40
2024-04-25T06:47:14,22,18,0,40
2024-04-25T07:03:31,22,18,0,40
2024-04-25T07:19:44,22,18,0,40
2024-04-25T07:35:57,22,18,0,40
2024-04-25T07:52:08,22,18,0,40
2024-04-25T08:08:31,22,18,0,40
2024-04-25T08:24:42,22,18,0,40
2024-04-25T08:40:54,22,18,0,40
2024-04-25T08:57:06,22,18,0,40
2024-04-25T09:13:28,22,18,0,40
2024-04-25T09:29:41,22,18,0,40
2024-04-25T09:45:53,22,18,0,40
2024-04-25T10:02:04,22,18,0,40
2024-04-25T10:18:16,22,18,0,40
2024-04-25T10:34:27,22,18,0,40
2024-04-25T10:50:38,22,18,0,40
2024-04-25T11:06:48,22,18,0,40
2024-04-25T11:23:00,22,18,0,40
2024-04-25T11:39:22,22,18,0,40
2024-04-25T11:55:32,22,18,0,40
2024-04-25T12:11:48,22,18,0,40
2024-04-25T12:27:59,22,18,0,40
2024-04-25T12:44:09,22,18,0,40
2024-04-25T13:00:30,22,18,0,40
2024-04-25T13:16:41,22,18,0,40
2024-04-25T13:32:54,22,18,0,40
2024-04-25T13:49:04,22,18,0,40
2024-04-25T14:05:15,22,18,0,40
2024-04-25T14:21:28,22,18,0,40
2024-04-25T14:37:38,22,18,0,40
2024-04-25T14:54:00,22,18,0,40
2024-04-25T15:10:10,22,18,0,40
2024-04-25T15:26:20,22,18,0,40
2024-04-25T15:42:30,22,18,0,40
2024-04-25T15:58:41,22,18,0,40
2024-04-25T16:14:51,22,18,0,40
2024-04-25T16:31:12,22,18,0,40
2024-04-25T16:47:22,22,18,0,40
2024-04-25T17:03:32,22,18,0,40
2024-04-25T17:19:44,22,18,0,40
2024-04-25T17:35:55,22,18,0,40
2024-04-25T17:52:05,22,18,0,40
2024-04-25T18:08:16,22,18,0,40
2024-04-25T18:24:26,22,18,0,40
2024-04-25T18:40:37,22,18,0,40
2024-04-25T18:56:58,22,18,0,40
2024-04-25T19:13:11,22,18,0,40
2024-04-25T19:29:20,22,18,0,40
2024-04-25T19:45:30,22,18,0,40
2024-04-25T20:01:51,22,18,0,40
2024-04-25T20:18:02,22,18,0,40
2024-04-25T20:34:11,22,18,0,40
2024-04-25T20:50:22,22,18,0,40
2024-04-25T21:06:32,22,18,0,40
2024-04-25T21:22:54,22,18,0,40
2024-04-25T21:39:06,22,18,0,40
2024-04-25T21:55:18,22,18,0,40
2024-04-25T22:11:29,22,18,0,40
2024-04-25T22:27:39,22,18,0,40
2024-04-25T22:43:50,22,18,0,40
2024-04-25T23:00:00,22,18,0,40
2024-04-25T23:16:12,22,18,0,40
2024-04-25T23:32:24,22,18,0,40
2024-04-25T23:48:35,22,18,0,40
2024-04-26T00:04:46,22,18,0,40
2024-04-26T00:21:17,22,18,0,40
2024-04-26T00:37:32,22,18,0,40
2024-04-26T00:53:49,22,18,0,40
2024-04-26T01:10:02,22,18,0,40
2024-04-26T01:26:16,22,18,0,40
2024-04-26T01:42:29,22,18,0,40
2024-04-26T01:58:42,22,18,0,40
2024-04-26T02:14:54,22,18,0,40
2024-04-26T02:31:06,22,18,0,40
2024-04-26T02:47:17,22,18,0,40
2024-04-26T03:03:29,22,18,0,40
2024-04-26T03:20:08,22,18,0,40
2024-04-26T03:36:23,22,18,0,40
2024-04-26T03:52:35,22,18,0,40
2024-04-26T04:08:48,22,18,0,40
2024-04-26T04:32:54,22,18,0,40
2024-04-26T04:49:27,22,18,0,40
2024-04-26T05:05:46,22,18,0,40
2024-04-26T05:22:01,22,18,0,40
2024-04-26T05:38:14,22,18,0,40
2024-04-26T05:54:27,22,18,0,40
2024-04-26T06:10:40,22,18,0,40
2024-04-26T06:26:59,22,18,0,40
2024-04-26T06:43:10,22,18,0,40
2024-04-26T06:59:21,22,18,0,40
2024-04-26T07:15:33,22,18,0,40
2024-04-26T07:31:49,22,18,0,40
2024-04-26T07:47:59,22,18,0,40
2024-04-26T08:04:10,22,18,0,40
2024-04-26T08:20:38,22,18,0,40
2024-04-26T08:36:48,22,18,0,40
2024-04-26T08:52:59,22,18,0,40
2024-04-26T09:09:09,22,18,0,40
2024-04-26T09:25:20,22,18,0,40
2024-04-26T09:41:31,22,18,0,40
2024-04-26T09:57:42,22,18,0,40
2024-04-26T10:13:53,22,18,0,40
2024-04-26T10:30:04,22,18,0,40
2024-04-26T10:46:15,22,18,0,40
2024-04-26T11:02:25,22,18,0,40
2024-04-26T11:18:47,22,18,0,40
2024-04-26T11:34:58,22,18,0,40
2024-04-26T11:51:09,22,18,0,40
2024-04-26T12:07:19,22,18,0,40
2024-04-26T12:23:30,22,18,0,40
2024-04-26T12:39:40,22,18,0,40
2024-04-26T12:55:52,22,18,0,40
2024-04-26T13:12:15,22,18,0,40
2024-04-26T13:28:27,22,18,0,40
2024-04-26T13:44:37,22,18,0,40
2024-04-26T14:00:48,22,18,0,40
2024-04-26T14:16:59,22,18,0,40
2024-04-26T14:33:10,22,18,0,40
2024-04-26T14:49:20,22,18,0,40
2024-04-26T15:05:41,22,18,0,40
2024-04-26T15:21:56,22,18,0,40
2024-04-26T15:38:06,22,18,0,40
2024-04-26T15:54:16,22,18,0,40
2024-04-26T16:10:31,22,18,0,40
2024-04-26T16:26:42,22,18,0,40
2024-04-26T16:43:13,22,18,0,40
2024-04-26T16:59:24,22,18,0,40
2024-04-26T17:15:36,22,18,0,40
2024-04-26T17:31:50,22,18,0,40
2024-04-26T17:48:02,22,18,0,40
2024-04-26T18:04:13,22,18,0,40
2024-04-26T18:20:23,22,18,0,40
2024-04-26T18:36:33,22,18,0,40
2024-04-26T18:52:44,22,18,0,40
2024-04-26T19:08:54,22,18,0,40
2024-04-26T19:25:04,22,18,0,40
2024-04-26T19:41:25,22,18,0,40
2024-04-26T19:57:35,22,18,0,40
2024-04-26T20:13:49,22,18,0,40
2024-04-26T20:29:58,22,18,0,40
2024-04-26T20:46:08,22,18,0,40
2024-04-26T21:02:18,22,18,0,40
2024-04-26T21:18:29,22,18,0,40
2024-04-26T21:34:40,22,18,0,40
2024-04-27T00:11:59,22,18,0,40
2024-04-27T00:28:19,22,18,0,40
2024-04-27T00:44:46,22,18,0,40
2024-04-27T01:01:00,22,18,0,40
2024-04-27T01:17:12,22,18,0,40
2024-04-27T01:33:23,22,18,0,40
2024-04-27T01:49:34,22,18,0,40
2024-04-27T02:05:46,22,18,0,40
2024-04-27T02:21:56,22,18,0,40
2024-04-27T02:38:07,22,18,0,40
2024-04-27T02:54:16,22,18,0,40
2024-04-27T03:10:26,22,18,0,40
2024-04-27T03:26:38,22,18,0,40
2024-04-27T03:42:49,22,18,0,40
2024-04-27T03:59:02,22,18,0,40
2024-04-27T04:30:42,22,18,0,40
2024-04-27T04:48:08,22,18,0,40
2024-04-27T05:05:28,22,18,0,40
2024-04-27T05:21:41,22,18,0,40
2024-04-27T05:37:54,22,18,0,40
2024-04-27T05:54:05,22,18,0,40
2024-04-27T06:10:17,22,18,0,40
2024-04-27T06:26:29,22,18,0,40
2024-04-27T06:42:41,22,18,0,40
2024-04-27T06:58:52,22,18,0,40
2024-04-27T07:15:03,22,18,0,40
2024-04-27T07:31:23,22,18,0,40
2024-04-27T07:47:34,22,18,0,40
2024-04-27T08:03:45,22,18,0,40
2024-04-27T08:19:55,22,18,0,40
2024-04-27T08:36:06,22,18,0,40
2024-04-27T08:52:16,22,18,0,40
2024-04-27T09:08:26,22,18,0,40
2024-04-27T09:24:36,22,18,0,40
2024-04-27T09:40:47,22,18,0,40
2024-04-27T09:56:56,22,18,0,40
2024-04-27T10:13:06,22,18,0,40
2024-04-27T10:29:26,22,18,0,40
2024-04-27T10:45:36,22,18,0,40
2024-04-27T11:01:46,22,18,0,40
2024-04-27T11:17:57,22,18,0,40
2024-04-27T11:34:08,22,18,0,40
2024-04-27T11:50:18,22,18,0,40
2024-04-27T12:06:27,22,18,0,40
2024-04-27T12:22:36,22,18,0,40
2024-04-27T12:38:45,22,18,0,40
2024-04-27T12:54:53,22,18,0,40
2024-04-27T13:11:03,22,18,0,40
2024-04-27T13:27:13,22,18,0,40
2024-04-27T13:43:31,22,18,0,40
2024-04-27T13:59:40,22,18,0,40
2024-04-27T14:15:49,22,18,0,40
2024-04-27T14:31:58,22,18,0,40
2024-04-27T14:48:07,22,18,0,40
2024-04-27T15:04:16,22,18,0,40
2024-04-27T15:20:28,22,18,0,40
2024-04-27T15:36:37,22,18,0,40
2024-04-27T15:52:46,22,18,0,40
2024-04-27T16:08:54,22,18,0,40
2024-04-27T16:25:03,22,18,0,40
2024-04-27T16:41:21,22,18,0,40
2024-04-27T16:57:31,22,18,0,40
2024-04-27T17:13:40,22,18,0,40
2024-04-27T17:29:49,22,18,0,40
2024-04-27T17:45:59,22,18,0,40
2024-04-27T18:02:08,22,18,0,40
2024-04-27T18:18:16,22,18,0,40
2024-04-27T18:34:26,22,18,0,40
2024-04-27T18:50:35,22,18,0,40
2024-04-27T19:06:45,22,18,0,40
2024-04-27T19:22:54,22,18,0,40
2024-04-27T19:39:04,22,18,0,40
2024-04-27T19:55:14,22,18,0,40
2024-04-27T20:11:22,22,18,0,40
2024-04-27T20:27:31,22,18,0,40
2024-04-27T20:43:50,22,18,0,40
2024-04-27T20:59:59,22,18,0,40
2024-04-27T21:16:08,22,18,0,40
2024-04-27T21:32:17,22,18,0,40
2024-04-27T21:48:27,22,18,0,40
2024-04-27T22:04:38,22,18,0,40
2024-04-27T22:20:47,22,18,0,40
2024-04-27T22:36:56,22,18,0,40
2024-04-27T22:53:06,22,18,0,40
2024-04-27T23:09:16,22,18,0,40
2024-04-27T23:25:25,22,18,0,40
2024-04-27T23:41:35,22,18,0,40
2024-04-27T23:57:44,22,18,0,40
2024-04-28T00:14:03,22,18,0,40
2024-04-28T00:30:14,22,18,0,40
2024-04-28T00:46:21,22,18,0,40
2024-04-28T01:02:28,22,18,0,40
2024-04-28T04:44:48,22,18,0,40
2024-04-28T05:01:06,22,18,0,40
2024-04-28T05:17:43,22,18,0,40
2024-04-28T05:33:57,22,18,0,40
2024-04-28T05:50:15,22,18,0,40
2024-04-28T06:06:31,22,18,0,40
2024-04-28T06:22:51,22,18,0,40
2024-04-28T06:39:05,22,18,0,40
2024-04-28T06:55:17,22,18,0,40
2024-04-28T07:11:30,22,18,0,40
2024-04-28T07:27:43,22,18,0,40
2024-04-28T07:43:58,22,18,0,40
2024-04-28T08:00:13,22,18,0,40
2024-04-28T08:16:35,22,18,0,40
2024-04-28T08:32:50,22,18,0,40
2024-04-28T08:49:08,22,18,0,40
2024-04-28T09:05:27,22,18,0,40
2024-04-28T09:21:45,22,18,0,40
2024-04-28T09:38:01,22,18,0,40
2024-04-28T09:54:20,22,18,0,40
2024-04-28T10:10:36,22,18,0,40
2024-04-28T10:26:54,22,18,0,40
2024-04-28T10:43:05,22,18,0,40
2024-04-28T10:59:14,22,18,0,40
2024-04-28T11:15:24,22,18,0,40
2024-04-28T11:31:33,22,18,0,40
2024-04-28T11:47:43,22,18,0,40
2024-04-28T12:03:53,22,18,0,40
2024-04-28T12:20:12,22,18,0,40
2024-04-28T12:36:21,22,18,0,40
2024-04-28T12:52:31,22,18,0,40
2024-04-28T13:08:40,22,18,0,40
2024-04-28T13:24:50,22,18,0,40
2024-04-28T13:41:00,22,18,0,40
2024-04-28T13:57:09,22,18,0,40
2024-04-28T14:13:18,22,18,0,40
2024-04-28T14:29:27,22,18,0,40
2024-04-28T14:45:36,22,18,0,40
2024-04-28T15:01:45,22,18,0,40
2024-04-28T15:18:06,22,18,0,40
2024-04-28T15:34:16,22,18,0,40
2024-04-28T15:50:25,22,18,0,40
2024-04-28T16:06:34,22,18,0,40
2024-04-28T16:22:44,22,18,0,40
2024-04-28T16:38:55,22,18,0,40
2024-04-28T16:55:04,22,18,0,40
2024-04-28T17:11:14,22,18,0,40
2024-04-28T17:27:24,22,18,0,40
2024-04-28T17:43:34,22,18,0,40
2024-04-28T17:59:43,22,18,0,40
2024-04-28T18:15:54,22,18,0,40
2024-04-28T18:32:04,22,18,0,40
2024-04-28T18:48:27,22,18,0,40
2024-04-28T19:04:38,22,18,0,40
2024-04-28T19:20:51,22,18,0,40
2024-04-28T19:37:01,22,18,0,40
2024-04-28T19:53:11,22,18,0,40
2024-04-28T20:09:21,22,18,0,40
2024-04-28T20:25:32,22,18,0,40
2024-04-28T20:41:42,22,18,0,40
2024-04-28T20:57:52,22,18,0,40
2024-04-28T21:14:02,22,18,0,40
2024-04-28T21:30:14,22,18,0,40
2024-04-28T21:46:28,22,18,0,40
2024-04-28T22:02:41,22,18,0,40
2024-04-28T22:19:02,22,18,0,40
2024-04-28T22:35:13,22,18,0,40
2024-04-28T22:51:22,22,18,0,40
2024-04-28T23:07:33,22,18,0,40
2024-04-28T23:23:43,22,18,0,40
2024-04-28T23:39:54,22,18,0,40
2024-04-28T23:56:05,22,18,0,40
2024-04-29T00:12:20,22,18,0,40
2024-04-29T00:28:41,22,18,0,40
2024-04-29T00:44:59,22,18,0,40
2024-04-29T01:01:15,22,18,0,40
2024-04-29T01:17:31,22,18,0,40
2024-04-29T01:33:43,22,18,0,40
2024-04-29T01:49:55,22,18,0,40
2024-04-29T02:06:06,22,18,0,40
2024-04-29T02:22:18,22,18,0,40
2024-04-29T02:38:38,22,18,0,40
2024-04-29T02:54:49,22,18,0,40
2024-04-29T03:11:01,22,18,0,40
2024-04-29T03:27:13,22,18,0,40
2024-04-29T03:43:26,22,18,0,40
2024-04-29T03:59:39,22,18,0,40
2024-04-29T04:15:50,22,18,0,40
2024-04-29T04:38:05,22,18,0,40
2024-04-29T04:55:47,22,18,0,40
2024-04-29T05:12:03,22,18,0,40
2024-04-29T05:28:16,22,18,0,40
2024-04-29T05:44:31,22,18,0,40
2024-04-29T06:00:44,22,18,0,40
2024-04-29T06:17:01,22,18,0,40
2024-04-29T06:33:11,22,18,0,40
2024-04-29T06:49:20,22,18,0,40
2024-04-29T07:05:30,22,18,0,40
2024-04-29T07:21:40,22,18,0,40
2024-04-29T07:37:48,22,18,0,40
2024-04-29T07:53:58,22,18,0,40
2024-04-29T08:10:09,22,18,0,40
2024-04-29T08:26:20,22,18,0,40
2024-04-29T08:42:30,22,18,0,40
2024-04-29T08:58:42,22,18,0,40
2024-04-29T09:15:04,22,18,0,40
2024-04-29T09:31:15,22,18,0,40
2024-04-29T09:47:25,22,18,0,40
2024-04-29T10:03:35,22,18,0,40
2024-04-29T10:19:46,22,18,0,40
2024-04-29T10:35:56,22,18,0,40
2024-04-29T10:52:06,22,18,0,40
2024-04-29T11:08:16,22,18,0,40
2024-04-29T11:24:26,22,18,0,40
2024-04-29T11:40:52,22,18,0,40
2024-04-29T11:57:01,22,18,0,40
2024-04-29T12:13:15,22,18,0,40
2024-04-29T12:29:24,22,18,0,40
2024-04-29T12:45:44,22,18,0,40
2024-04-29T13:01:54,22,18,0,40
2024-04-29T13:18:04,22,18,0,40
2024-04-29T13:34:14,22,18,0,40
2024-04-29T13:50:24,22,18,0,40
2024-04-29T14:06:45,22,18,0,40
2024-04-29T14:22:55,22,18,0,40
2024-04-29T14:39:05,22,18,0,40
2024-04-29T14:55:15,22,18,0,40
2024-04-29T15:11:25,22,18,0,40
2024-04-29T15:27:47,22,18,0,40
2024-04-29T15:43:58,22,18,0,40
2024-04-29T16:00:08,22,18,0,40
2024-04-29T16:16:17,22,18,0,40
2024-04-29T16:32:27,22,18,0,40
2024-04-29T16:48:36,22,18,0,40
2024-04-29T17:04:47,22,18,0,40
2024-04-29T17:21:00,22,18,0,40
2024-04-29T17:37:33,22,18,0,40
2024-04-29T17:53:42,22,18,0,40
2024-04-29T18:09:52,22,18,0,40
2024-04-29T18:26:02,22,18,0,40
2024-04-29T18:42:13,22,18,0,40
2024-04-29T18:58:23,22,18,0,40
2024-04-29T19:14:34,22,18,0,40
2024-04-29T19:30:44,22,18,0,40
2024-04-29T19:46:54,22,18,0,40
2024-04-29T20:03:13,22,18,0,40
2024-04-29T20:19:36,22,18,0,40
2024-04-29T20:35:46,22,18,0,40
2024-04-29T20:51:56,22,18,0,40
2024-04-29T21:08:08,22,18,0,40
2024-04-29T21:24:19,22,18,0,40
2024-04-29T21:40:32,22,18,0,40
2024-04-29T21:56:44,22,18,0,40
2024-04-29T22:12:54,22,18,0,40
2024-04-29T22:29:05,22,18,0,40
2024-04-29T22:45:16,22,18,0,40
2024-04-29T23:01:26,22,18,0,40
2024-04-29T23:17:37,22,18,0,40
2024-04-29T23:33:58,22,18,0,40
2024-04-29T23:50:08,22,18,0,40
2024-04-30T00:06:21,22,18,0,40
2024-04-30T00:22:42,22,18,0,40
2024-04-30T00:39:00,22,18,0,40
2024-04-30T00:55:17,22,18,0,40
2024-04-30T01:11:30,22,18,0,40
2024-04-30T01:27:42,22,18,0,40
2024-04-30T01:43:55,22,18,0,40
2024-04-30T02:00:06,22,18,0,40
2024-04-30T02:16:18,22,18,0,40
2024-04-30T02:32:29,22,18,0,40
2024-04-30T02:48:40,22,18,0,40
2024-04-30T03:05:02,22,18,0,40
2024-04-30T03:21:14,22,18,0,40
2024-04-30T03:37:28,22,18,0,40
2024-04-30T03:53:45,22,18,0,40
2024-04-30T04:09:59,22,18,0,40
2024-04-30T10:14:05,22,18,0,40
2024-05-02T13:02:01,22,18,0,40
2024-05-02T13:18:11,22,18,0,40
2024-05-02T13:34:30,22,18,0,40
2024-05-02T13:50:40,22,18,0,40
2024-05-02T14:06:50,22,18,0,40
2024-05-02T14:23:03,22,18,0,40
2024-05-02T14:39:11,22,18,0,40
2024-05-02T14:55:20,22,18,0,40
2024-05-02T15:11:40,22,18,0,40
2024-05-02T15:27:50,22,18,0,40
2024-05-02T15:43:58,22,18,0,40
2024-05-02T16:00:07,22,18,0,40
2024-05-02T16:16:15,22,18,0,40
2024-05-02T16:32:33,22,18,0,40
2024-05-02T16:48:42,22,18,0,40
2024-05-02T17:04:51,22,18,0,40
2024-05-02T17:21:03,22,18,0,40
2024-05-02T17:37:13,22,18,0,40
2024-05-02T17:53:23,22,18,0,40
2024-05-02T18:09:31,22,18,0,40
2024-05-02T18:25:40,22,18,0,40
2024-05-02T18:41:58,22,18,0,40
2024-05-02T18:58:06,22,18,0,40
2024-05-02T19:14:15,22,18,0,40
2024-05-02T19:30:24,22,18,0,40
2024-05-02T19:46:32,22,18,0,40
2024-05-02T20:02:44,22,18,0,40
2024-05-02T20:18:53,22,18,0,40
2024-05-02T20:35:05,22,18,0,40
2024-05-02T20:51:14,22,18,0,40
2024-05-02T21:07:31,22,18,0,40
2024-05-02T21:23:40,22,18,0,40
2024-05-02T21:39:49,22,18,0,40
2024-05-02T21:55:57,22,18,0,40
2024-05-02T22:12:05,22,18,0,40
2024-05-02T22:28:12,22,18,0,40
2024-05-02T22:44:19,22,18,0,40
2024-05-02T23:00:28,22,18,0,40
2024-05-02T23:16:49,22,18,0,40
2024-05-02T23:32:59,22,18,0,40
2024-05-02T23:49:09,22,18,0,40
2024-05-03T00:05:20,22,18,0,40
2024-05-03T00:21:33,22,18,0,40
2024-05-03T00:37:44,22,18,0,40
2024-05-03T00:53:57,22,18,0,40
2024-05-03T01:10:09,22,18,0,40
2024-05-03T01:26:22,22,18,0,40
2024-05-03T01:42:35,22,18,0,40
2024-05-03T01:58:47,22,18,0,40
2024-05-03T02:15:16,22,18,0,40
2024-05-03T02:31:26,22,18,0,40
2024-05-03T02:47:36,22,18,0,40
2024-05-03T03:03:47,22,18,0,40
2024-05-03T03:19:56,22,18,0,40
2024-05-03T03:36:25,22,18,0,40
2024-05-03T03:52:36,22,18,0,40
2024-05-03T04:08:48,22,18,0,40
2024-05-03T04:34:14,22,18,0,40
2024-05-03T04:50:26,22,18,0,40
2024-05-03T05:06:38,22,18,0,40
2024-05-03T05:24:26,22,18,0,40
2024-05-03T05:41:01,22,18,0,40
2024-05-03T05:57:14,22,18,0,40
2024-05-03T06:13:27,22,18,0,40
2024-05-03T06:29:39,22,18,0,40
2024-05-03T06:45:51,22,18,0,40
2024-05-03T07:02:05,22,18,0,40
2024-05-03T07:18:17,22,18,0,40
2024-05-03T07:34:31,22,18,0,40
2024-05-03T07:50:42,22,18,0,40
2024-05-03T08:06:56,22,18,0,40
2024-05-03T08:23:16,22,18,0,40
2024-05-03T08:39:26,22,18,0,40
2024-05-03T08:55:36,22,18,0,40
2024-05-03T09:11:50,22,18,0,40
2024-05-03T09:28:07,22,18,0,40
2024-05-03T09:44:17,22,18,0,40
2024-05-03T10:00:29,22,18,0,40
2024-05-03T10:16:41,22,18,0,40
2024-05-03T10:32:53,22,18,0,40
2024-05-03T10:49:14,22,18,0,40
2024-05-03T11:05:25,22,18,0,40
2024-05-03T11:21:41,22,18,0,40
2024-05-03T11:37:52,22,18,0,40
2024-05-03T11:54:03,22,18,0,40
2024-05-03T12:10:13,22,18,0,40
2024-05-03T12:26:36,22,18,0,40
2024-05-03T12:42:46,22,18,0,40
2024-05-03T12:58:56,22,18,0,40
2024-05-03T13:15:06,22,18,0,40
2024-05-03T13:31:17,22,18,0,40
2024-05-03T13:47:27,22,18,0,40
2024-05-03T14:03:36,22,18,0,40
2024-05-03T14:19:47,22,18,0,40
2024-05-03T14:35:57,22,18,0,40
2024-05-03T14:52:19,22,18,0,40
2024-05-03T15:08:29,22,18,0,40
2024-05-03T15:24:39,22,18,0,40
2024-05-03T15:40:49,22,18,0,40
2024-05-03T15:56:59,22,18,0,40
2024-05-03T16:13:18,22,18,0,40
2024-05-03T16:29:30,22,18,0,40
2024-05-03T16:45:39,22,18,0,40
2024-05-03T17:01:50,22,18,0,40
2024-05-03T17:18:05,22,18,0,40
2024-05-03T17:34:17,22,18,0,40
2024-05-03T17:50:27,22,18,0,40
2024-05-03T18:06:39,22,18,0,40
2024-05-03T18:22:50,22,18,0,40
2024-05-03T18:39:01,22,18,0,40
2024-05-03T18:55:21,22,18,0,40
2024-05-03T19:11:32,22,18,0,40
2024-05-03T19:27:41,22,18,0,40
2024-05-03T19:43:52,22,18,0,40
2024-05-03T20:00:03,22,18,0,40
2024-05-03T20:16:23,22,18,0,40
2024-05-03T20:32:33,22,18,0,40
2024-05-03T20:48:45,22,18,0,40
2024-05-03T21:04:55,22,18,0,40
2024-05-03T21:21:06,22,18,0,40
2024-05-03T21:37:28,22,18,0,40
2024-05-03T21:53:38,22,18,0,40
2024-05-03T22:09:49,22,18,0,40
2024-05-03T22:25:59,22,18,0,40
2024-05-03T22:42:10,22,18,0,40
2024-05-03T22:58:20,22,18,0,40
2024-05-03T23:14:32,22,18,0,40
2024-05-03T23:30:46,22,18,0,40
2024-05-03T23:47:02,22,18,0,40
2024-05-04T00:03:14,22,18,0,40
2024-05-04T00:19:30,22,18,0,40
2024-05-04T00:36:01,22,18,0,40
2024-05-04T00:52:16,22,18,0,40
2024-05-04T01:08:28,22,18,0,40
2024-05-04T01:24:40,22,18,0,40
2024-05-04T01:40:52,22,18,0,40
2024-05-04T01:57:10,22,18,0,40
2024-05-04T02:13:22,22,18,0,40
2024-05-04T02:29:32,22,18,0,40
2024-05-04T02:45:42,22,18,0,40
2024-05-04T03:01:54,22,18,0,40
2024-05-04T03:18:12,22,18,0,40
2024-05-04T03:34:26,22,18,0,40
2024-05-04T03:50:40,22,18,0,40
2024-05-04T04:06:53,22,18,0,40
2024-05-04T04:32:52,22,18,0,40
2024-05-04T04:50:36,22,18,0,40
2024-05-04T05:06:52,22,18,0,40
2024-05-04T05:23:08,22,18,0,40
2024-05-04T05:39:21,22,18,0,40
2024-05-04T05:55:34,22,18,0,40
2024-05-04T06:11:46,22,18,0,40
2024-05-04T06:28:01,22,18,0,40
2024-05-04T06:44:14,22,18,0,40
2024-05-04T07:00:43,22,18,0,40
2024-05-04T07:16:57,22,18,0,40
2024-05-04T07:33:09,22,18,0,40
2024-05-04T07:49:21,22,18,0,40
2024-05-04T08:05:33,22,18,0,40
2024-05-04T08:21:44,22,18,0,40
2024-05-04T08:37:55,22,18,0,40
2024-05-04T08:54:06,22,18,0,40
2024-05-04T09:10:20,22,18,0,40
2024-05-04T09:26:30,22,18,0,40
2024-05-04T09:42:42,22,18,0,40
2024-05-04T09:58:54,22,18,0,40
2024-05-04T10:15:26,22,18,0,40
2024-05-04T10:31:39,22,18,0,40
2024-05-04T10:47:51,22,18,0,40
2024-05-04T11:04:02,22,18,0,40
2024-05-04T11:20:13,22,18,0,40
2024-05-04T11:36:23,22,18,0,40
2024-05-04T11:52:33,22,18,0,40
2024-05-04T12:08:44,22,18,0,40
2024-05-04T12:24:54,22,18,0,40
2024-05-04T12:41:04,22,18,0,40
2024-05-04T12:57:33,22,18,0,40
2024-05-04T13:13:43,22,18,0,40
2024-05-04T13:29:53,22,18,0,40
2024-05-04T13:46:03,22,18,0,40
2024-05-04T14:02:15,22,18,0,40
2024-05-04T14:18:24,22,18,0,40
2024-05-04T14:34:34,22,18,0,40
2024-05-04T14:50:44,22,18,0,40
2024-05-04T15:06:54,22,18,0,40
2024-05-04T15:23:04,22,18,0,40
2024-05-04T15:39:15,22,18,0,40
2024-05-04T15:55:34,22,18,0,40
2024-05-04T16:11:48,22,18,0,40
2024-05-04T16:27:58,22,18,0,40
2024-05-04T16:44:08,22,18,0,40
2024-05-04T17:00:21,22,18,0,40
2024-05-04T17:16:33,22,18,0,40
2024-05-04T17:32:43,22,18,0,40
2024-05-04T17:48:53,22,18,0,40
2024-05-04T18:05:03,22,18,0,40
2024-05-04T18:21:13,22,18,0,40
2024-05-04T18:37:24,22,18,0,40
2024-05-04T18:53:34,22,18,0,40
2024-05-04T19:10:01,22,18,0,40
2024-05-04T19:26:11,22,18,0,40
2024-05-04T19:42:20,22,18,0,40
2024-05-04T19:58:31,22,18,0,40
2024-05-04T20:14:41,22,18,0,40
2024-05-04T20:30:51,22,18,0,40
2024-05-04T20:47:02,22,18,0,40
2024-05-04T21:03:12,22,18,0,40
2024-05-04T21:19:24,22,18,0,40
2024-05-04T21:35:35,22,18,0,40
2024-05-04T21:51:47,22,18,0,40
2024-05-04T22:08:06,22,18,0,40
2024-05-04T22:24:16,22,18,0,40
2024-05-04T22:40:29,22,18,0,40
2024-05-04T22:56:40,22,18,0,40
2024-05-04T23:12:51,22,18,0,40
2024-05-04T23:29:01,22,18,0,40
2024-05-04T23:45:11,22,18,0,40
2024-05-05T00:01:22,22,18,0,40
2024-05-05T00:17:42,22,18,0,40
2024-05-05T00:33:57,22,18,0,40
2024-05-05T00:50:10,22,18,0,40
2024-05-05T01:06:21,22,18,0,40
2024-05-05T01:22:53,22,18,0,40
2024-05-05T01:39:08,22,18,0,40
2024-05-05T01:55:23,22,18,0,40
2024-05-05T02:11:36,22,18,0,40
2024-05-05T02:27:50,22,18,0,40
2024-05-05T02:44:29,22,18,0,40
2024-05-05T03:00:43,22,18,0,40
2024-05-05T03:16:58,22,18,0,40
2024-05-05T03:33:13,22,18,0,40
2024-05-05T03:49:25,22,18,0,40
2024-05-05T04:05:38,22,18,0,40
2024-05-05T04:30:17,22,18,0,40
2024-05-05T04:46:32,22,18,0,40
2024-05-05T05:02:46,22,18,0,40
2024-05-05T05:19:01,22,18,0,40
2024-05-05T05:35:14,22,18,0,40
2024-05-05T05:51:28,22,18,0,40
2024-05-05T06:07:39,22,18,0,40
2024-05-05T06:23:53,22,18,0,40
2024-05-05T06:40:03,22,18,0,40
2024-05-05T06:56:14,22,18,0,40
2024-05-05T07:12:28,22,18,0,40
2024-05-05T07:28:40,22,18,0,40
2024-05-05T07:44:55,22,18,0,40
2024-05-05T08:01:08,22,18,0,40
2024-05-05T08:17:28,22,18,0,40
2024-05-05T08:33:40,22,18,0,40
2024-05-05T08:49:55,22,18,0,40
2024-05-05T09:06:09,22,18,0,40
2024-05-05T09:22:26,22,18,0,40
2024-05-05T09:38:39,22,18,0,40
2024-05-05T09:54:52,22,18,0,40
2024-05-05T10:11:05,22,18,0,40
2024-05-05T10:27:19,22,18,0,40
2024-05-05T10:43:30,22,18,0,40
2024-05-05T10:59:40,22,18,0,40
2024-05-05T11:15:50,22,18,0,40
2024-05-05T11:32:01,22,18,0,40
2024-05-05T11:48:22,22,18,0,40
2024-05-05T12:04:33,22,18,0,40
2024-05-05T12:20:44,22,18,0,40
2024-05-05T12:36:55,22,18,0,40
2024-05-05T12:53:06,22,18,0,40
2024-05-05T13:09:16,22,18,0,40
2024-05-05T13:25:28,22,18,0,40
2024-05-05T13:41:40,22,18,0,40
2024-05-05T13:57:53,22,18,0,40
2024-05-05T14:14:17,22,18,0,40
2024-05-05T14:30:27,22,18,0,40
2024-05-05T14:46:40,22,18,0,40
2024-05-05T15:02:52,22,18,0,40
2024-05-05T15:19:05,22,18,0,40
2024-05-05T15:35:16,22,18,0,40
2024-05-05T15:51:26,22,18,0,40
2024-05-05T16:07:37,22,18,0,40
2024-05-05T16:23:58,22,18,0,40
2024-05-05T16:40:10,22,18,0,40
2024-05-05T16:56:20,22,18,0,40
2024-05-05T17:12:30,22,18,0,40
2024-05-05T17:28:41,22,18,0,40
2024-05-05T17:44:51,22,18,0,40
2024-05-05T18:01:03,22,18,0,40
2024-05-05T18:17:14,22,18,0,40
2024-05-05T18:33:27,22,18,0,40
2024-05-05T18:49:39,22,18,0,40
2024-05-05T19:05:54,22,18,0,40
2024-05-05T19:22:19,22,18,0,40
2024-05-05T19:38:30,22,18,0,40
2024-05-05T19:54:43,22,18,0,40
2024-05-05T20:10:54,22,18,0,40
2024-05-05T20:27:04,22,18,0,40
2024-05-05T20:43:14,22,18,0,40
2024-05-05T20:59:25,22,18,0,40
2024-05-05T21:15:38,22,18,0,40
2024-05-05T21:31:51,22,18,0,40
2024-05-05T21:48:04,22,18,0,40
2024-05-05T22:04:16,22,18,0,40
2024-05-05T22:20:38,22,18,0,40
2024-05-05T22:36:48,22,18,0,40
2024-05-05T22:52:59,22,18,0,40
2024-05-05T23:09:12,22,18,0,40
2024-05-05T23:25:25,22,18,0,40
2024-05-05T23:41:37,22,18,0,40
2024-05-05T23:57:50,22,18,0,40
2024-05-06T00:14:04,22,18,0,40
2024-05-06T00:30:21,22,18,0,40
2024-05-06T00:46:39,22,18,0,40
2024-05-06T01:02:54,22,18,0,40
2024-05-06T01:19:13,22,18,0,40
2024-05-06T01:35:44,22,18,0,40
2024-05-06T01:51:59,22,18,0,40
2024-05-06T02:08:12,22,18,0,40
2024-05-06T02:24:32,22,18,0,40
2024-05-06T02:40:44,22,18,0,40
2024-05-06T02:56:55,22,18,0,40
2024-05-06T03:13:16,22,18,0,40
2024-05-06T03:29:33,22,18,0,40
2024-05-06T03:45:46,22,18,0,40
2024-05-06T04:02:00,22,18,0,40
2024-05-06T04:42:58,22,18,0,40
2024-05-06T04:59:27,22,18,0,40
2024-05-06T05:15:48,22,18,0,40
2024-05-06T05:32:04,22,18,0,40
2024-05-06T05:48:18,22,18,0,40
2024-05-06T06:04:31,22,18,0,40
2024-05-06T06:20:44,22,18,0,40
2024-05-06T06:36:56,22,18,0,40
2024-05-06T06:53:09,22,18,0,40
2024-05-06T07:09:26,22,18,0,40
2024-05-06T07:25:36,22,18,0,40
2024-05-06T07:41:47,22,18,0,40
2024-05-06T07:57:59,22,18,0,40
2024-05-06T08:14:24,22,18,0,40
2024-05-06T08:30:34,22,18,0,40
2024-05-06T08:46:50,22,18,0,40
2024-05-06T09:03:01,22,18,0,40
2024-05-06T09:19:13,22,18,0,40
2024-05-06T09:35:28,22,18,0,40
2024-05-06T09:51:40,22,18,0,40
2024-05-06T10:07:51,22,18,0,40
2024-05-06T10:24:03,22,18,0,40
2024-05-06T10:40:13,22,18,0,40
2024-05-06T10:56:25,22,18,0,40
2024-05-06T11:12:44,22,18,0,40
2024-05-06T11:28:56,22,18,0,40
2024-05-06T11:45:06,22,18,0,40
2024-05-06T12:01:17,22,18,0,40
2024-05-06T12:17:31,22,18,0,40
2024-05-06T12:33:41,22,18,0,40
2024-05-06T12:49:55,22,18,0,40
2024-05-06T13:06:15,22,18,0,40
2024-05-06T13:22:26,22,18,0,40
2024-05-06T13:38:36,22,18,0,40
2024-05-06T13:54:51,22,18,0,40
2024-05-06T14:11:07,22,18,0,40
2024-05-06T14:27:19,22,18,0,40
2024-05-06T14:43:30,22,18,0,40
2024-05-06T14:59:40,22,18,0,40
2024-05-06T15:15:51,22,18,0,40
2024-05-06T15:32:16,22,18,0,40
2024-05-06T15:48:28,22,18,0,40
2024-05-06T16:04:40,22,18,0,40
2024-05-06T16:20:53,22,18,0,40
2024-05-06T16:37:04,22,18,0,40
2024-05-06T16:53:14,22,18,0,40
2024-05-06T17:09:26,22,18,0,40
2024-05-06T17:25:48,22,18,0,40
2024-05-06T17:42:00,22,18,0,40
2024-05-06T17:58:11,22,18,0,40
2024-05-06T18:14:23,22,18,0,40
2024-05-06T18:30:35,22,18,0,40
2024-05-06T18:46:45,22,18,0,40
2024-05-06T19:02:55,22,18,0,40
2024-05-06T19:19:06,22,18,0,40
2024-05-06T19:35:19,22,18,0,40
2024-05-06T19:51:38,22,18,0,40
2024-05-06T20:07:49,22,18,0,40
2024-05-06T20:23:59,22,18,0,40
2024-05-06T20:40:11,22,18,0,40
2024-05-06T20:56:20,22,18,0,40
2024-05-06T21:12:31,22,18,0,40
2024-05-06T21:28:42,22,18,0,40
2024-05-06T21:44:54,22,18,0,40
2024-05-06T22:01:05,22,18,0,40
2024-05-06T22:17:16,22,18,0,40
2024-05-06T22:33:36,22,18,0,40
2024-05-06T22:49:47,22,18,0,40
2024-05-06T23:06:00,22,18,0,40
2024-05-06T23:22:11,22,18,0,40
2024-05-06T23:38:22,22,18,0,40
2024-05-06T23:54:33,22,18,0,40
2024-05-07T00:10:47,22,18,0,40
2024-05-07T00:27:05,22,18,0,40
2024-05-07T00:43:21,22,18,0,40
2024-05-07T00:59:36,22,18,0,40
2024-05-07T01:15:49,22,18,0,40
2024-05-07T01:32:02,22,18,0,40
2024-05-07T01:48:25,22,18,0,40
2024-05-07T02:04:36,22,18,0,40
2024-05-07T02:20:48,22,18,0,40
2024-05-07T02:36:59,22,18,0,40
2024-05-07T02:53:10,22,18,0,40
2024-05-07T03:09:30,22,18,0,40
2024-05-07T03:25:41,22,18,0,40
2024-05-07T03:41:53,22,18,0,40
2024-05-07T03:58:07,22,18,0,40
2024-05-07T04:29:53,22,18,0,40
2024-05-07T04:47:38,22,18,0,40
2024-05-07T05:03:57,22,18,0,40
2024-05-07T05:20:14,22,18,0,40
2024-05-07T05:36:27,22,18,0,40
2024-05-07T05:52:42,22,18,0,40
2024-05-07T06:08:55,22,18,0,40
2024-05-07T06:25:09,22,18,0,40
2024-05-07T06:41:21,22,18,0,40
2024-05-07T06:57:33,22,18,0,40
2024-05-07T07:13:49,22,18,0,40
2024-05-07T07:30:00,22,18,0,40
2024-05-07T07:46:13,22,18,0,40
2024-05-07T08:02:26,22,18,0,40
2024-05-07T08:18:37,22,18,0,40
2024-05-07T08:34:51,22,18,0,40
2024-05-07T08:51:10,22,18,0,40
2024-05-07T09:07:22,22,18,0,40
2024-05-07T09:23:35,22,18,0,40
2024-05-07T09:39:48,22,18,0,40
2024-05-07T09:55:59,22,18,0,40
2024-05-07T10:12:12,22,18,0,40
2024-05-07T10:28:24,22,18,0,40
2024-05-07T10:44:36,22,18,0,40
2024-05-07T11:00:49,22,18,0,40
2024-05-07T11:17:05,22,18,0,40
2024-05-07T11:33:28,22,18,0,40
2024-05-07T11:49:39,22,18,0,40
2024-05-07T12:05:51,22,18,0,40
2024-05-07T12:22:04,22,18,0,40
2024-05-07T12:38:15,22,18,0,40
2024-05-07T12:54:25,22,18,0,40
2024-05-07T13:10:46,22,18,0,40
2024-05-07T13:26:57,22,18,0,40
2024-05-07T13:43:07,22,18,0,40
2024-05-07T13:59:19,22,18,0,40
2024-05-07T14:15:29,22,18,0,40
2024-05-07T14:31:39,22,18,0,40
2024-05-07T14:47:50,22,18,0,40
2024-05-07T15:04:10,22,18,0,40
2024-05-07T15:20:21,22,18,0,40
2024-05-07T15:36:31,22,18,0,40
2024-05-07T15:52:42,22,18,0,40
2024-05-07T16:08:52,22,18,0,40
2024-05-07T16:25:03,22,18,0,40
2024-05-07T16:41:14,22,18,0,40
2024-05-07T16:57:34,22,18,0,40
2024-05-07T17:13:46,22,18,0,40
2024-05-07T17:29:58,22,18,0,40
2024-05-07T17:46:09,22,18,0,40
2024-05-07T18:02:19,22,18,0,40
2024-05-07T18:18:30,22,18,0,40
2024-05-07T18:34:42,22,18,0,40
2024-05-07T18:50:52,22,18,0,40
2024-05-07T19:07:13,22,18,0,40
2024-05-07T19:23:23,22,18,0,40
2024-05-07T19:39:33,22,18,0,40
2024-05-07T19:55:43,22,18,0,40
2024-05-07T20:12:01,22,18,0,40
2024-05-07T20:28:11,22,18,0,40
2024-05-07T20:44:22,22,18,0,40
2024-05-07T21:00:32,22,18,0,40
2024-05-07T21:16:44,22,18,0,40
2024-05-07T21:32:56,22,18,0,40
2024-05-07T21:49:06,22,18,0,40
2024-05-07T22:05:26,22,18,0,40
2024-05-07T22:21:36,22,18,0,40
2024-05-07T22:37:47,22,18,0,40
2024-05-07T22:53:58,22,18,0,40
2024-05-07T23:10:09,22,18,0,40
2024-05-07T23:26:21,22,18,0,40
2024-05-07T23:42:32,22,18,0,40
2024-05-07T23:58:44,22,18,0,40
2024-05-08T00:15:01,22,18,0,40
2024-05-08T00:31:18,22,18,0,40
2024-05-08T00:47:35,22,18,0,40
2024-05-08T01:03:53,22,18,0,40
2024-05-08T01:20:08,22,18,0,40
2024-05-08T01:36:31,22,18,0,40
2024-05-08T01:52:43,22,18,0,40
2024-05-08T02:08:56,22,18,0,40
2024-05-08T02:25:06,22,18,0,40
2024-05-08T02:41:17,22,18,0,40
2024-05-08T02:57:27,22,18,0,40
2024-05-08T03:13:38,22,18,0,40
2024-05-08T03:29:48,22,18,0,40
2024-05-08T03:45:58,22,18,0,40
2024-05-08T04:02:08,22,18,0,40
2024-05-08T04:31:14,22,18,0,40
2024-05-08T04:47:26,22,18,0,40
2024-05-08T05:03:37,22,18,0,40
2024-05-08T05:19:59,22,18,0,40
2024-05-08T05:36:14,22,18,0,40
2024-05-08T05:52:29,22,18,0,40
2024-05-08T06:08:41,22,18,0,40
2024-05-08T06:24:53,22,18,0,40
2024-05-08T06:41:04,22,18,0,40
2024-05-08T06:57:15,22,18,0,40
2024-05-08T07:13:29,22,18,0,40
2024-05-08T07:29:46,22,18,0,40
2024-05-08T07:45:59,22,18,0,40
2024-05-08T08:02:12,22,18,0,40
2024-05-08T08:18:25,22,18,0,40
2024-05-08T08:34:38,22,18,0,40
2024-05-08T09:35:18,22,18,0,40
2024-05-08T09:51:30,22,18,0,40
2024-05-08T10:07:42,22,18,0,40
2024-05-08T10:23:53,22,18,0,40
2024-05-08T10:40:03,22,18,0,40
2024-05-08T10:56:13,22,18,0,40
2024-05-08T11:12:23,22,18,0,40
2024-05-08T11:28:35,22,18,0,40
2024-05-08T11:45:03,22,18,0,40
2024-05-08T12:01:12,22,18,0,40
2024-05-08T12:17:21,22,18,0,40
2024-05-08T12:33:29,22,18,0,40
2024-05-08T12:49:38,22,18,0,40
2024-05-08T13:05:48,22,18,0,40
2024-05-08T13:21:58,22,18,0,40
2024-05-08T13:38:12,22,18,0,40
2024-05-08T13:54:30,22,18,0,40
2024-05-08T14:10:39,22,18,0,40
2024-05-08T14:26:48,22,18,0,40
2024-05-08T14:42:57,22,18,0,40
2024-05-08T14:59:07,22,18,0,40
2024-05-08T15:15:20,22,18,0,40
2024-05-08T15:31:31,22,18,0,40
2024-05-08T15:47:50,22,18,0,40
2024-05-08T16:04:01,22,18,0,40
2024-05-08T16:20:10,22,18,0,40
2024-05-08T16:36:19,22,18,0,40
2024-05-08T16:52:31,22,18,0,40
2024-05-08T17:08:42,22,18,0,40
2024-05-08T17:24:54,22,18,0,40
2024-05-08T17:41:04,22,18,0,40
2024-05-08T17:57:25,22,18,0,40
2024-05-08T18:13:35,22,18,0,40
2024-05-08T18:29:44,22,18,0,40
2024-05-08T18:45:55,22,18,0,40
2024-05-08T19:02:06,22,18,0,40
2024-05-08T19:18:16,22,18,0,40
2024-05-08T19:34:26,22,18,0,40
2024-05-08T19:50:36,22,18,0,40
2024-05-08T20:06:54,22,18,0,40
2024-05-08T20:23:04,22,18,0,40
2024-05-08T20:39:22,22,18,0,40
2024-05-08T20:55:31,22,18,0,40
2024-05-08T21:11:43,22,18,0,40
2024-05-08T21:27:54,22,18,0,40
2024-05-08T21:44:09,22,18,0,40
2024-05-08T22:00:19,22,18,0,40
2024-05-08T22:16:25,22,18,0,40
2024-05-08T22:32:32,22,18,0,40
2024-05-08T22:48:37,22,18,0,40
2024-05-08T23:04:45,22,18,0,40
2024-05-08T23:20:52,22,18,0,40
2024-05-08T23:37:08,22,18,0,40
2024-05-08T23:53:13,22,18,0,40
2024-05-09T00:09:25,22,18,0,40
2024-05-09T00:25:37,22,18,0,40
2024-05-09T00:41:51,22,18,0,40
2024-05-09T00:58:09,22,18,0,40
2024-05-09T01:14:21,22,18,0,40
2024-05-09T01:30:36,22,18,0,40
2024-05-09T01:46:55,22,18,0,40
2024-05-09T02:03:08,22,18,0,40
2024-05-09T02:19:20,22,18,0,40
2024-05-09T02:35:32,22,18,0,40
2024-05-09T02:51:44,22,18,0,40
2024-05-09T03:08:07,22,18,0,40
2024-05-09T03:24:18,22,18,0,40
2024-05-09T03:40:30,22,18,0,40
2024-05-09T03:56:41,22,18,0,40
2024-05-09T04:12:55,22,18,0,40
2024-05-09T04:38:02,22,18,0,40
2024-05-09T04:54:17,22,18,0,40
2024-05-09T05:10:37,22,18,0,40
2024-05-09T05:26:54,22,18,0,40
2024-05-09T05:43:08,22,18,0,40
2024-05-09T05:59:22,22,18,0,40
2024-05-09T06:15:39,22,18,0,40
2024-05-09T06:31:51,22,18,0,40
2024-05-09T06:48:06,22,18,0,40
2024-05-09T07:04:22,22,18,0,40
2024-05-09T07:20:39,22,18,0,40
2024-05-09T07:36:52,22,18,0,40
2024-05-09T07:53:05,22,18,0,40
2024-05-09T08:09:19,22,18,0,40
2024-05-09T08:25:32,22,18,0,40
2024-05-09T08:41:46,22,18,0,40
2024-05-09T08:58:10,22,18,0,40
2024-05-09T09:14:24,22,18,0,40
2024-05-09T09:30:36,22,18,0,40
2024-05-09T09:46:48,22,18,0,40
2024-05-09T10:03:01,22,18,0,40
2024-05-09T10:19:14,22,18,0,40
2024-05-09T10:35:26,22,18,0,40
2024-05-09T10:51:38,22,18,0,40
2024-05-09T11:07:50,22,18,0,40
2024-05-09T11:24:02,22,18,0,40
2024-05-09T11:40:25,22,18,0,40
2024-05-09T11:56:38,22,18,0,40
2024-05-09T12:12:54,22,18,0,40
2024-05-09T12:29:06,22,18,0,40
2024-05-09T12:45:17,22,18,0,40
2024-05-09T13:01:30,22,18,0,40
2024-05-09T13:17:41,22,18,0,40
2024-05-09T13:34:04,22,18,0,40
2024-05-09T13:50:16,22,18,0,40
2024-05-09T14:06:29,22,18,0,40
2024-05-09T14:43:34,22,18,0,40
2024-05-09T14:59:46,22,18,0,40
2024-05-09T15:16:03,22,18,0,40
2024-05-09T15:32:27,22,18,0,40
2024-05-09T15:48:39,22,18,0,40
2024-05-09T16:04:51,22,18,0,40
2024-05-09T16:29:46,22,18,0,40
2024-05-09T16:45:56,22,18,0,40
2024-05-09T17:02:06,22,18,0,40
2024-05-09T17:18:39,22,18,0,40
2024-05-09T17:49:59,22,18,0,40
2024-05-09T18:06:11,22,18,0,40
2024-05-09T18:22:23,22,18,0,40
2024-05-09T18:38:36,22,18,0,40
2024-05-09T18:54:48,22,18,0,40
2024-05-09T19:11:01,22,18,0,40
2024-05-09T19:27:13,22,18,0,40
2024-05-09T19:43:26,22,18,0,40
2024-05-09T19:59:38,22,18,0,40
2024-05-09T20:16:08,22,18,0,40
2024-05-09T20:32:20,22,18,0,40
2024-05-09T20:48:31,22,18,0,40
2024-05-09T21:04:43,22,18,0,40
2024-05-09T21:20:54,22,18,0,40
2024-05-09T21:37:07,22,18,0,40
2024-05-09T21:53:19,22,18,0,40
2024-05-09T22:09:31,22,18,0,40
2024-05-09T22:25:44,22,18,0,40
2024-05-09T22:41:56,22,18,0,40
2024-05-09T22:58:27,22,18,0,40
2024-05-09T23:14:40,22,18,0,40
2024-05-09T23:30:52,22,18,0,40
2024-05-09T23:47:04,22,18,0,40
2024-05-10T00:03:19,22,18,0,40
2024-05-10T00:19:37,22,18,0,40
2024-05-10T00:36:00,22,18,0,40
2024-05-10T00:52:21,22,18,0,40
2024-05-10T01:08:35,22,18,0,40
2024-05-10T01:24:48,22,18,0,40
2024-05-10T01:41:01,22,18,0,40
2024-05-10T01:57:18,22,18,0,40
2024-05-10T02:13:33,22,18,0,40
2024-05-10T02:29:46,22,18,0,40
2024-05-10T02:46:00,22,18,0,40
2024-05-10T03:02:13,22,18,0,40
2024-05-10T03:18:27,22,18,0,40
2024-05-10T03:34:41,22,18,0,40
2024-05-10T03:51:02,22,18,0,40
2024-05-10T04:27:49,22,18,0,40
2024-05-10T04:45:20,22,18,0,40
2024-05-10T05:01:56,22,18,0,40
2024-05-10T05:18:15,22,18,0,40
2024-05-10T05:34:29,22,18,0,40
2024-05-10T05:50:43,22,18,0,40
2024-05-10T06:06:56,22,18,0,40
2024-05-10T06:23:11,22,18,0,40
2024-05-10T06:39:23,22,18,0,40
2024-05-10T06:55:36,22,18,0,40
2024-05-10T07:11:50,22,18,0,40
2024-05-10T07:28:03,22,18,0,40
2024-05-10T07:44:14,22,18,0,40
2024-05-10T08:00:25,22,18,0,40
2024-05-10T08:16:36,22,18,0,40
2024-05-10T08:32:50,22,18,0,40
2024-05-10T08:49:01,22,18,0,40
2024-05-10T09:05:20,22,18,0,40
2024-05-10T09:21:31,22,18,0,40
2024-05-10T09:37:43,22,18,0,40
2024-05-10T09:53:55,22,18,0,40
2024-05-10T10:10:07,22,18,0,40
2024-05-10T10:26:17,22,18,0,40
2024-05-10T10:42:30,22,18,0,40
2024-05-10T10:58:41,22,18,0,40
2024-05-10T11:14:52,22,18,0,40
2024-05-10T11:31:04,22,18,0,40
2024-05-10T11:47:16,22,18,0,40
2024-05-10T12:03:40,22,18,0,40
2024-05-10T12:19:52,22,18,0,40
2024-05-10T12:36:04,22,18,0,40
2024-05-10T12:52:16,22,18,0,40
2024-05-10T13:08:26,22,18,0,40
2024-05-10T13:24:38,22,18,0,40
2024-05-10T13:40:50,22,18,0,40
2024-05-10T13:57:02,22,18,0,40
2024-05-10T14:13:23,22,18,0,40
2024-05-10T14:29:35,22,18,0,40
2024-05-10T14:45:45,22,18,0,40
2024-05-10T15:01:56,22,18,0,40
2024-05-10T15:18:10,22,18,0,40
2024-05-10T15:34:21,22,18,0,40
2024-05-10T15:50:32,22,18,0,40
2024-05-10T16:06:43,22,18,0,40
2024-05-10T16:23:07,22,18,0,40
2024-05-10T16:39:19,22,18,0,40
2024-05-10T16:55:29,22,18,0,40
2024-05-10T17:11:41,22,18,0,40
2024-05-10T17:27:54,22,18,0,40
2024-05-10T17:44:04,22,18,0,40
2024-05-10T18:00:15,22,18,0,40
2024-05-10T18:16:27,22,18,0,40
2024-05-10T18:32:38,22,18,0,40
2024-05-10T18:48:49,22,18,0,40
2024-05-10T19:05:01,22,18,0,40
2024-05-10T19:21:12,22,18,0,40
2024-05-10T19:37:23,22,18,0,40
2024-05-10T19:53:46,22,18,0,40
2024-05-10T20:09:58,22,18,0,40
2024-05-10T20:26:10,22,18,0,40
2024-05-10T20:42:23,22,18,0,40
2024-05-10T20:58:34,22,18,0,40
2024-05-10T21:14:47,22,18,0,40
2024-05-10T21:31:01,22,18,0,40
2024-05-10T21:47:14,22,18,0,40
2024-05-10T22:03:30,22,18,0,40
2024-05-10T22:19:42,22,18,0,40
2024-05-10T22:35:53,22,18,0,40
2024-05-10T22:52:03,22,18,0,40
2024-05-10T23:08:28,22,18,0,40
2024-05-10T23:24:41,22,18,0,40
2024-05-10T23:40:53,22,18,0,40
2024-05-10T23:57:05,22,18,0,40
2024-05-11T00:13:19,22,18,0,40
2024-05-11T00:29:41,22,18,0,40
2024-05-11T00:45:58,22,18,0,40
2024-05-11T01:02:14,22,18,0,40
2024-05-11T01:18:28,22,18,0,40
2024-05-11T01:34:43,22,18,0,40
2024-05-11T01:51:02,22,18,0,40
2024-05-11T02:07:16,22,18,0,40
2024-05-11T02:23:29,22,18,0,40
2024-05-11T02:39:42,22,18,0,40
2024-05-11T02:55:53,22,18,0,40
2024-05-11T03:12:06,22,18,0,40
2024-05-11T03:28:19,22,18,0,40
2024-05-11T03:44:32,22,18,0,40
2024-05-11T04:00:54,22,18,0,40
2024-05-11T12:00:32,22,18,0,40
2024-05-11T12:16:47,22,18,0,40
2024-05-11T12:33:08,22,18,0,40
2024-05-11T12:49:19,22,18,0,40
2024-05-11T13:05:30,22,18,0,40
2024-05-11T13:21:41,22,18,0,40
2024-05-11T13:37:52,22,18,0,40
2024-05-11T13:54:03,22,18,0,40
2024-05-11T14:10:14,22,18,0,40
2024-05-11T14:27:20,22,18,0,40
2024-05-11T14:43:31,22,18,0,40
2024-05-11T14:59:41,22,18,0,40
2024-05-11T15:15:53,22,18,0,40
2024-05-11T15:32:04,22,18,0,40
2024-05-11T15:48:26,22,18,0,40
2024-05-11T16:04:37,22,18,0,40
2024-05-11T16:20:48,22,18,0,40
2024-05-11T16:36:59,22,18,0,40
2024-05-11T16:53:10,22,18,0,40
2024-05-11T17:09:23,22,18,0,40
2024-05-11T17:25:34,22,18,0,40
2024-05-11T17:41:45,22,18,0,40
2024-05-11T17:57:56,22,18,0,40
2024-05-11T18:14:07,22,18,0,40
2024-05-11T18:30:18,22,18,0,40
2024-05-11T18:46:28,22,18,0,40
2024-05-11T19:02:39,22,18,0,40
2024-05-11T19:18:51,22,18,0,40
2024-05-11T19:35:02,22,18,0,40
2024-05-11T19:51:24,22,18,0,40
2024-05-11T20:07:35,22,18,0,40
2024-05-11T20:23:46,22,18,0,40
2024-05-11T20:39:57,22,18,0,40
2024-05-11T20:56:08,22,18,0,40
2024-05-11T21:12:19,22,18,0,40
2024-05-11T21:28:30,22,18,0,40
2024-05-11T21:44:41,22,18,0,40
2024-05-11T22:00:51,22,18,0,40
2024-05-11T22:17:02,22,18,0,40
2024-05-11T22:33:13,22,18,0,40
2024-05-11T22:49:24,22,18,0,40
2024-05-11T23:05:35,22,18,0,40
2024-05-11T23:21:46,22,18,0,40
2024-05-11T23:37:58,22,18,0,40
2024-05-11T23:54:23,22,18,0,40
2024-05-12T05:17:02,22,18,0,40
2024-05-12T05:33:20,22,18,0,40
2024-05-12T05:49:36,22,18,0,40
2024-05-12T06:05:50,22,18,0,40
2024-05-12T06:22:05,22,18,0,40
2024-05-12T06:38:15,22,18,0,40
2024-05-12T06:54:54,22,18,0,40
2024-05-12T07:11:06,22,18,0,40
2024-05-12T07:27:17,22,18,0,40
2024-05-12T07:43:27,22,18,0,40
2024-05-12T07:59:37,22,18,0,40
2024-05-12T08:15:46,22,18,0,40
2024-05-12T08:31:56,22,18,0,40
2024-05-12T08:48:06,22,18,0,40
2024-05-12T09:04:16,22,18,0,40
2024-05-12T09:20:27,22,18,0,40
2024-05-12T09:36:47,22,18,0,40
2024-05-12T09:52:56,22,18,0,40
2024-05-12T10:09:09,22,18,0,40
2024-05-12T10:25:22,22,18,0,40
2024-05-12T10:41:35,22,18,0,40
2024-05-12T10:57:48,22,18,0,40
2024-05-12T11:14:02,22,18,0,40
2024-05-12T11:30:16,22,18,0,40
2024-05-12T11:46:27,22,18,0,40
2024-05-12T12:02:37,22,18,0,40
2024-05-12T12:18:47,22,18,0,40
2024-05-12T12:34:58,22,18,0,40
2024-05-12T12:51:08,22,18,0,40
2024-05-12T13:07:18,22,18,0,40
2024-05-12T13:23:28,22,18,0,40
2024-05-12T13:39:38,22,18,0,40
2024-05-12T13:55:48,22,18,0,40
2024-05-12T14:11:57,22,18,0,40
2024-05-12T14:28:17,22,18,0,40
2024-05-12T14:44:26,22,18,0,40
2024-05-12T15:00:35,22,18,0,40
2024-05-12T15:16:45,22,18,0,40
2024-05-12T15:32:55,22,18,0,40
2024-05-12T15:49:05,22,18,0,40
2024-05-12T16:05:14,22,18,0,40
2024-05-12T16:21:24,22,18,0,40
2024-05-12T16:37:34,22,18,0,40
2024-05-12T16:53:44,22,18,0,40
2024-05-12T17:09:54,22,18,0,40
2024-05-12T17:26:05,22,18,0,40
2024-05-12T17:42:15,22,18,0,40
2024-05-12T17:58:26,22,18,0,40
2024-05-12T18:14:46,22,18,0,40
2024-05-12T18:30:57,22,18,0,40
2024-05-12T18:47:07,22,18,0,40
2024-05-12T19:03:19,22,18,0,40
2024-05-12T19:19:32,22,18,0,40
2024-05-12T19:35:45,22,18,0,40
2024-05-12T19:51:56,22,18,0,40
2024-05-12T20:08:08,22,18,0,40
2024-05-12T20:24:17,22,18,0,40
2024-05-12T20:40:29,22,18,0,40
2024-05-12T20:56:39,22,18,0,40
2024-05-12T21:12:50,22,18,0,40
2024-05-12T21:29:04,22,18,0,40
2024-05-12T21:45:33,22,18,0,40
2024-05-12T22:01:44,22,18,0,40
2024-05-12T22:17:53,22,18,0,40
2024-05-12T22:34:02,22,18,0,40
2024-05-12T22:50:12,22,18,0,40
2024-05-12T23:06:21,22,18,0,40
2024-05-12T23:22:32,22,18,0,40
2024-05-12T23:38:43,22,18,0,40
2024-05-12T23:54:53,22,18,0,40
2024-05-13T00:11:06,22,18,0,40
2024-05-13T00:27:24,22,18,0,40
2024-05-13T00:43:45,22,18,0,40
2024-05-13T01:00:12,22,18,0,40
2024-05-13T01:16:23,22,18,0,40
2024-05-13T01:33:13,22,18,0,40
2024-05-13T01:49:27,22,18,0,40
2024-05-13T02:05:40,22,18,0,40
2024-05-13T02:21:51,22,18,0,40
2024-05-13T02:38:03,22,18,0,40
2024-05-13T02:54:13,22,18,0,40
2024-05-13T03:10:24,22,18,0,40
2024-05-13T03:26:37,22,18,0,40
2024-05-13T03:42:48,22,18,0,40
2024-05-13T03:59:00,22,18,0,40
2024-05-13T04:15:13,22,18,0,40
2024-05-13T04:39:48,22,18,0,40
2024-05-13T04:57:42,22,18,0,40
2024-05-13T05:14:02,22,18,0,40
2024-05-13T05:30:18,22,18,0,40
2024-05-13T05:46:32,22,18,0,40
2024-05-13T06:02:46,22,18,0,40
2024-05-13T06:19:00,22,18,0,40
2024-05-13T06:35:12,22,18,0,40
2024-05-13T06:51:25,22,18,0,40
2024-05-13T07:07:39,22,18,0,40
2024-05-13T07:23:51,22,18,0,40
2024-05-13T07:40:03,22,18,0,40
2024-05-13T07:56:18,22,18,0,40
2024-05-13T08:12:34,22,18,0,40
2024-05-13T08:28:46,22,18,0,40
2024-05-13T08:44:58,22,18,0,40
2024-05-13T09:01:10,22,18,0,40
2024-05-13T09:17:25,22,18,0,40
2024-05-13T09:33:51,22,18,0,40
2024-05-13T09:50:02,22,18,0,40
2024-05-13T10:06:14,22,18,0,40
2024-05-13T10:22:26,22,18,0,40
2024-05-13T10:38:38,22,18,0,40
2024-05-13T10:54:49,22,18,0,40
2024-05-13T11:11:01,22,18,0,40
2024-05-13T11:27:12,22,18,0,40
2024-05-13T11:43:23,22,18,0,40
2024-05-13T13:12:24,22,18,0,40
2024-05-13T13:28:35,22,18,0,40
2024-05-13T13:44:46,22,18,0,40
2024-05-13T14:06:51,22,18,0,40
2024-05-13T14:28:49,22,18,0,40
2024-05-13T14:50:23,22,18,0,40
2024-05-13T15:11:48,22,18,0,40
2024-05-13T15:28:08,22,18,0,40
2024-05-13T15:44:34,22,18,0,40
2024-05-13T16:00:45,22,18,0,40
2024-05-13T16:16:56,22,18,0,40
2024-05-13T16:33:08,22,18,0,40
2024-05-13T16:49:19,22,18,0,40
2024-05-13T17:05:30,22,18,0,40
2024-05-13T17:21:44,22,18,0,40
2024-05-13T17:37:56,22,18,0,40
2024-05-13T17:54:07,22,18,0,40
2024-05-13T18:10:29,22,18,0,40
2024-05-13T18:26:41,22,18,0,40
2024-05-13T18:42:52,22,18,0,40
2024-05-13T18:59:03,22,18,0,40
2024-05-13T19:15:15,22,18,0,40
2024-05-13T19:31:28,22,18,0,40
2024-05-13T19:47:39,22,18,0,40
2024-05-13T20:04:01,22,18,0,40
2024-05-13T20:20:13,22,18,0,40
2024-05-13T20:36:24,22,18,0,40
2024-05-13T20:52:36,22,18,0,40
2024-05-13T21:08:49,22,18,0,40
2024-05-13T21:25:02,22,18,0,40
2024-05-13T21:41:15,22,18,0,40
2024-05-13T21:57:27,22,18,0,40
2024-05-13T22:13:39,22,18,0,40
2024-05-13T22:30:01,22,18,0,40
2024-05-13T22:46:13,22,18,0,40
2024-05-13T23:02:24,22,18,0,40
2024-05-13T23:18:37,22,18,0,40
2024-05-13T23:34:50,22,18,0,40
2024-05-13T23:51:02,22,18,0,40
2024-05-14T00:07:15,22,18,0,40
2024-05-14T00:23:34,22,18,0,40
2024-05-14T00:40:00,22,18,0,40
2024-05-14T00:56:16,22,18,0,40
2024-05-14T01:12:29,22,18,0,40
2024-05-14T01:28:42,22,18,0,40
2024-05-14T01:44:55,22,18,0,40
2024-05-14T02:01:08,22,18,0,40
2024-05-14T02:17:29,22,18,0,40
2024-05-14T02:33:42,22,18,0,40
2024-05-14T02:49:53,22,18,0,40
2024-05-14T03:06:06,22,18,0,40
2024-05-14T03:22:20,22,18,0,40
2024-05-14T03:38:34,22,18,0,40
2024-05-14T03:54:46,22,18,0,40
2024-05-14T04:32:35,22,18,0,40
2024-05-14T04:48:53,22,18,0,40
2024-05-14T05:05:13,22,18,0,40
2024-05-14T05:21:30,22,18,0,40
2024-05-14T05:37:48,22,18,0,40
2024-05-14T05:54:07,22,18,0,40
2024-05-14T06:10:24,22,18,0,40
2024-05-14T06:27:06,22,18,0,40
2024-05-14T06:43:23,22,18,0,40
2024-05-14T06:59:39,22,18,0,40
2024-05-14T07:15:58,22,18,0,40
2024-05-14T07:32:15,22,18,0,40
2024-05-14T07:48:30,22,18,0,40
2024-05-14T08:04:46,22,18,0,40
2024-05-14T08:21:02,22,18,0,40
2024-05-14T08:37:15,22,18,0,40
2024-05-14T08:53:27,22,18,0,40
2024-05-14T09:09:51,22,18,0,40
2024-05-14T09:26:05,22,18,0,40
2024-05-14T09:42:19,22,18,0,40
2024-05-14T09:58:32,22,18,0,40
2024-05-14T10:14:45,22,18,0,40
2024-05-14T10:30:57,22,18,0,40
2024-05-14T10:47:11,22,18,0,40
2024-05-14T11:03:24,22,18,0,40
2024-05-14T11:19:36,22,18,0,40
2024-05-14T11:35:49,22,18,0,40
2024-05-14T11:52:13,22,18,0,40
2024-05-14T12:08:26,22,18,0,40
2024-05-14T12:24:40,22,18,0,40
2024-05-14T12:40:53,22,18,0,40
2024-05-14T12:57:05,22,18,0,40
2024-05-14T13:13:17,22,18,0,40
2024-05-14T13:29:41,22,18,0,40
2024-05-14T13:45:53,22,18,0,40
2024-05-14T14:02:05,22,18,0,40
2024-05-14T14:18:20,22,18,0,40
2024-05-14T14:34:33,22,18,0,40
2024-05-14T14:50:46,22,18,0,40
2024-05-14T15:06:58,22,18,0,40
2024-05-14T15:23:22,22,18,0,40
2024-05-14T15:39:35,22,18,0,40
2024-05-14T15:55:53,22,18,0,40
2024-05-14T16:12:05,22,18,0,40
2024-05-14T16:28:17,22,18,0,40
2024-05-14T16:44:30,22,18,0,40
2024-05-14T17:00:46,22,18,0,40
2024-05-14T17:16:59,22,18,0,40
2024-05-14T17:33:11,22,18,0,40
2024-05-14T17:49:34,22,18,0,40
2024-05-14T18:05:47,22,18,0,40
2024-05-14T18:22:00,22,18,0,40
2024-05-14T18:38:15,22,18,0,40
2024-05-14T18:54:28,22,18,0,40
2024-05-14T19:10:40,22,18,0,40
2024-05-14T19:26:51,22,18,0,40
2024-05-14T19:43:03,22,18,0,40
2024-05-14T19:59:16,22,18,0,40
2024-05-14T20:15:31,22,18,0,40
2024-05-14T20:31:43,22,18,0,40
2024-05-14T20:48:06,22,18,0,40
2024-05-14T21:04:18,22,18,0,40
2024-05-14T21:20:33,22,18,0,40
2024-05-14T21:36:46,22,18,0,40
2024-05-14T21:52:58,22,18,0,40
2024-05-14T22:09:14,22,18,0,40
2024-05-14T22:26:01,22,18,0,40
2024-05-14T22:42:13,22,18,0,40
2024-05-14T22:58:26,22,18,0,40
2024-05-14T23:14:40,22,18,0,40
2024-05-14T23:31:03,22,18,0,40
2024-05-14T23:47:17,22,18,0,40
2024-05-15T00:03:33,22,18,0,40
2024-05-15T00:19:55,22,18,0,40
2024-05-15T00:36:13,22,18,0,40
2024-05-15T00:52:34,22,18,0,40
2024-05-15T01:08:54,22,18,0,40
2024-05-15T01:25:13,22,18,0,40
2024-05-15T01:41:32,22,18,0,40
2024-05-15T01:57:49,22,18,0,40
2024-05-15T02:14:04,22,18,0,40
2024-05-15T02:30:20,22,18,0,40
2024-05-15T02:46:36,22,18,0,40
2024-05-15T03:02:51,22,18,0,40
2024-05-15T03:19:13,22,18,0,40
2024-05-15T03:35:51,22,18,0,40
2024-05-15T03:52:09,22,18,0,40
2024-05-15T04:08:27,22,18,0,40
2024-05-15T04:41:51,22,18,0,40
2024-05-15T04:58:25,22,18,0,40
2024-05-15T05:14:46,22,18,0,40
2024-05-15T05:31:04,22,18,0,40
2024-05-15T05:47:21,22,18,0,40
2024-05-15T06:03:36,22,18,0,40
2024-05-15T06:19:55,22,18,0,40
2024-05-15T06:36:07,22,18,0,40
2024-05-15T06:52:21,22,18,0,40
2024-05-15T07:08:37,22,18,0,40
2024-05-15T07:24:51,22,18,0,40
2024-05-15T07:41:05,22,18,0,40
2024-05-15T07:57:16,22,18,0,40
2024-05-15T08:13:25,22,18,0,40
2024-05-15T08:29:35,22,18,0,40
2024-05-15T08:45:44,22,18,0,40
2024-05-15T09:01:53,22,18,0,40
2024-05-15T09:18:02,22,18,0,40
2024-05-15T09:34:24,22,18,0,40
2024-05-15T09:50:33,22,18,0,40
2024-05-15T10:06:41,22,18,0,40
2024-05-15T10:22:53,22,18,0,40
2024-05-15T10:39:05,22,18,0,40
2024-05-15T10:55:17,22,18,0,40
2024-05-15T11:11:29,22,18,0,40
2024-05-15T11:27:42,22,18,0,40
2024-05-15T11:43:55,22,18,0,40
2024-05-15T12:00:19,22,18,0,40
2024-05-15T12:16:32,22,18,0,40
2024-05-15T12:32:51,22,18,0,40
2024-05-15T12:49:02,22,18,0,40
2024-05-15T13:05:14,22,18,0,40
2024-05-15T13:21:26,22,18,0,40
2024-05-15T13:37:42,22,18,0,40
2024-05-15T13:54:05,22,18,0,40
2024-05-15T14:10:18,22,18,0,40
2024-05-15T14:26:32,22,18,0,40
2024-05-15T14:42:43,22,18,0,40
2024-05-15T14:58:55,22,18,0,40
2024-05-15T15:15:09,22,18,0,40
2024-05-15T15:31:20,22,18,0,40
2024-05-15T15:47:42,22,18,0,40
2024-05-15T16:03:55,22,18,0,40
2024-05-15T16:20:07,22,18,0,40
2024-05-15T16:36:20,22,18,0,40
2024-05-15T16:52:33,22,18,0,40
